30 42
3 18
24 44
10 35
6 26
9 36
26 27
0 10
0 7
2 30
8 43
0 26
12 19
30 43
1 24
0 20
3 24
15 43
36 43
25 32
9 44
8 16
11 21
12 17
10 12
26 30
6 44
19 42
8 9
12 21
8 23
11 29
12 15
21 36
4 17
11 36
21 27
2 21
2 8
7 25
10 13
11 35
0 19
36 39
19 29
8 12
19 20
6 36
26 32
6 7
2 4
10 15
6 42
13 27
27 29
10 24
2 11
21 24
11 44
7 36
8 20
7 30
15 19
7 27
12 42
7 44
7 42
9 20
7 10
7 9
7 43
7 12
7 11
7 19
7 20
9 26
7 15
7 16
7 21
6 9
7 26
7 34
0 21
7 24
16 26
0 42
7 17
13 30
0 30
12 27
17 20
17 34
4 7
9 10
6 10
17 30
17 36
9 21
9 16
15 29
16 44
18 42
12 37
0 5
10 36
10 30
0 17
6 29
10 44
10 42
4 6
19 27
10 26
27 44
15 36
6 20
10 16
10 21
19 21
20 44
18 24
1 30
4 34
8 19
2 13
7 13
2 10
6 19
11 42
9 29
9 27
29 30
4 18
1 13
9 15
31 40
13 21
0 2
30 36
6 17
15 42
13 20
20 36
10 27
26 34
12 36
19 26
15 27
24 43
0 12
3 44
16 30
11 27
0 16
16 42
16 17
16 20
9 19
16 21
10 34
25 38
19 36
6 25
35 42
30 44
0 4
12 20
27 42
3 16
8 10
16 34
26 44
16 36
0 13
12 44
26 42
9 12
13 29
0 36
7 29
15 44
9 42
18 43
21 42
4 30
3 30
4 44
10 17
0 18
10 38
0 34
16 18
13 16
36 42
16 29
17 27
27 36
34 44
21 44
15 25
15 16
4 16
2 7
15 21
3 20
16 19
25 44
10 20
6 11
9 34
21 26
10 43
2 15
8 21
10 11
2 26
