9 36
12 44
27 36
20 21
8 21
4 7
11 16
0 10
0 7
9 21
15 20
36 44
10 26
17 27
25 27
0 20
17 42
13 43
18 44
13 26
19 42
42 44
17 36
21 42
13 18
4 24
13 16
8 12
3 43
26 31
12 36
34 44
9 34
4 8
6 9
16 25
19 27
3 11
9 30
10 19
6 40
8 26
16 29
13 44
19 30
35 36
3 19
26 44
4 9
6 7
17 21
4 36
16 24
0 42
2 20
10 24
30 34
19 21
7 8
7 36
17 26
7 30
12 21
7 27
2 10
7 44
7 42
2 12
7 10
7 9
9 20
7 12
7 11
7 19
7 20
21 29
7 15
7 16
7 21
0 13
7 26
9 26
3 15
2 38
15 18
2 32
7 17
27 44
15 21
10 15
16 42
8 16
24 42
9 10
6 10
30 36
26 30
15 36
15 43
27 39
16 44
15 30
0 36
36 43
10 36
10 30
18 42
19 20
10 44
10 42
8 13
11 18
0 29
0 2
4 43
0 44
10 16
10 21
11 21
38 44
0 19
17 44
30 43
10 34
9 24
7 13
26 42
19 34
4 32
10 12
16 27
20 42
30 37
0 21
0 30
6 11
12 15
0 26
0 27
13 21
21 27
16 19
6 27
4 10
23 29
2 21
6 42
29 42
17 30
19 44
18 35
16 30
4 34
0 16
1 5
16 17
3 26
11 30
16 21
1 34
11 24
15 42
11 36
0 17
25 29
12 19
19 36
20 29
6 21
7 24
16 20
7 25
16 36
20 36
9 13
24 26
10 35
12 27
12 16
20 44
25 43
9 44
2 16
8 20
12 42
30 44
7 29
10 17
6 12
9 19
6 16
25 34
12 30
0 8
6 26
9 15
10 11
9 27
2 6
6 15
36 42
12 34
2 7
11 26
8 10
3 9
13 27
10 20
15 29
4 18
0 15
10 43
6 17
2 27
10 29
1 7
