18 26
2 6
30 42
6 18
15 36
7 26
8 35
0 10
0 7
4 29
1 11
6 15
12 34
7 8
34 36
2 44
20 36
6 29
0 12
11 20
15 16
19 27
12 44
8 20
7 19
17 34
3 7
0 17
12 24
6 30
2 16
21 24
0 36
0 21
36 42
6 16
0 16
11 29
8 19
39 42
15 21
10 19
20 44
16 26
27 42
20 42
9 29
18 36
16 19
7 13
16 30
4 10
7 29
16 18
35 44
12 21
19 42
15 40
30 44
7 36
4 11
7 30
7 25
11 32
2 10
7 44
7 42
26 42
7 10
7 9
21 44
7 43
19 44
15 44
9 21
3 38
21 36
7 16
7 21
4 42
0 19
3 43
25 26
6 10
13 19
2 17
13 21
7 20
7 17
19 30
10 30
10 27
8 9
34 43
10 42
13 44
9 15
26 30
10 26
27 36
13 29
15 27
10 25
16 44
10 36
26 36
11 44
12 42
10 44
0 15
7 27
42 44
15 29
5 12
8 10
6 11
10 16
10 21
8 30
0 9
10 13
23 24
0 13
3 6
21 42
30 34
36 44
9 18
0 29
4 26
32 37
0 24
19 34
10 18
26 43
4 30
16 20
16 21
6 7
10 29
30 36
9 44
17 42
12 15
0 6
7 18
7 15
4 20
11 36
2 15
9 30
12 20
9 16
11 21
9 27
13 17
6 27
9 17
7 12
17 44
6 21
26 44
24 27
38 43
2 27
19 26
10 34
12 16
31 34
16 27
13 20
3 10
16 42
2 7
1 42
12 36
4 21
4 7
4 16
15 20
10 35
17 43
25 30
0 42
13 25
8 17
0 20
3 36
17 19
21 26
11 16
0 11
19 36
2 24
8 21
1 30
10 12
27 43
15 19
9 26
17 27
13 26
9 10
9 24
16 36
27 29
8 16
10 20
2 21
9 34
2 12
6 9
25 43
20 24
12 30
0 27
