26 30
12 17
6 36
2 30
9 19
7 26
30 36
0 10
0 7
0 34
7 20
30 42
16 27
5 37
8 42
6 7
4 17
10 11
30 34
23 24
15 42
0 17
0 19
8 17
7 19
20 21
10 43
7 11
0 6
19 26
12 16
11 24
25 27
12 27
2 26
9 13
0 16
8 15
13 25
15 19
17 19
34 44
19 44
16 19
7 13
21 42
3 18
42 44
3 9
7 29
2 29
12 20
9 30
2 9
21 36
4 16
6 20
0 15
19 43
7 36
20 26
7 30
11 42
6 18
11 27
7 44
7 42
4 9
7 10
7 9
20 42
21 26
2 21
12 35
0 24
13 36
9 34
7 16
7 21
0 13
27 38
3 36
11 17
6 10
0 36
2 6
10 27
19 20
9 42
36 42
26 36
26 38
7 17
31 43
10 42
17 42
6 25
17 32
21 29
16 17
3 15
18 25
13 44
16 44
10 36
21 44
0 9
6 8
10 44
12 44
7 27
10 30
21 43
6 30
15 24
29 44
10 16
10 21
19 27
8 10
15 18
13 27
0 27
9 36
10 17
21 27
10 26
16 24
4 7
6 26
7 18
12 42
0 30
12 29
8 26
21 39
19 24
16 21
4 8
30 40
9 44
4 10
2 27
6 17
11 44
9 26
7 15
10 15
1 16
18 34
3 10
11 21
9 16
7 24
10 24
19 36
2 12
16 26
7 12
15 26
10 29
2 16
10 12
15 44
11 36
0 35
19 29
8 21
0 25
10 19
3 13
4 44
16 42
4 11
9 12
11 16
27 44
12 15
21 30
16 30
10 34
20 27
0 42
20 36
13 20
18 42
29 30
20 44
35 44
8 32
26 43
13 43
6 21
4 34
7 25
27 42
7 8
1 12
6 9
2 34
13 29
16 20
9 10
30 43
16 36
15 36
15 16
10 20
15 30
1 4
36 43
0 44
29 36
2 7
12 21
20 34
