0 27
0 30
19 21
21 26
25 44
7 26
0 42
0 10
0 7
15 24
7 20
11 44
16 27
13 30
0 8
6 7
21 38
6 40
4 42
13 26
9 19
17 19
4 38
0 26
7 19
19 36
10 43
8 32
0 44
0 21
12 16
0 25
6 9
24 26
11 18
17 35
16 20
26 42
8 44
3 13
35 36
8 21
12 30
16 19
2 17
15 17
1 20
18 34
0 36
7 29
12 19
30 32
6 24
3 4
8 13
15 34
21 34
6 19
36 44
7 36
13 29
7 30
13 27
24 36
19 44
7 44
7 42
27 36
7 10
7 9
13 36
20 27
30 44
24 31
21 30
7 43
12 29
7 16
7 21
21 42
3 10
36 43
9 11
6 10
11 16
4 16
10 27
12 21
13 17
36 42
8 15
12 42
7 17
29 43
10 42
9 27
21 25
10 11
4 30
16 17
15 25
6 12
19 43
11 21
10 36
21 29
10 34
7 11
10 44
4 20
7 27
10 30
19 26
0 16
6 17
6 15
10 16
10 21
7 24
8 10
16 36
9 12
21 44
6 16
10 17
9 44
10 26
9 30
4 7
0 12
20 44
29 42
20 43
16 25
27 44
27 30
2 42
6 30
26 27
2 37
15 36
4 10
2 18
2 20
7 18
11 15
7 15
10 15
26 30
12 36
0 9
2 19
9 16
2 16
10 24
4 18
2 8
16 26
7 12
0 6
10 29
18 39
10 12
12 34
9 15
2 11
3 17
2 7
12 44
10 19
21 36
15 30
16 42
12 27
9 34
17 36
13 20
16 43
17 26
16 30
7 13
24 35
21 27
20 34
23 26
9 26
1 16
0 20
34 43
6 27
2 36
3 20
42 44
1 15
6 44
20 42
7 8
5 9
19 34
29 44
30 42
9 25
9 10
26 36
9 42
15 42
15 16
10 20
0 19
13 21
3 11
8 18
27 29
11 42
4 44
0 29
