20 24
0 15
12 30
9 44
19 21
7 26
6 17
0 10
0 7
20 30
7 20
2 34
1 4
39 43
21 36
6 7
8 42
15 26
4 26
6 26
0 6
6 27
16 26
9 13
7 19
30 42
15 27
9 42
0 26
8 10
17 25
32 43
18 27
4 21
26 30
15 29
2 36
6 12
0 12
4 7
6 18
17 18
2 16
4 29
21 29
30 34
7 29
11 36
7 11
0 2
12 44
15 44
36 42
6 9
0 24
0 19
17 43
0 16
19 20
7 36
16 35
7 30
11 16
8 19
0 13
7 44
7 42
9 17
7 10
7 9
16 27
13 15
10 34
43 44
10 12
8 12
6 44
7 16
7 21
19 36
4 10
7 8
12 16
6 10
18 26
16 34
11 44
25 36
4 32
34 42
12 36
10 27
7 17
8 20
10 42
17 34
16 44
27 44
3 10
6 16
12 27
20 27
13 44
24 37
10 36
11 21
17 21
7 34
10 44
36 44
7 27
16 43
26 42
25 26
24 30
7 43
10 16
10 21
0 3
16 29
8 9
9 38
21 24
20 29
10 17
1 42
15 16
5 19
8 13
9 19
7 13
26 35
6 13
20 44
2 44
2 10
17 30
8 25
10 15
9 27
12 29
12 20
0 11
9 15
12 42
10 30
7 15
1 21
2 40
11 15
2 18
18 44
9 16
15 36
17 36
30 44
24 25
26 44
7 12
6 21
13 27
3 12
10 26
3 13
10 43
19 29
16 36
3 27
9 34
30 43
0 36
19 27
16 42
6 30
12 21
4 11
19 42
26 36
30 36
16 30
0 42
2 20
9 36
3 35
0 18
9 26
0 27
7 24
0 21
2 17
16 21
38 42
7 23
8 30
16 20
21 42
4 15
10 11
13 34
27 36
15 21
24 29
9 10
10 13
11 19
20 21
15 19
10 20
10 19
11 42
4 19
29 31
21 44
20 25
2 42
9 30
