21 27
21 44
11 29
2 42
11 30
19 25
16 42
0 10
42 43
7 30
0 18
29 30
3 20
12 26
6 9
7 36
2 16
2 34
9 19
19 34
2 15
0 9
21 29
12 16
7 20
19 36
3 35
15 21
9 42
15 16
9 15
34 44
1 25
7 42
20 26
10 18
9 12
10 34
8 42
0 2
26 30
6 24
20 27
7 26
0 27
27 44
21 26
20 31
20 38
2 6
12 15
7 21
17 35
10 43
16 27
2 7
42 44
20 36
0 7
3 26
8 25
2 9
20 44
13 18
6 30
27 34
9 36
8 11
7 10
3 4
4 21
0 16
36 42
18 24
10 12
12 34
7 15
7 16
16 26
10 17
0 19
15 27
0 12
6 10
8 26
19 44
20 35
0 42
2 36
6 42
12 37
10 27
2 32
15 42
10 42
7 12
7 11
11 36
5 43
15 36
17 24
6 26
7 17
0 8
10 36
4 26
4 42
27 36
10 44
24 30
16 21
27 29
17 26
7 19
6 21
0 6
10 16
10 21
11 21
3 7
8 20
7 44
1 13
11 17
19 20
0 44
12 21
6 15
26 34
7 18
15 25
13 17
4 10
12 24
6 16
0 21
21 30
4 19
10 15
7 13
9 17
9 11
16 29
36 44
7 43
10 30
9 27
6 7
9 21
1 10
2 44
30 42
17 30
4 24
27 30
4 6
8 15
8 17
10 11
12 30
16 44
4 36
10 26
40 43
13 15
30 36
9 16
7 8
0 11
8 16
19 26
16 34
15 44
12 27
6 36
19 27
13 43
16 19
3 30
9 44
16 20
7 9
17 29
13 36
4 29
23 24
26 27
0 36
10 13
16 36
13 16
32 44
21 34
39 42
17 21
29 44
10 29
16 43
19 43
0 30
11 42
13 20
9 10
7 25
12 25
0 38
30 44
10 20
10 19
7 24
13 19
9 18
12 44
7 29
18 36
21 42
