7 8
27 30
1 34
15 32
6 19
11 20
12 21
0 15
19 36
7 30
9 36
18 37
15 21
15 20
5 17
7 36
27 36
10 29
19 29
11 19
2 29
16 20
10 15
6 36
7 20
2 16
12 19
8 21
19 42
30 42
6 43
13 16
12 16
7 42
0 26
26 44
7 13
4 7
30 44
16 42
11 13
0 29
2 23
15 27
10 12
0 21
2 25
16 30
21 30
9 42
9 25
7 21
20 44
36 42
6 20
9 16
7 17
8 12
0 7
7 12
13 44
19 27
3 31
4 44
12 20
10 43
19 30
19 38
7 10
15 42
9 20
0 16
12 36
30 36
12 44
27 29
12 43
7 16
0 2
9 26
36 43
21 42
8 17
6 10
4 13
18 30
1 10
7 34
9 15
9 24
8 10
16 17
9 19
0 12
10 42
0 27
3 42
7 24
7 11
7 15
0 6
13 36
10 17
25 42
20 34
4 27
19 25
2 7
10 36
6 21
16 21
18 20
6 15
34 36
4 36
16 26
10 16
16 24
3 6
11 30
21 26
7 44
7 26
7 27
0 19
11 42
10 34
9 44
0 18
0 25
7 19
9 43
13 30
17 39
15 16
8 9
8 44
20 21
12 26
10 24
36 44
26 35
43 44
10 21
20 30
20 26
10 26
6 7
16 18
17 26
16 29
3 4
0 30
8 24
21 34
11 36
3 15
17 21
7 29
27 44
16 44
15 17
12 30
3 11
0 36
24 43
10 18
21 27
10 13
13 19
19 34
17 24
21 24
6 16
9 11
17 27
26 29
27 40
12 13
8 15
17 32
7 9
6 44
2 44
10 11
0 42
6 26
2 6
16 35
16 36
8 35
2 42
25 29
11 29
0 34
4 10
2 4
0 10
42 44
7 43
10 27
13 18
9 10
4 30
21 44
12 42
1 38
10 20
9 30
4 42
10 44
15 36
26 27
26 34
2 27
9 21
