12 30
30 36
9 21
17 36
15 44
9 29
16 24
0 10
0 7
0 18
6 20
24 35
9 10
36 44
16 20
10 43
29 30
8 36
15 21
15 16
0 2
9 16
15 24
20 42
0 19
19 27
30 43
10 38
11 43
7 35
2 7
20 29
10 15
21 26
2 9
8 21
18 32
12 13
2 44
10 27
18 24
7 11
0 24
7 18
17 42
24 36
30 42
12 15
39 42
6 7
15 20
6 19
11 44
20 36
12 16
4 42
29 44
13 27
17 34
7 36
11 16
7 30
7 29
7 27
16 26
7 44
7 42
10 11
7 10
7 9
2 27
7 12
13 26
7 19
7 20
19 25
7 15
7 16
7 21
9 42
7 26
4 20
8 10
10 19
20 34
4 11
7 17
3 29
16 29
10 42
9 36
3 37
15 17
6 10
6 30
10 26
0 6
11 13
10 34
2 10
16 44
34 36
27 42
21 24
10 36
10 30
0 15
0 20
10 44
12 19
0 44
7 13
0 21
13 30
0 9
35 43
10 16
10 21
19 21
9 11
4 29
0 42
1 27
7 34
12 36
27 44
16 30
21 43
9 18
11 42
3 36
9 26
3 8
12 27
2 6
26 32
19 26
4 25
17 27
6 17
4 10
2 15
18 38
9 19
21 36
27 30
8 43
6 15
0 36
6 26
4 30
16 17
36 42
0 16
19 20
8 12
8 17
25 26
16 21
15 27
20 26
2 21
26 27
30 44
12 42
8 9
0 31
21 42
3 34
0 12
34 44
4 6
16 36
42 44
9 30
5 19
26 42
16 19
10 25
6 44
34 42
13 21
26 30
4 27
13 36
19 34
9 15
12 29
1 24
10 13
16 18
4 8
15 30
8 19
3 21
6 36
11 25
17 29
16 43
0 27
7 43
2 20
10 12
7 23
21 44
9 44
11 17
10 20
12 26
17 21
13 16
1 40
6 25
13 44
2 16
12 44
