30 43
9 26
11 36
3 12
20 21
35 43
8 20
21 30
24 30
7 30
19 34
17 20
0 30
25 35
9 29
7 36
0 42
1 13
10 30
7 29
4 27
17 42
7 24
9 19
7 20
0 2
2 17
2 18
13 42
8 26
8 10
19 44
7 11
7 42
34 36
2 44
10 13
16 27
4 18
16 42
4 21
19 36
2 42
5 38
13 36
19 25
9 15
16 30
4 42
19 42
25 36
7 21
6 9
18 27
9 13
9 16
7 17
2 19
0 7
7 12
15 39
11 30
0 6
10 15
26 37
36 43
23 30
2 13
7 10
20 30
16 20
17 27
11 16
13 30
2 10
0 21
8 16
7 16
21 44
15 44
42 44
26 36
24 34
6 10
12 31
36 44
12 21
8 44
20 25
19 20
6 24
21 36
4 44
0 12
7 34
3 10
20 27
4 15
2 7
7 15
0 27
11 24
9 27
6 20
9 44
6 11
26 43
4 25
10 36
13 29
12 29
11 21
15 21
6 44
16 21
3 29
10 16
12 16
21 27
10 18
27 36
7 44
7 26
7 27
40 44
16 32
0 9
27 34
12 36
0 15
7 19
24 27
0 24
0 19
8 15
10 29
20 36
9 21
10 12
6 15
26 34
3 25
8 43
10 21
16 29
6 43
16 44
6 7
7 8
32 42
3 15
10 17
11 18
29 42
19 24
10 26
0 36
30 42
10 42
4 43
0 16
27 44
2 38
0 4
17 26
9 42
1 10
0 11
12 26
11 12
17 29
10 19
9 12
9 10
17 36
19 30
9 17
21 35
30 44
21 34
2 6
7 9
12 42
0 8
21 26
6 30
21 43
26 44
16 19
16 36
6 16
10 27
16 17
20 26
12 20
15 42
19 26
0 10
16 18
15 16
15 29
6 34
36 42
12 44
3 7
13 26
4 9
10 20
7 18
13 27
10 44
7 13
1 34
15 30
8 17
10 11
