15 38
12 13
27 35
10 13
9 21
16 17
0 36
21 36
26 44
7 30
20 21
6 26
13 16
13 20
16 27
7 36
0 44
15 21
10 30
9 11
19 44
3 5
3 21
6 9
7 20
10 25
8 17
11 19
6 12
4 30
0 17
0 6
15 42
7 42
10 24
9 27
19 26
25 44
6 8
0 29
13 30
27 31
6 42
2 27
18 20
10 11
3 12
16 30
7 24
29 32
15 36
7 21
2 7
9 42
23 44
16 34
7 17
18 44
0 7
7 12
8 19
18 43
30 44
10 15
0 26
19 42
0 20
11 15
7 10
29 39
8 21
11 26
0 9
13 44
12 34
7 43
0 30
7 16
21 42
37 44
12 19
16 42
12 27
6 10
24 34
17 44
19 30
26 30
9 24
29 42
9 30
6 21
19 36
27 36
2 9
21 26
16 18
6 15
1 24
7 15
2 43
0 12
17 36
4 27
17 27
16 21
9 26
2 21
10 36
24 36
29 38
17 30
12 15
7 8
9 15
12 36
10 16
2 12
20 26
16 36
10 29
7 44
7 26
7 27
4 25
30 43
36 44
26 36
9 16
20 44
7 19
2 20
16 19
1 34
8 34
8 13
4 6
17 21
10 12
2 4
1 29
0 43
9 19
10 21
26 42
13 21
42 44
6 7
16 26
9 43
8 36
10 17
12 20
19 21
7 29
10 26
3 6
11 20
10 42
4 42
4 7
29 34
27 44
16 24
34 43
0 16
25 36
8 16
19 20
20 30
3 25
10 19
0 3
9 10
11 16
7 34
2 15
11 29
15 16
0 15
9 44
7 9
6 16
26 27
4 21
7 11
15 40
10 18
6 19
17 42
12 35
10 27
0 8
7 13
27 42
10 43
11 34
0 10
25 32
18 42
2 44
4 17
36 42
35 36
24 42
0 13
20 27
10 20
11 30
30 36
10 44
4 10
12 30
13 15
18 21
2 16
