15 42
30 34
16 36
25 42
7 29
16 17
21 36
19 20
16 38
7 30
20 27
6 30
13 16
21 44
24 44
7 36
24 25
16 20
10 30
20 34
29 36
26 44
20 36
13 36
7 20
0 15
0 1
21 24
27 43
20 26
17 42
21 31
4 13
7 42
10 24
19 43
12 44
15 36
0 20
20 35
13 17
25 30
11 42
2 7
2 21
8 9
13 42
16 30
7 24
9 30
9 36
7 21
7 18
26 30
15 24
16 34
7 17
26 42
0 7
7 12
8 19
26 29
0 17
10 15
8 34
3 11
3 29
0 11
7 10
2 44
2 29
12 43
6 36
36 44
9 11
7 43
4 21
7 16
6 11
4 10
16 27
16 42
9 18
6 10
12 26
16 19
9 44
2 42
15 19
19 34
4 19
27 44
12 21
9 17
12 19
21 30
16 18
13 15
30 36
7 15
21 42
0 21
15 16
15 44
19 36
1 25
0 36
2 12
10 36
12 15
30 42
0 43
16 21
7 8
12 42
20 23
10 16
0 3
4 9
9 42
2 20
7 44
7 26
7 27
27 29
6 40
12 27
0 12
9 16
7 13
7 19
16 44
0 44
0 35
1 17
19 21
3 8
4 44
10 12
6 12
19 30
10 25
6 17
10 21
32 39
17 27
20 38
6 7
0 26
12 17
4 25
10 17
2 10
0 2
7 11
10 26
27 42
6 15
10 42
18 29
2 26
8 10
8 24
21 27
17 44
3 21
4 24
12 36
0 16
26 27
42 44
10 19
15 30
9 10
11 16
4 7
34 37
8 43
0 42
9 15
13 20
7 9
6 16
18 26
29 34
29 44
30 44
10 18
4 11
5 36
27 30
10 27
6 21
13 19
11 36
10 43
8 30
0 10
9 29
9 26
11 19
6 18
6 9
9 27
26 36
6 13
34 43
10 20
10 11
3 27
10 44
13 34
21 35
8 32
15 26
2 16
