11 13
10 11
29 36
19 27
7 34
16 17
2 9
9 15
9 44
7 30
4 12
21 34
13 16
7 15
15 16
7 36
8 10
16 20
10 30
6 36
10 34
6 26
11 30
9 20
7 20
0 9
4 44
4 11
0 29
12 13
13 36
9 36
17 29
7 42
10 24
11 12
36 44
0 16
6 42
21 27
3 36
4 7
12 21
2 7
4 26
25 44
10 20
16 30
7 24
0 20
4 25
7 21
7 18
16 19
15 35
6 12
7 17
0 36
0 7
7 12
9 29
9 30
18 34
10 15
6 27
16 27
6 15
15 40
7 10
12 19
34 35
3 42
8 36
15 44
30 36
7 43
21 36
7 16
2 10
17 30
1 3
9 16
12 35
5 12
9 19
19 44
27 43
0 34
8 44
36 42
30 44
0 21
7 8
0 30
21 39
4 9
16 18
20 36
21 26
12 20
2 3
19 36
27 42
12 27
26 27
8 17
10 25
12 43
10 36
1 36
6 29
19 42
24 42
20 43
11 44
1 6
10 16
15 27
6 9
26 36
27 34
7 44
7 26
7 29
11 43
11 20
37 38
17 44
0 44
7 13
15 24
0 4
2 27
18 20
9 21
17 21
42 43
20 42
10 12
20 30
17 19
0 15
32 43
10 21
4 19
19 34
8 26
6 7
27 30
21 30
6 44
10 17
3 30
2 19
7 11
10 26
8 16
13 24
10 42
13 38
16 21
16 25
6 10
0 11
8 42
13 18
21 29
20 32
16 42
16 26
4 6
10 19
10 29
9 10
11 16
2 44
8 15
21 42
2 31
18 24
23 34
7 9
6 16
16 44
12 26
9 42
9 17
0 24
15 30
30 42
7 27
10 27
19 21
13 20
2 29
10 43
8 25
0 10
17 26
0 26
13 42
15 42
27 44
15 26
0 17
26 29
13 30
18 21
25 26
21 44
10 44
0 19
3 12
2 36
19 24
2 16
