3 21
8 32
10 25
15 17
7 34
16 21
2 13
17 38
0 3
7 30
19 44
9 30
13 30
4 29
27 36
19 36
43 44
16 20
10 30
9 25
26 36
12 42
9 15
7 18
32 34
20 36
12 40
8 25
11 19
9 17
30 44
17 26
16 27
7 42
10 24
8 27
20 44
17 27
10 27
21 42
0 2
4 7
13 27
2 7
3 23
15 26
12 20
16 30
7 24
0 43
7 12
21 36
7 21
16 26
4 9
30 38
7 17
25 34
7 36
8 9
21 27
15 36
12 19
12 44
2 21
0 16
12 30
0 27
7 10
34 35
0 20
6 26
6 36
20 26
0 36
7 43
17 30
7 16
15 27
24 30
2 6
9 16
15 19
13 18
16 44
19 30
0 26
3 44
18 26
6 7
42 44
4 17
7 8
12 36
21 44
6 42
24 42
7 20
3 11
16 19
9 44
36 44
0 21
10 11
7 15
2 9
30 42
3 39
10 36
5 34
10 35
20 42
15 20
4 8
15 18
31 44
10 16
27 29
0 4
19 26
9 27
21 35
10 26
7 29
9 36
10 20
4 6
15 25
0 12
7 13
12 16
12 13
10 29
2 8
6 19
34 44
11 36
2 10
1 21
15 16
18 21
10 13
11 16
10 21
7 26
29 42
2 42
1 43
10 15
26 29
13 44
10 17
8 16
4 19
7 11
11 20
6 21
42 43
10 42
7 44
6 12
0 19
10 12
27 30
12 26
0 44
19 21
13 16
16 42
20 30
18 36
29 36
18 20
9 10
16 29
11 42
0 15
9 12
9 21
24 25
6 10
7 9
6 16
2 4
8 10
4 43
9 11
7 27
0 6
13 26
6 13
26 42
17 19
15 34
17 42
10 43
21 30
0 10
34 36
16 36
15 29
29 37
0 30
6 27
21 43
16 24
0 24
7 19
2 11
8 44
10 44
9 42
19 20
27 34
17 24
1 11
