16 26
4 42
15 21
10 29
17 36
7 29
16 18
0 10
0 7
2 20
15 18
19 34
9 19
4 34
19 21
7 43
10 26
0 21
0 2
21 27
27 42
11 19
6 44
20 30
29 34
36 42
2 35
6 26
12 13
10 35
7 18
16 42
4 21
15 30
34 42
18 35
20 27
13 44
9 15
6 21
11 13
19 26
11 36
0 16
0 15
9 36
3 29
2 13
12 34
6 7
16 30
4 36
12 42
20 21
8 26
17 30
11 43
0 26
16 43
7 36
10 15
7 30
15 42
7 27
2 36
7 44
7 42
6 32
7 10
7 9
12 19
7 12
6 36
7 19
7 20
25 44
7 15
7 16
7 21
24 42
7 26
3 17
2 10
8 16
12 17
27 36
5 26
6 16
3 20
10 11
11 27
9 21
4 26
6 10
10 42
15 16
0 18
2 11
10 17
6 30
7 13
32 44
13 30
9 27
10 36
10 30
42 44
9 23
10 44
12 38
8 30
7 17
3 26
4 19
4 13
0 17
10 16
10 21
3 42
15 36
30 36
9 44
8 10
7 34
10 43
26 36
8 17
2 21
24 30
10 12
0 36
24 44
9 17
16 19
10 25
10 13
2 15
43 44
17 25
1 21
1 40
16 24
0 20
11 34
10 34
9 13
11 15
4 7
2 44
0 30
0 27
0 8
11 24
6 9
39 43
29 30
9 26
27 44
16 21
30 34
0 6
26 44
12 44
1 24
18 38
16 20
7 25
12 29
8 19
12 21
19 30
12 26
16 36
21 42
19 43
2 7
21 29
0 42
6 27
13 27
17 42
20 44
4 16
19 36
18 24
11 21
0 9
20 26
0 44
9 12
15 27
16 44
27 30
16 27
9 16
25 37
15 29
4 12
10 27
16 17
7 24
12 36
9 10
19 42
8 20
3 13
20 43
10 20
8 21
15 20
6 31
19 44
29 36
8 42
6 29
9 25
