19 30
6 17
17 43
3 38
6 42
16 19
0 12
0 10
0 7
6 18
20 30
0 8
19 29
10 25
16 36
30 43
12 13
8 10
1 3
15 36
3 44
26 27
1 13
24 34
12 16
4 36
19 34
13 27
16 29
20 42
7 43
16 42
9 44
8 34
19 44
12 30
19 20
2 7
17 35
8 13
19 21
0 4
9 36
12 19
0 21
15 20
34 36
10 12
2 19
6 7
16 30
9 26
8 16
15 25
18 35
2 3
10 26
15 42
9 27
7 36
9 30
7 30
29 44
7 27
10 13
7 44
7 42
18 36
7 10
7 9
4 6
7 12
7 24
7 19
7 20
42 44
7 15
7 16
7 21
5 43
7 26
17 37
8 30
16 38
9 12
20 32
4 8
6 16
29 36
17 27
10 30
7 13
16 34
6 10
10 42
2 36
11 29
9 42
10 17
27 43
24 26
39 42
27 29
4 9
10 36
23 44
2 42
0 30
10 44
0 19
25 36
7 17
7 8
17 21
0 2
4 7
10 16
10 21
12 35
21 43
0 6
18 25
15 44
7 34
27 34
4 20
4 30
13 44
0 42
6 44
21 24
24 36
20 36
10 27
26 44
10 18
0 36
25 29
0 15
11 15
29 42
10 29
6 21
15 30
4 44
36 44
11 36
34 42
9 17
9 13
12 15
20 26
3 21
11 40
10 24
15 26
13 19
4 10
11 16
0 9
19 36
12 27
12 21
1 6
2 10
16 20
11 26
2 11
10 34
6 29
20 44
0 43
10 15
16 44
18 32
13 36
19 42
30 42
12 42
3 43
2 27
18 21
24 27
11 30
6 20
20 21
16 26
6 15
19 26
21 30
9 21
2 12
0 27
9 11
9 16
21 27
7 11
8 31
12 26
16 17
7 25
17 30
9 10
11 21
16 21
15 17
0 26
10 20
0 44
21 44
16 27
8 26
2 26
13 42
9 15
16 24
