21 25
4 16
16 25
19 24
9 26
24 36
11 19
0 10
0 7
4 42
12 18
29 31
9 29
19 44
9 15
7 23
0 30
8 10
20 26
36 42
15 16
10 19
2 6
11 27
17 20
26 42
9 27
3 13
17 29
0 20
17 42
6 15
35 39
2 4
20 42
26 30
11 18
2 7
2 43
18 36
26 32
3 7
12 26
16 26
13 44
10 25
9 11
21 44
16 19
6 7
16 30
5 19
0 43
4 21
15 26
17 30
13 30
16 44
15 19
7 36
11 36
7 30
26 27
7 27
6 30
7 44
7 42
3 36
7 10
7 9
6 9
7 12
12 27
7 19
7 20
29 44
7 15
7 16
7 21
0 16
7 26
19 29
0 21
8 12
20 21
25 34
20 44
16 42
2 42
9 44
10 30
7 13
16 34
6 10
10 42
8 16
9 36
6 11
10 17
17 44
24 42
12 19
16 21
21 30
10 36
0 11
26 44
15 21
10 44
13 16
12 36
7 43
2 10
19 21
4 43
27 32
10 16
10 21
9 42
10 13
4 34
30 36
11 26
7 34
20 30
13 15
25 44
0 2
10 43
15 37
11 21
27 42
19 30
15 36
2 34
2 21
2 9
8 21
19 42
7 29
0 9
10 29
10 15
17 26
0 27
0 44
30 44
0 36
4 36
12 21
12 20
4 15
6 13
10 27
3 6
29 34
18 38
4 10
19 27
9 25
6 12
15 43
2 8
15 42
21 42
20 24
7 24
12 16
10 34
16 27
16 24
8 17
6 29
20 36
18 40
4 6
9 30
10 12
24 44
1 12
7 8
30 42
0 34
10 18
8 24
8 9
3 38
0 18
13 35
6 27
26 36
15 44
19 36
42 43
11 16
1 17
7 11
1 29
0 13
16 17
21 36
27 30
9 10
0 12
8 20
9 16
12 44
10 20
21 27
3 34
0 26
17 43
36 44
27 35
13 17
6 20
