29 32
4 34
27 49
19 27
27 29
22 32
4 21
0 32
23 32
5 36
26 46
21 23
0 21
14 32
32 46
14 26
6 14
33 47
27 41
7 49
25 32
32 50
31 51
3 6
9 35
31 36
10 32
6 47
4 17
34 40
7 45
27 28
39 47
41 51
5 32
8 27
32 51
0 46
28 32
12 21
4 37
11 12
32 48
12 29
1 32
6 32
7 13
4 40
14 46
8 32
32 47
4 29
2 51
25 34
25 27
30 40
32 45
44 51
2 40
16 17
29 49
7 34
0 14
0 44
21 27
4 19
21 44
0 27
10 38
15 32
10 44
29 45
12 39
6 40
4 32
6 34
32 36
3 47
0 3
14 39
20 41
2 8
0 49
12 14
22 48
31 37
6 16
13 44
11 40
16 32
32 38
5 21
6 17
32 42
0 7
34 48
0 6
0 39
3 32
12 36
0 36
18 32
27 32
22 29
34 35
0 47
0 17
37 44
29 34
33 34
31 32
45 50
2 27
3 39
32 41
32 40
4 51
11 32
1 47
19 39
44 49
7 32
19 32
6 44
21 32
32 44
32 34
17 32
19 37
22 46
20 32
4 6
17 34
12 32
21 47
12 37
7 44
6 39
2 32
22 34
14 44
27 44
