0 6
34 50
32 49
31 41
32 40
12 41
12 32
0 32
34 47
34 37
17 39
27 34
21 45
14 49
14 30
6 27
12 37
40 46
0 22
21 36
32 41
3 32
17 44
0 27
27 47
32 51
25 29
0 50
13 34
12 51
32 33
3 6
2 46
4 17
0 23
11 32
34 48
6 36
3 4
27 48
21 25
14 32
25 44
26 32
4 27
6 32
33 39
0 44
17 22
46 51
2 32
32 48
15 32
14 35
7 8
32 47
6 17
40 44
22 31
4 40
0 47
32 37
6 44
5 51
7 44
2 14
0 3
21 39
18 32
32 46
0 46
19 29
21 44
6 21
4 32
41 47
9 32
7 29
29 32
13 32
7 11
6 29
27 44
31 32
28 34
36 51
21 38
2 44
14 47
1 29
45 49
29 40
5 37
2 27
37 49
4 6
32 35
14 27
7 19
4 20
38 51
8 29
27 32
4 31
39 40
22 44
0 12
4 21
12 14
28 32
5 32
39 47
10 27
4 7
12 42
7 32
20 40
8 32
1 32
32 45
0 34
0 17
39 44
23 32
21 32
32 44
32 34
22 32
16 36
6 47
6 34
10 45
0 39
12 27
19 34
32 36
16 26
19 32
3 11
10 34
16 32
19 49
