32 49
27 29
21 47
40 49
27 34
17 40
12 32
0 32
19 46
14 17
17 22
21 44
0 44
11 22
22 39
32 46
32 45
4 39
31 32
39 47
0 4
26 27
7 49
7 32
32 51
14 44
4 37
2 11
6 39
4 12
6 37
10 39
4 36
10 27
14 25
10 12
2 34
3 8
1 32
9 32
6 17
14 32
0 37
19 32
17 46
6 32
27 46
16 32
0 29
37 41
21 29
7 16
45 50
22 40
32 36
32 47
3 48
4 7
32 33
8 47
16 27
25 44
12 27
23 31
20 32
29 44
12 31
33 34
18 32
19 44
6 20
38 47
26 32
5 34
4 32
6 44
41 46
0 19
29 32
7 51
32 40
15 51
12 41
28 32
4 21
14 29
0 21
8 21
0 25
12 47
29 45
6 11
6 38
6 51
29 34
34 47
36 37
12 14
1 5
0 6
27 47
3 51
27 32
2 27
17 32
2 32
5 32
2 22
32 41
13 32
0 40
34 35
0 39
6 21
32 50
31 44
7 14
0 36
4 40
32 42
32 39
21 34
27 48
44 49
21 32
32 44
32 34
6 7
14 34
36 44
13 28
0 34
0 27
3 34
3 32
44 51
32 48
30 32
23 32
4 49
19 45
35 40
