10 44
21 27
14 47
20 34
30 47
40 50
12 32
0 32
0 47
27 51
45 48
3 14
19 34
36 50
12 14
33 44
39 45
3 11
16 32
0 21
25 27
4 29
29 40
7 32
32 51
14 51
8 12
7 21
13 44
14 37
4 31
3 32
2 22
6 47
0 49
32 46
23 32
32 37
41 47
29 45
32 45
14 32
14 19
10 32
7 27
6 32
32 41
4 19
34 38
19 44
29 34
4 22
39 46
6 39
4 51
32 47
17 27
6 37
26 49
0 39
15 32
21 37
21 28
28 32
29 44
4 6
21 39
10 21
22 32
26 32
7 31
44 51
37 41
35 47
4 32
0 12
6 18
2 27
29 32
5 12
32 40
7 44
5 31
22 36
2 12
32 38
6 17
0 22
8 27
4 14
20 32
34 48
4 34
11 32
0 6
0 40
0 2
6 41
17 39
5 32
9 32
13 32
27 32
0 35
17 32
32 33
1 32
32 36
19 32
1 40
25 46
34 46
32 49
0 44
3 34
27 40
25 34
17 44
6 27
0 4
32 39
21 49
12 44
32 48
21 32
32 44
32 34
34 42
7 11
0 27
34 49
36 46
16 17
8 36
16 47
6 12
31 40
3 29
2 6
7 29
27 44
23 51
