34 51
13 14
34 45
5 46
10 47
17 32
12 32
0 32
34 49
17 34
22 32
47 49
3 32
18 29
7 17
12 21
14 29
27 33
1 32
7 26
0 22
27 48
7 45
7 32
32 37
0 6
39 44
2 6
4 34
32 46
0 29
19 22
32 36
16 32
39 49
7 27
2 32
4 47
8 27
0 50
29 47
14 32
36 46
21 31
3 44
6 32
12 39
32 41
0 34
32 45
28 29
6 44
19 40
12 41
27 51
32 47
4 35
0 12
41 49
0 21
12 22
44 47
34 38
8 40
32 33
0 35
6 13
6 34
1 3
5 32
31 48
32 50
4 21
25 41
4 32
14 44
27 42
0 40
29 32
17 19
32 40
3 8
4 44
11 27
4 51
4 10
2 5
21 44
27 40
7 22
28 32
2 11
6 36
6 46
0 4
4 14
20 27
36 44
6 37
6 14
21 51
32 48
27 32
0 23
34 46
40 51
7 36
37 45
10 32
34 47
15 39
17 44
31 32
27 47
11 32
21 27
12 19
26 32
40 44
6 12
32 39
0 17
29 44
20 32
21 32
32 44
32 34
3 21
14 30
16 51
2 34
23 32
9 32
29 39
32 38
14 16
25 32
0 37
25 37
32 49
31 39
6 19
