5 29
4 40
19 32
1 32
15 17
29 34
12 32
0 32
4 14
4 19
23 47
0 34
27 31
21 31
8 27
7 51
2 32
27 44
16 29
0 14
3 11
0 21
14 47
7 32
0 36
6 12
32 36
7 34
29 39
32 35
45 49
33 34
8 22
6 7
21 34
0 51
13 39
32 48
32 37
18 32
25 44
14 32
44 47
7 14
20 32
6 32
6 27
6 44
4 34
22 23
30 32
8 32
39 44
37 51
0 20
32 47
5 40
6 9
16 19
38 50
40 46
19 41
0 46
2 21
40 47
40 49
11 32
6 46
36 48
22 32
27 39
7 44
0 10
0 17
4 32
10 32
2 14
31 34
29 32
2 45
32 40
47 51
4 12
32 42
0 25
21 47
27 34
21 50
6 26
3 34
16 37
22 27
4 13
32 51
41 44
21 27
45 46
14 39
40 44
32 46
12 44
6 49
27 32
22 34
1 6
4 51
27 36
32 38
12 14
29 44
0 37
5 32
33 44
32 49
3 4
6 19
28 32
3 32
32 45
3 35
32 39
36 37
7 17
6 21
21 32
32 44
32 34
17 32
29 47
2 39
10 12
17 29
27 28
17 49
11 27
26 32
4 41
31 32
0 12
0 48
12 41
25 34
