12 44
23 32
19 51
6 17
32 41
44 48
6 12
0 32
12 22
20 21
4 11
4 34
6 47
25 34
21 36
7 44
40 51
4 41
27 46
12 14
6 44
3 34
32 49
0 17
41 45
2 45
14 16
21 47
7 26
16 17
8 47
32 51
7 27
1 32
21 39
32 38
15 32
9 32
0 39
28 32
34 38
13 39
6 14
14 23
27 44
6 32
11 32
2 19
0 36
32 42
0 4
6 36
27 31
27 29
0 18
21 31
8 32
32 35
6 49
3 30
0 48
20 45
0 44
7 32
32 36
12 32
7 14
44 51
34 40
34 37
25 32
14 32
17 47
32 48
31 32
29 34
27 47
2 32
2 3
4 27
12 29
37 40
10 44
6 46
34 46
34 41
46 51
4 44
27 35
21 32
17 32
4 10
32 37
0 47
19 22
22 49
5 49
17 34
4 40
7 29
40 44
3 32
27 32
6 27
14 39
0 29
4 21
0 6
16 32
2 29
21 25
29 32
27 34
32 50
3 12
32 40
33 50
32 47
0 37
32 45
10 32
22 51
39 40
12 19
19 37
32 44
32 34
5 39
1 13
5 26
8 29
21 27
36 49
0 33
11 44
28 31
7 47
32 39
32 46
4 6
0 14
22 32
