13 46
14 46
21 36
0 35
32 41
19 44
12 32
0 32
41 50
16 32
40 46
17 34
32 37
5 29
0 31
5 8
2 11
16 34
32 33
34 44
17 21
3 44
4 27
7 32
44 49
22 47
2 34
25 32
0 21
4 29
32 38
4 26
30 45
6 14
22 32
6 28
6 12
6 39
16 36
11 44
3 7
14 32
2 32
29 47
27 49
6 32
31 32
20 32
19 47
0 3
11 32
10 45
10 41
6 34
32 45
32 47
0 17
2 7
4 39
7 14
0 27
22 44
34 47
14 51
8 49
25 46
1 34
2 19
6 27
37 44
7 27
0 7
34 51
14 38
4 32
27 39
21 44
8 32
29 32
33 49
32 40
0 12
12 47
34 40
14 48
32 42
6 10
13 32
4 21
5 32
32 36
32 48
6 17
32 51
0 45
39 44
7 36
12 26
9 32
0 29
27 29
21 31
27 32
3 32
44 51
4 34
6 35
4 25
27 44
20 40
23 32
12 19
14 21
4 18
17 27
37 47
15 32
39 47
28 32
34 36
32 39
0 23
0 50
37 39
21 32
32 44
32 34
17 32
1 37
19 32
12 27
22 31
41 46
6 40
6 51
27 51
21 40
4 48
12 22
0 49
3 29
29 40
