2 32
40 44
2 45
27 41
0 46
34 51
6 7
0 32
32 38
29 32
36 38
32 42
27 40
16 32
14 51
20 32
20 40
18 48
6 27
28 32
7 17
19 44
32 49
22 32
7 16
17 39
11 23
8 32
45 51
1 12
4 12
4 37
36 44
8 22
14 32
3 5
14 41
32 39
4 25
0 34
21 47
14 26
32 37
4 29
28 51
6 32
29 34
0 31
27 34
21 32
12 22
32 48
34 48
47 49
12 32
21 34
2 6
13 47
4 14
21 44
9 32
39 44
7 34
36 39
7 35
8 12
0 17
19 32
34 49
44 51
17 47
32 36
11 36
4 39
4 32
5 32
4 34
3 29
14 31
27 50
25 44
10 32
1 29
17 32
0 4
2 40
7 32
46 49
0 2
27 44
21 39
34 47
6 21
19 25
6 31
30 32
6 16
6 39
3 32
32 40
19 37
15 32
27 32
0 45
6 47
3 44
29 40
5 29
22 41
3 21
10 12
26 32
6 37
21 27
0 44
32 46
4 23
32 50
32 45
17 34
13 37
33 44
12 19
0 35
7 46
32 44
32 34
32 47
46 47
11 32
6 33
0 10
6 14
0 29
22 27
12 40
27 31
14 27
0 21
27 51
32 41
0 49
