0 8
14 21
25 32
10 32
11 32
2 32
9 32
0 32
1 47
29 32
27 51
6 14
18 32
0 20
21 39
0 23
14 37
0 44
21 48
25 34
29 36
17 21
32 49
16 21
30 32
6 27
5 34
29 34
32 46
15 32
22 44
0 26
2 4
32 45
14 32
17 44
3 4
32 39
2 6
32 35
0 49
2 46
32 36
44 49
5 44
6 32
22 32
12 44
4 40
21 32
7 44
14 39
6 17
6 7
12 32
34 37
13 25
31 32
0 34
12 46
28 45
19 27
26 32
12 37
19 32
29 39
3 44
4 34
34 45
4 39
7 39
23 41
46 51
32 37
4 32
31 38
6 47
27 34
6 31
17 48
3 27
29 42
32 50
41 47
21 47
0 22
7 32
28 32
7 11
4 6
27 40
44 51
27 36
2 40
3 12
6 21
19 31
7 45
8 29
32 40
0 33
22 40
27 32
7 27
4 27
5 32
12 51
0 39
21 34
4 11
8 41
6 44
32 51
16 35
16 32
19 22
17 49
12 40
14 33
13 47
0 6
27 46
34 51
10 29
4 47
32 44
32 34
32 47
1 44
40 49
20 32
0 41
14 38
29 47
12 27
17 32
34 36
14 36
0 37
32 48
3 19
10 50
