7 20
12 36
2 11
16 32
4 45
19 44
27 49
0 32
17 31
29 32
3 6
47 49
19 32
32 38
29 39
14 47
0 6
17 34
8 25
32 46
14 16
5 8
21 40
21 31
5 26
12 30
6 14
4 6
7 34
49 51
14 37
2 16
6 8
35 51
14 32
0 34
22 32
0 15
34 41
0 22
27 47
3 12
12 46
34 38
0 46
6 32
7 28
17 32
23 32
21 32
27 48
7 32
29 44
23 40
12 32
25 32
0 4
36 45
27 44
6 7
18 27
6 29
0 11
21 29
17 19
13 44
32 39
32 33
12 39
0 19
17 29
6 31
1 32
32 41
4 32
10 32
13 32
4 26
48 51
6 39
39 47
21 25
20 32
33 46
34 42
4 44
36 40
6 49
9 32
41 51
32 35
1 22
2 32
0 21
7 27
14 34
32 40
29 37
39 44
31 32
4 40
3 34
27 32
14 17
11 32
37 44
34 45
32 50
28 32
0 47
0 3
32 48
0 39
7 21
2 44
4 12
34 36
5 32
21 27
0 44
27 46
12 22
2 37
10 44
32 45
32 44
32 34
32 47
27 34
40 44
6 40
14 49
32 51
3 32
37 50
22 36
10 47
21 47
29 51
19 27
4 41
4 27
