4 25
35 37
4 39
6 28
6 46
8 12
27 47
0 32
50 51
29 32
1 51
27 44
14 21
10 47
36 40
32 51
2 47
34 44
13 32
14 37
7 34
27 49
0 48
0 6
8 32
22 32
17 31
23 27
34 51
7 39
32 46
0 29
11 32
7 46
14 32
9 32
3 32
14 41
34 46
7 22
40 44
12 19
30 41
12 22
22 51
6 32
32 36
32 48
28 32
21 32
0 34
7 32
4 45
17 38
12 32
6 29
32 49
14 44
4 17
18 40
0 25
12 37
15 49
3 46
6 19
0 14
32 39
14 34
3 12
11 47
3 6
25 32
27 37
32 33
4 32
4 44
34 36
3 34
0 33
4 5
2 27
0 40
32 41
23 32
29 44
21 47
0 22
6 34
21 44
31 32
27 40
16 40
17 47
20 39
10 27
16 37
32 40
6 47
6 44
32 42
1 21
17 32
27 32
21 31
32 35
34 45
19 51
12 44
4 27
0 8
4 21
10 44
7 11
2 19
20 32
29 41
12 31
0 39
21 27
5 32
0 19
13 21
14 45
6 26
2 32
32 44
32 34
32 47
32 38
36 48
4 7
0 27
6 36
5 49
17 34
29 39
26 32
29 45
32 50
16 49
2 29
39 44
