29 37
12 34
32 47
32 41
2 6
3 6
6 40
0 32
19 32
1 34
30 44
14 40
32 45
3 21
0 36
6 17
34 48
32 46
15 45
39 46
28 32
0 4
29 44
3 31
11 31
2 14
34 45
4 29
7 21
44 47
17 44
32 51
21 29
3 10
32 35
7 44
14 32
4 19
12 21
16 40
14 20
10 37
6 10
1 32
34 40
6 32
19 48
34 44
27 51
0 44
8 25
2 27
39 51
39 40
0 47
4 39
34 41
0 5
6 33
21 22
46 49
9 21
12 41
7 32
19 36
0 14
7 29
27 34
32 37
5 32
8 32
0 29
16 32
4 45
4 32
26 27
46 47
2 32
17 38
47 49
25 34
0 28
13 27
12 44
4 7
29 36
29 32
27 47
14 33
0 27
17 32
6 14
32 36
23 32
4 44
23 25
21 41
32 38
7 17
34 36
11 32
3 32
27 32
35 46
7 12
4 11
32 50
32 48
14 22
0 6
16 27
37 44
12 17
6 27
0 20
32 40
31 32
19 50
22 32
4 51
0 39
27 49
40 51
0 42
21 32
32 44
32 34
44 51
2 49
34 39
26 32
13 32
8 21
6 31
5 12
22 37
6 47
32 39
22 27
18 32
12 47
32 49
