16 21
21 22
18 26
17 25
6 31
7 14
2 23
15 24
18 19
29 31
1 21
28 31
11 18
16 30
0 15
7 27
13 24
23 24
0 3
27 30
7 10
10 20
3 32
18 21
0 31
30 32
15 32
9 32
9 28
6 32
19 32
6 9
12 26
11 20
27 32
5 32
23 31
4 12
9 27
1 26
2 16
9 31
6 29
3 15
13 26
31 32
4 32
3 23
2 9
11 27
16 32
9 29
19 26
9 15
19 30
21 26
3 6
6 23
17 26
3 9
5 29
16 18
6 15
2 6
10 21
3 24
6 24
16 29
19 21
0 24
9 24
10 32
20 25
0 2
7 32
24 31
24 29
17 20
9 23
11 22
15 23
29 32
1 22
19 29
26 27
5 19
3 31
2 28
15 29
1 18
24 32
4 17
6 16
15 31
0 32
0 6
0 23
23 29
0 29
27 29
8 11
18 22
8 22
23 28
0 9
16 23
23 32
5 16
13 17
5 18
2 29
