0 15
21 29
6 9
2 26
0 23
3 26
3 18
9 16
20 26
0 29
23 31
2 7
0 27
6 31
9 15
15 32
21 32
6 15
19 23
15 24
0 16
20 32
4 7
21 23
12 17
6 24
2 13
9 32
6 11
0 31
1 28
13 17
29 31
3 14
9 31
16 23
23 29
5 28
18 26
6 16
1 32
0 32
23 32
22 28
2 18
9 23
6 23
8 20
10 30
9 18
6 29
0 9
0 24
2 22
3 32
26 28
27 29
18 20
5 26
2 25
22 26
10 17
31 32
16 29
24 29
15 23
9 11
4 24
19 29
8 25
17 18
11 24
0 6
2 17
3 29
7 21
15 31
19 27
23 24
19 22
11 30
7 13
5 30
19 31
16 31
15 29
6 32
16 27
12 18
3 9
26 32
1 21
10 11
16 32
27 32
9 24
3 19
16 21
5 22
18 32
24 31
15 27
24 32
9 29
4 21
3 5
29 32
1 30
23 27
6 10
19 32
