16 24
16 29
6 9
9 24
27 32
4 10
22 30
0 6
9 15
7 21
7 17
11 26
0 23
13 27
18 32
3 16
0 18
19 32
18 24
9 18
4 11
21 22
3 10
19 29
23 31
26 29
17 27
9 32
18 29
1 3
9 19
23 24
11 31
6 31
9 16
15 32
23 29
11 29
4 26
22 32
17 20
0 32
23 32
0 9
13 19
9 23
6 23
6 16
2 7
15 23
6 29
24 31
2 23
2 14
19 24
5 30
0 24
6 19
3 32
6 15
12 28
3 15
31 32
8 15
15 29
21 27
6 24
16 26
5 26
17 21
24 32
26 32
25 26
16 31
7 20
5 32
0 29
2 32
22 27
1 13
0 15
9 31
18 31
5 22
29 31
24 29
6 32
0 3
2 17
3 28
5 27
20 21
2 8
16 32
11 15
6 18
19 23
1 10
16 23
10 12
2 27
18 23
21 30
9 29
28 30
9 25
29 32
3 26
1 21
20 28
0 31
