9 15
1 22
6 9
9 24
4 27
3 23
15 29
6 32
1 2
2 30
27 32
6 23
0 3
6 16
18 32
2 20
7 22
15 24
5 18
16 32
11 21
2 27
16 24
6 17
26 29
3 28
1 13
9 26
10 22
7 21
31 32
0 23
18 29
15 23
5 21
15 26
23 29
29 31
5 32
21 30
2 25
0 32
23 32
9 32
13 20
9 23
8 22
11 22
18 26
4 12
6 29
0 24
10 20
17 19
27 30
19 32
3 24
19 21
16 17
15 32
7 28
17 21
24 31
9 16
0 15
3 9
3 32
8 11
2 7
0 31
24 32
16 31
5 17
23 31
16 26
6 26
0 29
19 30
0 9
26 32
0 28
9 31
13 29
3 29
16 29
24 29
10 11
6 18
23 28
3 19
1 20
19 27
15 31
14 23
18 23
26 31
10 27
0 16
18 31
12 32
2 21
11 25
5 27
9 29
6 24
9 18
29 32
6 19
23 24
4 32
6 15
