8 12
15 24
10 30
6 31
13 17
0 16
27 29
14 19
2 18
11 27
24 31
0 9
0 32
20 30
15 31
20 22
4 8
7 29
10 21
9 29
10 17
26 30
29 31
24 26
0 31
23 31
1 2
25 28
2 21
26 29
21 27
11 13
3 27
0 2
18 32
1 21
23 29
22 27
9 31
18 23
20 28
18 26
23 32
9 32
5 20
9 23
3 6
5 27
11 19
2 17
6 7
1 18
11 23
31 32
9 16
16 32
5 32
11 22
18 19
6 16
16 24
1 32
6 9
0 15
16 23
0 6
6 26
21 25
15 29
2 13
6 32
15 19
19 27
9 18
6 24
7 30
6 23
26 32
3 15
3 32
10 18
15 23
3 9
2 32
16 29
3 31
3 23
17 32
6 29
4 19
5 28
4 12
21 32
15 32
5 22
3 29
23 24
0 29
24 29
7 26
9 26
17 21
16 31
9 24
19 22
16 28
29 32
0 23
0 24
9 15
24 32
