16 32
1 6
1 32
26 31
2 29
29 31
2 16
6 24
7 22
2 32
7 15
0 15
8 20
11 17
10 27
6 29
3 24
18 32
16 29
9 29
23 31
10 22
16 23
23 29
0 29
9 16
16 31
9 18
5 27
0 24
3 30
1 15
26 32
0 32
26 30
18 19
16 24
31 32
9 31
4 7
19 29
6 18
23 32
9 32
1 27
9 23
23 26
26 29
21 32
28 30
2 26
15 23
21 27
3 6
2 31
24 32
5 25
27 32
20 21
0 6
21 28
15 32
0 9
11 20
2 23
6 31
5 13
4 12
16 19
6 23
6 32
19 21
3 29
11 21
19 20
0 16
19 23
13 21
15 22
3 26
10 28
17 30
3 9
18 29
27 28
18 24
13 17
24 29
6 15
0 18
2 9
10 11
19 32
3 18
6 9
8 15
22 32
0 23
9 24
15 17
5 11
0 31
4 25
22 27
23 24
3 14
29 32
24 31
5 17
9 26
7 12
