10 11
9 18
26 29
7 13
22 32
18 23
27 32
26 32
10 17
29 31
3 32
13 28
15 27
6 9
15 31
6 21
11 19
23 27
18 21
10 19
11 17
4 22
16 31
3 9
31 32
5 17
1 5
9 32
11 30
6 32
12 25
0 6
18 32
7 21
15 32
24 31
23 31
17 25
0 1
2 21
18 29
4 17
6 29
4 8
16 29
6 18
0 15
12 30
2 26
2 28
0 24
9 29
1 31
16 23
9 27
3 29
0 9
6 23
23 24
7 32
21 32
8 22
15 24
27 29
16 27
15 23
19 30
0 29
2 11
9 24
6 24
1 32
3 23
14 26
3 16
16 19
24 29
7 20
9 23
9 16
26 27
29 32
2 30
6 26
16 21
18 24
6 31
5 26
15 22
13 20
24 32
19 28
5 19
2 10
0 32
9 26
0 23
23 29
6 15
15 29
22 24
9 31
2 5
3 18
16 32
0 3
23 32
19 20
20 28
3 21
0 31
