5 6
3 20
1 26
2 10
8 21
0 3
6 15
14 25
16 29
9 29
0 24
18 24
9 23
9 16
0 31
13 32
23 31
21 28
6 24
9 31
17 28
9 18
22 23
22 28
15 16
2 11
9 27
10 30
16 21
5 21
29 31
3 19
26 27
16 31
19 26
6 18
1 17
15 29
4 19
9 15
15 23
5 30
23 32
9 32
0 18
6 29
21 22
0 16
7 26
3 9
18 32
11 30
24 31
23 29
20 27
27 32
5 23
2 20
20 25
13 27
4 10
0 6
8 28
15 18
18 23
15 32
27 31
2 32
3 32
0 23
6 32
15 24
19 29
1 11
6 31
0 9
19 32
24 32
3 21
16 32
16 24
24 29
17 26
11 19
23 24
1 7
22 32
15 31
0 32
7 11
10 27
5 12
7 17
18 29
6 23
26 32
22 29
31 32
21 26
12 13
0 29
9 24
3 26
17 23
2 19
2 4
29 32
6 9
6 16
3 29
2 30
