9 18
2 32
2 29
0 29
16 24
3 9
5 21
26 29
24 32
9 29
1 11
24 31
4 27
26 31
0 6
9 19
16 29
23 31
11 15
18 22
10 28
5 10
5 12
4 30
15 26
0 9
6 16
2 19
10 17
14 27
2 24
7 11
11 21
9 24
3 29
15 31
2 9
1 20
2 16
9 23
13 18
6 31
23 32
9 32
19 29
6 29
6 15
16 19
3 32
29 31
8 32
12 27
21 24
23 29
9 16
16 32
15 32
19 32
16 23
15 29
9 31
23 26
18 23
8 16
17 27
2 6
0 24
21 26
1 28
0 23
6 32
24 29
7 22
13 25
6 26
27 28
3 23
30 32
3 31
0 26
23 30
25 27
18 32
3 20
19 24
17 28
0 15
7 13
0 32
11 20
18 21
5 20
22 32
0 31
4 17
0 3
6 24
1 7
6 23
18 19
21 22
3 17
15 23
10 27
26 32
31 32
29 32
6 9
5 22
18 30
15 21
