5 7
4 24
17 28
16 18
15 32
9 31
0 26
6 16
10 27
9 29
0 29
9 18
6 32
18 24
0 15
24 29
16 29
23 31
23 24
7 28
11 22
5 27
2 10
9 15
3 17
4 23
21 32
16 23
3 19
13 17
17 32
12 25
1 32
31 32
1 8
21 30
10 11
6 24
19 32
9 23
11 14
0 31
23 32
9 32
0 16
9 27
2 9
1 21
6 29
3 21
26 32
2 21
24 26
23 29
16 31
15 29
26 31
18 31
17 19
2 22
6 19
6 15
26 29
6 9
29 31
5 20
10 20
5 13
18 29
7 13
3 32
0 21
30 32
21 25
0 32
20 27
2 3
11 27
9 24
18 23
8 12
2 27
0 23
16 32
3 31
22 27
15 23
2 11
0 9
4 29
18 32
19 24
1 24
29 30
24 32
6 26
19 28
6 23
7 20
15 31
3 22
15 30
5 19
15 16
3 28
9 16
29 32
23 26
22 26
6 18
0 6
