2 16
1 16
7 14
11 29
15 32
4 27
0 29
10 20
18 24
9 29
6 29
9 24
6 32
17 32
7 27
24 29
8 19
6 31
3 26
16 23
15 24
19 32
9 18
2 5
15 16
3 24
18 23
6 23
11 21
1 29
3 18
0 3
9 15
10 28
22 30
3 32
27 30
9 16
9 22
9 23
1 26
18 32
23 32
9 32
3 6
0 24
4 30
8 26
13 21
23 24
5 30
6 24
16 32
11 19
3 9
10 22
0 32
6 16
21 28
12 19
19 20
13 26
11 20
6 9
4 22
0 31
22 27
24 31
19 23
17 23
18 31
9 31
0 23
26 27
7 25
1 2
10 27
21 32
5 26
2 32
17 20
21 26
15 23
16 29
11 17
6 15
16 31
0 15
0 9
21 27
15 31
28 32
5 21
13 28
24 32
6 12
23 29
0 6
7 32
2 3
31 32
15 29
5 25
2 26
29 31
18 29
29 32
2 29
23 31
17 19
0 18
