9 16
7 21
6 24
20 30
9 18
19 27
17 25
10 26
16 29
9 31
13 17
3 7
31 32
2 17
15 32
2 26
21 22
0 26
26 29
16 31
11 32
16 24
0 6
15 24
0 31
0 32
1 6
23 24
15 31
15 23
0 9
9 23
2 6
19 28
3 21
10 14
16 32
23 32
8 26
10 20
15 18
6 31
12 32
0 15
9 29
6 16
16 23
4 17
15 29
23 26
19 32
19 22
18 24
0 29
19 23
2 29
1 5
23 31
18 32
9 27
27 32
15 16
18 23
6 32
0 23
24 32
6 26
3 29
6 29
7 27
30 32
9 32
3 11
3 20
9 15
16 18
4 28
9 22
9 24
29 31
4 25
5 28
2 8
1 11
24 31
3 13
19 30
19 21
0 2
12 17
20 21
26 32
13 22
22 32
6 9
24 29
23 29
6 23
18 29
1 3
5 7
3 27
2 5
18 31
10 28
21 27
29 32
11 27
11 30
0 24
5 21
