0 9
6 9
23 32
9 16
19 30
26 31
0 24
11 13
29 31
11 32
24 31
0 15
6 32
24 32
27 30
5 8
5 27
6 23
27 28
16 24
2 6
9 29
18 26
15 29
3 7
15 31
1 18
0 6
3 9
6 15
0 29
18 22
9 15
10 21
23 24
26 32
16 32
11 28
4 9
9 31
9 24
0 23
17 27
0 3
15 24
13 26
3 32
16 23
19 21
15 23
0 32
15 32
21 23
5 7
15 16
9 32
4 32
1 19
12 18
4 22
2 29
17 18
16 31
20 22
6 31
24 29
21 32
6 16
6 29
14 21
17 20
8 25
23 29
6 7
2 32
9 23
22 27
31 32
19 20
19 32
16 29
1 2
10 27
17 30
12 26
11 21
1 5
2 3
19 27
7 29
18 19
17 32
9 26
13 21
18 28
2 23
26 28
6 24
26 29
0 31
3 29
2 5
18 30
23 31
10 25
0 16
29 32
10 22
3 23
3 24
11 20
