2 30
6 9
23 32
9 27
3 17
15 32
7 11
6 19
29 31
21 22
0 16
20 29
6 32
24 32
5 10
26 32
20 32
24 26
10 21
0 31
7 32
9 29
2 22
2 28
12 17
8 20
9 15
1 3
18 32
8 22
6 24
0 9
16 23
3 25
18 23
6 27
16 32
1 15
18 31
15 21
0 29
0 23
2 11
2 21
2 7
15 23
19 23
2 14
12 28
28 30
0 32
26 29
24 31
19 32
22 26
9 32
5 17
13 17
3 21
0 13
23 31
16 31
19 29
3 16
5 13
23 24
0 6
15 16
6 29
6 18
23 27
21 30
23 29
4 15
18 27
9 23
24 29
31 32
7 28
16 19
9 16
4 21
9 26
19 24
5 15
6 26
0 24
16 29
1 5
0 18
18 29
3 10
9 31
6 31
4 22
15 19
6 23
27 29
3 32
11 20
24 30
1 25
3 11
9 18
11 32
27 32
29 32
26 31
10 17
26 27
9 24
