23 24
19 26
23 32
0 32
4 28
10 22
0 23
27 29
24 32
12 20
3 31
17 32
9 23
6 24
3 6
2 31
16 32
0 6
8 17
5 21
23 29
9 29
12 26
3 24
22 28
2 29
19 22
18 21
16 20
16 30
0 2
27 32
1 32
6 32
15 30
21 32
5 18
15 32
25 26
15 31
6 29
18 30
3 15
3 29
4 22
23 31
13 26
19 21
6 27
9 24
18 32
7 26
4 10
1 9
16 25
9 32
17 31
15 23
15 29
8 14
0 9
9 27
0 31
29 31
7 18
3 23
1 29
16 29
24 27
10 13
6 31
21 26
7 21
11 20
5 22
2 32
24 29
19 28
6 9
9 15
11 24
3 32
5 19
0 24
10 28
2 15
16 21
2 6
6 23
3 9
2 23
6 15
0 1
26 27
20 24
9 31
7 16
5 30
11 32
17 23
16 18
18 26
19 23
0 27
31 32
11 18
29 32
0 29
13 19
11 16
9 17
