0 6
3 4
23 32
13 32
30 31
3 21
0 29
20 31
18 29
0 15
6 32
4 6
12 26
6 15
15 24
9 31
6 23
16 32
3 26
3 19
23 29
9 29
7 27
29 31
1 12
8 10
26 27
25 32
1 10
15 16
21 26
18 32
2 32
22 29
0 31
24 26
21 27
9 18
6 18
0 22
6 29
22 32
16 24
26 30
24 32
9 30
9 23
18 24
7 21
20 30
15 29
10 28
17 21
19 27
3 17
9 32
16 21
11 29
11 19
17 19
11 32
6 9
2 23
0 2
10 13
0 32
2 24
16 18
9 24
0 16
15 23
7 28
6 31
5 19
2 9
16 29
15 31
2 6
7 13
15 32
1 28
9 16
3 27
19 26
11 17
18 23
8 27
3 14
0 23
11 31
17 32
5 26
6 24
16 23
9 15
19 21
2 29
24 29
1 5
22 23
0 9
20 22
23 24
23 31
31 32
4 18
29 32
3 25
20 32
5 28
5 27
