5 26
21 32
23 32
27 32
3 6
3 32
3 9
26 32
1 30
19 26
6 32
10 25
19 23
7 17
1 20
2 32
15 19
31 32
6 23
29 31
8 10
9 29
23 29
9 32
5 17
9 18
1 11
11 16
8 13
3 16
7 28
15 21
16 31
2 18
24 26
6 31
28 32
2 9
6 18
10 11
0 6
3 24
0 32
20 22
3 23
18 27
9 23
6 24
2 23
0 23
9 31
23 24
24 32
0 16
9 24
3 29
0 9
1 17
6 15
15 23
0 19
22 30
11 28
22 27
21 26
18 26
21 23
10 13
24 29
0 26
5 30
3 31
2 31
20 30
16 27
15 31
21 29
11 12
19 24
17 28
15 32
4 25
2 27
9 16
7 13
9 27
16 32
19 32
16 29
15 29
21 22
0 15
6 9
4 17
0 29
15 27
23 31
18 32
6 29
4 5
18 24
26 29
0 24
20 21
5 7
19 29
29 32
18 31
12 14
16 22
2 6
