15 29
9 31
23 32
7 29
12 17
29 30
6 21
16 29
18 27
7 9
6 32
1 19
13 20
16 23
2 32
19 26
7 11
15 31
6 23
24 31
2 17
9 29
23 29
9 32
21 27
22 28
0 26
2 5
16 24
19 32
6 31
8 20
11 17
6 9
3 27
6 15
11 22
3 28
18 19
23 30
0 23
4 10
0 32
18 21
3 19
3 4
9 23
6 24
9 16
1 22
26 29
23 31
6 18
1 17
9 24
26 32
15 24
7 31
24 29
10 21
2 10
29 31
5 29
0 6
23 24
25 28
3 20
18 32
5 30
24 32
0 15
17 27
6 29
0 9
11 27
15 16
0 24
3 5
18 23
9 15
0 16
20 24
5 14
3 32
9 26
6 16
16 32
10 32
4 8
18 26
0 31
3 13
2 12
2 9
31 32
0 29
13 28
16 31
21 32
1 2
21 22
22 27
15 23
19 21
19 25
23 26
29 32
26 30
15 32
11 18
27 32
