7 19
9 15
0 24
2 32
6 24
5 8
26 28
9 24
0 16
21 30
19 21
8 26
1 28
1 10
23 24
10 20
0 32
23 31
6 32
31 32
1 5
27 32
24 29
3 23
2 17
9 16
0 31
9 32
21 25
10 30
15 23
3 29
9 23
21 28
5 27
0 26
23 29
16 32
24 32
16 23
18 29
15 32
23 32
27 28
17 20
6 23
3 9
22 32
6 9
26 32
6 15
6 31
17 21
3 26
13 32
9 22
18 32
9 14
2 12
4 32
18 27
18 22
10 19
7 12
9 31
13 22
5 7
16 24
19 25
29 31
2 21
3 6
16 26
0 15
0 29
4 29
11 30
18 23
0 23
15 27
13 15
1 27
11 20
15 24
16 31
6 18
24 31
26 31
0 9
15 29
6 29
2 4
27 29
11 21
19 30
17 24
0 6
7 11
23 26
16 29
5 22
3 31
9 29
6 16
19 20
2 19
29 32
11 17
2 18
3 32
3 18
