36 40
1 43
45 50
19 44
40 46
47 51
7 51
40 45
12 51
2 41
17 22
45 46
27 45
17 29
1 51
1 36
12 46
1 45
18 48
36 47
12 32
46 47
37 47
20 45
27 41
36 38
23 46
12 35
40 44
36 45
1 3
5 14
9 44
15 26
32 40
37 43
26 46
1 50
5 43
1 46
1 31
13 43
43 47
30 41
19 45
34 46
26 39
10 22
20 40
32 41
1 20
3 26
1 40
22 47
20 51
14 41
40 51
2 46
19 32
43 51
0 47
14 40
10 26
29 47
32 49
12 43
8 20
10 45
45 51
19 47
2 23
37 51
10 47
12 26
18 20
28 37
10 41
26 32
41 46
32 47
17 26
2 47
23 32
34 40
6 37
20 47
15 41
32 51
16 51
32 39
1 47
20 26
15 47
26 47
4 40
