9 45
16 46
40 43
14 41
10 45
12 40
1 8
1 32
20 40
26 46
43 51
10 51
1 26
32 36
13 45
46 51
26 41
12 45
47 51
43 47
37 51
26 36
20 23
12 26
35 43
5 47
27 47
12 36
41 47
20 34
14 45
19 32
37 48
39 41
0 47
4 50
26 51
20 29
1 40
10 32
40 51
3 44
20 45
20 41
1 30
1 45
1 50
23 47
41 43
2 17
10 47
26 47
32 46
5 32
23 40
3 32
29 46
43 46
1 46
37 47
2 51
22 51
22 27
28 45
32 40
19 47
14 19
46 47
26 40
38 45
2 44
26 31
10 40
32 47
20 51
19 34
12 47
15 22
6 26
2 49
18 51
15 32
40 45
17 41
36 43
1 15
7 20
37 39
17 47
37 46
1 47
40 41
18 44
1 36
12 46
