30 47
41 47
20 47
1 38
12 26
37 43
1 12
13 46
23 37
20 32
22 32
26 29
1 37
10 47
9 46
20 51
1 47
18 22
16 37
10 26
1 51
15 39
19 47
14 19
5 32
27 47
47 51
32 47
1 43
3 47
15 40
1 40
17 50
26 36
45 47
2 26
40 45
32 34
1 36
8 47
12 51
12 40
44 47
32 43
2 20
2 45
17 46
19 26
41 51
41 45
36 47
29 40
2 40
14 17
27 39
0 51
26 44
37 49
46 47
31 46
1 41
20 23
40 47
41 46
26 32
28 51
3 40
43 45
26 46
36 51
4 40
18 43
5 20
19 41
1 15
7 35
34 45
10 23
12 45
14 51
6 22
1 20
10 50
45 46
46 51
10 32
26 41
40 43
45 48
36 43
12 20
32 46
40 41
32 51
44 45
