3 32
43 47
32 47
40 47
9 45
41 46
40 51
27 45
45 51
1 41
1 20
19 36
23 29
10 47
44 48
19 47
15 37
1 47
45 47
32 41
1 32
16 36
26 31
26 41
17 32
37 41
20 45
26 39
37 47
40 43
10 26
43 45
4 10
8 32
30 43
23 47
1 40
2 47
1 46
3 51
2 19
32 34
19 26
1 12
29 51
1 14
14 27
18 46
45 46
20 47
46 51
40 41
17 20
13 23
20 41
26 40
46 49
18 40
15 22
36 47
22 40
1 10
40 46
0 51
46 47
12 46
2 26
38 47
39 47
14 47
5 22
20 32
1 44
28 45
50 51
17 34
36 37
7 45
12 35
12 36
2 43
10 51
12 51
32 51
43 44
41 45
5 20
12 26
26 37
1 43
32 40
20 40
26 50
6 51
15 46
