27 47
43 47
43 45
45 47
2 43
1 30
40 46
17 32
39 47
1 34
10 47
1 51
26 51
1 14
1 5
41 46
20 29
1 15
46 47
32 43
26 32
10 13
27 43
12 28
40 47
36 41
37 51
36 51
20 40
20 22
26 41
4 51
15 36
32 47
12 47
20 34
26 40
0 51
23 51
1 19
26 44
3 20
22 51
12 40
26 47
19 45
41 43
47 51
39 45
26 45
17 41
2 38
19 32
1 46
40 48
2 15
12 26
10 50
2 26
14 45
10 40
18 37
32 36
16 47
1 32
1 23
8 18
35 44
37 41
5 47
10 45
29 32
20 46
1 40
37 40
40 45
7 36
46 50
3 46
12 32
9 14
19 31
43 46
46 51
37 45
41 51
23 44
17 40
20 47
12 20
47 49
6 41
22 47
26 46
32 45
