43 51
12 26
27 47
5 20
46 51
2 26
1 50
34 45
46 47
32 47
39 40
26 47
19 46
18 22
2 23
6 15
1 20
19 47
0 45
10 15
10 17
37 47
26 36
32 46
32 40
32 41
41 43
30 51
36 40
1 19
12 40
37 38
40 45
1 32
12 46
1 37
26 45
39 47
41 45
29 40
1 51
20 51
12 28
26 48
12 41
26 46
32 50
9 17
26 43
1 17
15 27
19 45
32 43
10 20
1 16
23 43
8 46
37 40
12 51
40 43
32 51
1 47
47 51
7 32
44 51
31 51
3 4
32 45
13 47
22 47
2 37
36 46
1 34
45 47
10 47
10 14
3 41
14 51
20 40
20 46
5 26
26 35
14 47
40 47
20 45
1 43
22 49
23 40
41 46
44 45
2 44
20 41
29 36
36 41
18 47
