2 43
26 32
32 40
1 45
45 50
1 37
3 32
28 47
46 47
32 47
1 41
47 51
10 40
40 51
16 20
40 47
45 51
37 45
7 14
20 39
1 40
32 45
15 37
1 20
20 31
6 12
41 47
40 46
43 44
37 51
39 47
22 47
19 29
26 50
26 40
13 40
1 30
27 41
23 45
46 49
38 47
20 41
32 51
2 45
19 36
3 36
26 35
1 17
1 47
29 47
10 41
23 46
17 46
12 40
34 36
26 45
1 51
41 43
5 12
2 9
0 36
46 51
41 51
15 47
48 51
23 32
37 41
1 44
14 40
18 19
4 26
12 46
10 51
43 46
14 43
36 47
19 44
17 26
10 47
12 26
5 32
45 46
43 45
10 34
8 20
20 47
18 32
15 27
40 43
1 2
20 26
32 46
22 51
12 47
22 26
