43 51
14 26
15 23
15 43
20 47
36 45
12 28
1 12
36 44
1 17
5 41
43 47
10 26
23 46
31 47
45 51
3 34
34 51
26 51
19 46
5 20
27 45
32 47
19 43
10 39
3 50
41 47
10 41
12 17
29 40
17 43
40 51
37 46
1 22
30 32
26 36
12 40
7 46
46 47
37 51
4 8
1 23
26 32
19 40
40 47
37 45
1 46
1 2
2 40
20 43
2 32
32 40
26 40
41 51
1 41
36 39
2 44
10 47
20 48
18 37
20 26
0 45
1 27
19 51
20 40
22 51
12 44
26 45
22 35
10 46
29 45
16 47
41 46
6 47
18 32
20 51
36 47
47 51
14 41
26 47
37 47
47 50
1 32
9 32
32 41
38 47
1 20
45 49
40 46
14 15
13 32
1 40
12 26
45 46
43 45
