12 22
10 29
26 43
1 19
20 40
1 20
1 40
20 31
5 51
37 41
3 47
12 32
1 34
36 41
36 50
0 46
32 47
32 45
18 47
1 35
18 30
32 43
32 46
23 45
20 51
27 47
40 49
17 37
9 45
26 41
40 51
40 47
40 41
26 50
41 51
13 20
1 32
10 43
40 46
19 47
36 47
43 45
5 45
39 47
26 37
26 45
37 47
23 38
3 32
39 40
46 51
22 37
44 48
43 47
41 47
1 45
15 20
12 36
10 41
32 51
14 45
17 40
16 40
1 12
20 34
47 51
2 32
20 44
2 19
43 44
26 51
6 51
29 51
1 47
14 51
12 26
26 46
10 14
22 46
46 47
36 40
1 4
1 26
15 32
2 43
7 8
15 26
45 47
10 46
19 41
2 27
28 46
17 47
23 46
12 45
