0 47
32 47
15 17
1 2
32 43
32 45
32 41
1 26
10 46
36 37
2 7
40 46
40 45
40 51
19 47
40 41
27 47
37 38
12 45
3 19
26 34
43 50
1 45
18 43
13 51
37 48
47 51
8 45
19 32
15 46
26 51
1 43
45 47
49 51
6 43
29 47
20 36
2 32
46 47
41 47
15 26
16 20
9 47
36 46
40 43
46 51
23 26
26 40
22 41
45 46
17 35
20 47
20 45
12 20
4 36
26 32
45 51
5 41
47 50
20 39
14 44
29 46
31 32
10 45
19 40
12 40
10 12
3 46
14 40
26 41
23 40
1 40
17 20
5 46
1 41
18 37
12 26
22 43
22 27
10 30
1 20
1 12
26 47
1 39
44 51
1 32
36 51
10 47
2 41
14 23
32 51
1 28
44 47
37 51
34 47
