12 34
41 45
10 45
50 51
32 51
20 46
32 45
1 34
40 43
1 32
44 47
1 2
1 43
4 20
22 40
32 41
3 15
10 15
20 45
18 30
40 46
16 43
46 47
2 26
10 26
19 47
29 48
19 32
36 47
28 51
20 26
31 40
1 41
6 12
37 41
29 51
19 20
40 47
13 41
23 43
1 5
32 46
17 51
17 47
9 46
23 46
45 46
27 47
36 39
14 47
14 26
26 51
32 40
10 47
12 26
3 40
26 47
26 36
1 12
12 43
40 45
7 32
45 47
2 20
1 45
1 51
32 47
1 19
41 51
27 46
10 46
17 20
5 46
38 51
45 51
37 50
8 43
26 39
20 22
26 45
32 37
18 41
0 14
36 40
37 47
2 40
15 47
37 43
23 44
35 36
41 49
12 44
1 40
22 47
47 51
