1 12
1 36
47 51
1 51
20 23
20 32
1 39
13 50
45 47
2 47
1 3
37 51
27 50
32 51
26 32
20 40
12 51
1 40
19 26
12 37
26 41
44 47
0 2
40 45
12 32
29 51
41 47
22 40
5 45
14 32
26 40
20 26
1 46
15 23
27 46
37 47
9 38
22 26
32 46
41 51
3 40
7 47
37 46
43 46
16 32
1 45
10 19
1 2
30 40
36 47
14 47
15 45
40 46
17 26
10 46
14 45
35 51
36 45
34 41
41 45
43 44
41 43
40 43
18 43
32 43
26 45
5 47
6 20
26 47
26 51
4 47
15 43
20 36
10 37
2 51
1 18
1 48
20 51
17 23
29 45
34 49
17 36
22 31
19 20
41 46
32 40
46 47
28 47
10 44
10 47
32 47
8 41
12 46
12 40
19 39
