12 20
1 45
1 15
36 47
2 14
14 45
41 51
32 40
39 45
5 46
20 46
19 47
2 37
48 51
3 40
38 51
37 40
10 41
19 49
0 10
27 51
20 26
36 41
32 44
12 50
18 26
10 29
1 26
30 46
17 47
45 46
1 9
8 43
10 12
35 47
26 46
36 37
2 17
44 46
41 47
32 37
6 40
26 32
23 41
45 51
32 51
20 32
3 19
41 43
1 32
1 36
20 47
14 47
32 47
18 41
45 47
13 23
1 51
23 47
12 43
26 45
4 39
34 43
1 47
40 46
1 43
31 32
7 47
16 17
40 47
29 47
26 28
5 45
46 47
1 40
40 43
12 37
22 45
32 46
50 51
12 47
2 20
15 26
10 27
22 51
19 40
40 51
26 51
20 45
26 41
43 44
36 46
15 20
34 40
1 22
