22 51
12 28
20 51
48 51
1 51
16 46
20 34
18 37
44 47
3 32
44 51
1 40
19 47
39 45
2 47
2 37
1 50
17 20
2 51
36 47
1 12
20 46
37 47
36 51
15 47
26 46
20 26
5 12
15 40
27 40
26 37
15 20
17 30
10 38
29 43
31 44
1 29
32 43
22 26
1 32
41 47
26 35
14 47
5 41
1 46
0 46
39 43
36 43
1 45
1 41
14 32
10 23
19 32
32 46
3 23
19 43
6 26
18 47
27 46
2 45
20 45
36 46
37 40
9 40
22 41
47 51
10 36
40 43
1 47
45 46
14 49
12 32
10 47
23 41
40 41
4 34
32 40
1 43
10 51
12 51
26 47
13 45
17 41
40 47
7 26
45 47
46 47
8 45
32 51
26 45
40 50
12 45
19 20
32 41
26 40
