12 51
21 45
17 22
7 11
9 33
6 18
11 26
43 48
21 41
33 42
31 43
36 45
12 21
36 50
5 33
5 42
44 48
27 42
42 48
19 39
34 51
33 43
19 36
20 42
7 33
8 44
14 43
5 21
24 36
12 19
8 36
8 30
16 51
7 13
4 24
19 31
16 29
14 49
3 42
31 45
15 33
35 48
8 19
16 34
8 23
14 20
16 44
15 21
23 36
18 25
9 20
15 36
19 21
8 33
30 33
24 45
34 43
36 42
9 39
16 49
6 30
3 31
4 11
17 18
15 51
9 28
13 15
0 30
19 49
8 42
24 43
11 42
4 33
21 42
15 48
12 45
19 25
38 48
19 48
33 39
11 48
13 51
14 51
17 48
12 42
29 30
36 41
23 49
23 48
18 51
31 41
39 48
23 33
23 28
24 25
12 17
17 43
34 44
38 41
4 17
19 42
14 22
3 24
26 44
31 34
14 48
7 50
23 45
34 48
17 19
8 32
8 51
14 31
20 36
31 48
43 51
17 34
3 25
34 39
19 43
33 50
44 49
34 38
21 44
9 43
16 31
21 31
19 20
8 49
3 5
16 45
44 45
13 45
30 51
3 33
42 43
8 45
28 34
35 49
21 23
4 25
30 39
21 51
4 35
31 39
12 33
4 8
25 33
21 24
7 12
36 38
31 38
4 49
7 20
24 39
15 50
14 23
16 24
14 44
24 49
20 45
10 50
29 42
3 43
17 33
50 51
11 45
8 14
13 49
17 36
16 42
22 36
21 49
20 50
17 38
17 49
5 18
26 43
25 51
13 31
34 41
26 45
23 24
4 48
13 36
7 10
16 36
14 50
31 51
15 20
25 45
3 11
25 44
3 36
13 33
25 34
17 51
17 25
34 49
27 33
4 15
33 41
14 36
20 23
21 35
4 44
2 18
32 33
9 14
16 22
20 33
31 49
30 49
21 22
26 36
13 24
7 28
24 26
3 4
30 36
20 51
35 39
44 51
30 34
19 41
13 35
21 33
4 23
20 41
24 35
34 42
8 12
14 19
30 48
42 45
21 48
19 30
8 24
19 22
8 17
19 29
49 51
5 7
21 39
33 51
13 34
14 33
41 49
32 49
34 36
12 13
3 7
24 31
45 50
19 45
12 36
17 21
24 33
14 21
22 45
26 50
9 31
18 19
36 51
17 24
21 43
14 24
5 10
21 34
20 24
33 44
28 36
13 17
17 45
17 41
19 24
41 51
31 44
11 33
8 21
45 49
49 50
17 30
16 33
15 23
13 28
43 44
14 39
19 51
8 48
25 30
17 23
10 26
24 30
31 33
12 22
19 33
26 33
12 50
19 34
33 45
33 49
33 48
13 20
30 43
11 47
25 36
9 41
16 43
25 26
33 34
8 25
33 36
20 48
16 25
21 30
18 31
11 17
9 44
17 20
36 43
20 34
19 50
24 51
20 21
30 31
8 34
36 49
41 48
3 48
24 48
16 17
13 22
13 21
12 31
20 31
21 36
44 47
35 50
8 31
20 39
32 38
29 41
36 48
19 38
43 45
8 20
36 39
39 42
17 44
25 39
43 49
28 49
31 36
22 33
34 45
14 17
31 50
8 22
11 23
8 43
48 49
48 50
45 48
10 45
0 33
8 41
20 49
