9 15
3 44
43 44
13 31
15 18
9 33
8 18
17 43
25 51
33 42
8 50
11 45
16 51
16 48
4 36
4 51
8 34
35 41
31 43
39 44
20 43
33 43
19 36
24 34
22 36
5 18
36 38
35 50
24 36
17 41
8 36
19 50
8 20
3 8
38 49
19 31
19 39
14 36
22 33
24 45
23 25
48 51
8 19
34 50
48 50
21 26
38 45
8 42
7 24
3 33
9 21
28 42
19 21
8 33
30 33
19 41
12 16
13 30
25 35
11 49
23 42
9 27
23 41
23 45
29 36
5 9
20 21
4 48
19 49
13 20
39 48
4 26
4 33
9 16
34 44
23 48
13 51
33 35
20 34
30 49
12 15
24 44
6 31
17 48
18 47
18 20
23 36
10 22
30 48
14 50
5 25
34 35
12 33
25 38
36 39
17 51
15 36
17 39
50 51
0 25
42 48
34 48
17 34
12 20
20 44
7 43
17 42
20 24
19 45
8 30
3 41
8 51
22 31
20 36
31 48
24 43
4 7
14 45
29 48
7 44
33 50
19 25
20 30
21 41
3 42
13 21
21 31
42 44
30 42
8 47
21 39
15 43
2 30
36 42
11 28
11 44
4 8
10 39
41 51
14 31
3 31
17 49
11 21
12 28
4 21
31 42
6 26
34 49
21 24
23 33
24 50
30 34
17 31
5 13
4 19
13 45
14 21
12 32
39 45
19 51
22 23
8 31
12 31
13 34
17 33
43 49
11 34
22 32
12 43
17 36
45 49
8 14
21 45
22 45
16 34
17 19
15 49
30 51
21 49
33 39
21 38
17 29
9 31
35 48
21 43
8 23
16 25
24 30
4 35
33 51
44 48
5 31
12 36
16 24
14 34
30 50
12 45
18 33
26 33
28 33
19 34
33 41
7 36
13 33
3 36
8 13
13 26
11 33
14 44
21 51
20 33
4 42
31 49
7 17
14 23
49 51
39 41
14 24
27 28
30 36
20 45
13 17
3 49
21 34
13 35
17 44
21 33
7 18
21 23
19 24
7 21
7 20
19 30
23 43
25 41
16 21
8 16
12 24
22 50
14 17
3 26
26 49
31 45
16 31
11 31
43 48
14 33
19 26
5 28
34 36
34 42
26 48
24 31
31 32
9 24
9 18
15 17
24 33
20 48
11 24
38 39
43 45
14 48
44 51
17 24
21 48
13 25
11 51
34 41
25 45
7 33
12 50
13 36
32 43
41 42
14 19
24 51
45 48
33 38
8 21
42 49
45 51
17 21
16 33
12 34
19 44
10 21
15 19
34 51
8 48
20 41
3 22
25 30
24 49
31 33
22 43
19 33
17 45
36 45
20 31
33 45
33 49
33 48
14 42
42 51
16 20
8 15
25 33
19 43
25 50
33 34
36 50
33 36
19 48
8 17
14 39
44 49
39 43
22 48
19 20
36 43
41 49
16 43
20 39
36 41
31 34
13 24
36 49
44 45
15 20
24 48
25 49
11 12
14 51
23 50
16 28
21 36
10 33
3 19
10 17
17 20
19 42
14 49
36 48
17 25
31 51
13 14
30 43
16 45
36 44
26 45
25 29
4 38
31 36
5 33
17 30
36 51
0 8
39 49
17 50
30 45
8 49
23 29
48 49
8 24
3 4
23 44
20 49
