34 51
19 25
26 36
3 8
3 49
0 29
10 47
30 33
21 49
44 45
14 31
36 44
20 35
17 18
25 49
30 49
11 50
17 23
26 35
12 19
24 34
20 33
21 44
25 43
43 49
8 34
30 36
32 43
14 21
13 42
20 36
0 12
22 25
19 42
11 42
8 48
8 42
31 39
25 33
6 18
19 51
14 39
20 39
3 34
15 19
14 15
15 33
41 49
20 26
23 33
44 47
24 49
30 51
13 16
3 21
35 48
25 26
20 31
4 51
38 48
16 45
16 17
34 49
22 49
24 42
12 33
25 27
8 38
24 35
3 15
33 41
4 24
45 49
31 51
14 48
13 20
44 51
25 31
21 25
22 51
20 30
33 45
42 49
17 49
33 44
21 34
20 21
36 39
31 45
39 41
48 50
5 17
33 35
30 31
20 42
17 48
17 24
3 19
24 51
17 30
33 43
11 33
43 50
39 51
17 27
16 33
8 19
16 48
21 39
16 50
30 50
13 50
25 41
19 43
36 51
38 51
17 45
19 45
18 28
7 8
33 42
7 51
17 34
13 21
15 21
24 45
8 30
20 48
17 43
14 41
4 48
22 33
17 51
43 45
9 48
21 28
4 21
2 32
43 51
12 42
45 48
33 39
36 41
15 36
11 28
8 12
36 48
13 36
9 33
15 48
36 43
21 30
24 31
8 31
17 19
12 24
18 33
3 7
4 13
45 51
50 51
17 20
17 50
20 23
17 33
31 35
31 48
17 31
30 38
17 36
19 44
31 43
14 19
36 45
8 16
23 30
5 32
26 32
24 44
49 51
14 17
5 12
14 24
18 34
13 44
16 20
31 34
3 30
42 44
13 22
26 50
5 21
16 24
5 33
45 50
17 21
15 49
13 24
7 34
21 48
21 31
8 23
23 34
26 30
34 48
9 24
19 38
4 28
8 44
9 11
9 43
19 36
31 49
42 45
14 51
22 31
16 38
25 42
11 41
7 49
15 43
14 34
8 51
12 44
20 45
41 51
21 33
28 34
8 45
36 49
5 20
28 43
13 49
3 43
4 22
30 45
9 22
5 14
4 34
19 21
25 36
19 23
34 45
19 20
20 24
23 49
8 17
10 23
3 44
29 43
18 41
14 43
19 30
17 44
19 48
12 36
23 41
4 49
28 33
16 18
21 51
26 33
12 17
20 38
23 25
11 16
16 36
12 31
18 36
8 20
8 33
39 48
43 48
3 9
19 39
48 51
22 39
11 45
22 41
14 25
19 34
25 45
8 50
11 20
39 42
31 41
13 51
44 50
17 25
23 44
4 45
36 42
8 36
16 35
31 33
17 42
19 33
31 42
12 35
7 21
12 14
33 49
33 48
24 33
11 31
12 41
15 31
16 34
34 43
19 41
33 34
21 24
33 36
24 48
19 49
23 36
26 45
29 45
7 36
13 33
3 33
17 26
10 30
30 48
34 44
22 45
11 21
8 43
21 43
7 41
14 36
44 48
19 31
4 50
34 42
6 36
8 21
20 49
7 24
19 24
21 42
21 36
38 49
13 48
13 39
24 39
33 50
14 33
7 33
20 50
9 31
9 29
8 24
31 36
29 39
14 45
8 49
36 50
4 33
13 23
24 36
13 14
4 10
48 49
10 33
8 25
34 36
23 48
