34 45
19 20
14 21
22 33
2 29
14 31
18 31
30 33
21 49
12 38
23 41
36 44
12 44
12 19
21 43
16 20
8 33
13 39
20 45
7 35
34 49
20 33
9 20
4 11
30 43
8 34
22 48
24 31
9 17
11 28
20 36
5 17
21 24
36 42
12 16
8 48
7 45
13 34
0 33
31 45
3 19
9 15
28 41
14 51
21 35
8 44
13 31
31 49
5 51
19 23
24 43
20 43
23 36
4 17
21 34
7 25
25 42
3 43
7 21
10 35
17 49
8 42
3 49
31 39
20 30
12 33
12 45
19 25
35 47
33 39
33 41
48 50
45 51
13 43
4 26
4 30
31 34
14 48
25 48
12 49
42 43
31 33
30 35
42 49
33 35
16 17
25 31
34 42
17 51
12 48
19 39
8 51
28 29
17 21
24 49
17 48
8 50
17 23
18 50
39 45
16 49
14 24
12 17
0 50
34 39
5 20
8 19
17 22
22 36
14 20
11 27
13 41
14 17
41 45
25 36
24 34
14 45
19 45
29 38
24 39
33 42
33 43
16 34
20 42
15 31
43 50
45 49
34 48
36 39
8 30
12 24
4 41
31 48
43 51
31 50
13 49
22 34
36 38
18 24
17 20
45 48
20 41
22 45
7 36
8 23
16 43
36 41
12 36
18 28
17 30
21 38
21 44
21 31
8 31
17 19
7 22
29 33
5 21
34 36
30 41
15 36
42 50
38 49
3 51
17 33
18 48
20 31
17 31
24 45
17 36
28 33
4 51
19 48
36 45
25 49
21 48
38 41
18 25
13 20
49 51
10 24
33 45
9 21
44 48
26 44
3 20
30 48
48 51
15 21
6 27
16 21
21 26
4 16
24 51
5 12
50 51
23 24
17 24
19 50
21 30
26 51
20 44
32 45
13 23
34 43
44 49
12 42
19 26
33 44
11 51
23 51
19 36
8 11
4 22
29 42
36 50
18 33
6 35
10 26
30 31
39 49
13 19
20 51
25 33
15 33
14 22
21 33
9 31
8 28
36 49
9 32
14 38
21 23
28 44
8 20
33 51
15 25
3 17
3 50
7 33
24 42
14 19
15 17
19 42
23 25
3 12
8 17
31 44
11 23
20 49
15 24
19 44
30 34
21 50
26 48
17 44
24 44
3 15
9 33
25 39
21 51
5 33
39 42
14 41
8 14
4 42
17 34
32 51
8 26
26 31
3 44
9 38
43 48
8 45
13 45
15 48
36 43
33 48
8 49
43 45
19 34
8 43
16 36
4 19
43 49
17 25
18 45
24 48
22 49
16 25
20 39
10 51
8 36
7 34
44 51
17 42
19 33
5 23
30 49
48 49
34 41
33 49
44 45
24 33
13 25
24 50
16 19
13 21
8 13
14 39
33 34
24 25
33 36
14 50
19 49
39 48
23 34
34 51
26 30
13 33
3 33
19 22
16 48
23 33
16 45
30 36
13 17
11 43
19 43
13 30
14 36
10 32
19 31
14 49
4 45
30 44
8 21
11 31
19 21
20 24
9 16
21 36
31 41
13 36
41 43
23 43
33 50
14 33
7 48
21 45
20 50
8 41
8 24
31 36
16 30
3 36
7 39
14 35
4 33
36 48
24 36
11 47
25 34
31 42
11 33
42 51
11 36
4 48
