17 42
14 44
15 33
29 30
36 50
33 38
9 33
33 39
22 49
20 30
33 44
14 28
21 23
20 41
20 24
43 49
8 33
10 44
11 17
4 48
43 45
20 33
17 20
30 51
5 33
12 21
5 30
20 45
30 49
7 11
25 51
17 39
14 43
22 45
12 39
25 48
14 41
14 39
8 51
18 33
47 50
16 43
17 19
3 9
17 45
15 49
16 19
21 36
19 27
31 45
4 45
48 51
24 50
17 48
10 38
25 33
39 44
4 36
8 44
13 31
34 49
3 28
33 34
31 42
17 51
11 49
31 43
33 42
15 25
6 9
19 24
5 18
7 45
3 48
20 48
24 31
8 50
24 41
31 48
21 44
14 33
31 33
7 48
19 30
11 21
19 20
41 48
20 39
20 31
23 44
11 33
17 49
14 45
11 45
2 29
4 30
0 4
14 19
14 23
13 39
21 41
8 24
18 48
31 49
43 51
17 24
11 15
13 42
17 30
15 29
16 21
38 48
8 17
30 33
8 49
19 45
12 23
31 41
20 35
24 33
14 21
45 48
24 44
29 50
15 31
21 45
25 49
8 43
48 50
9 11
8 12
7 35
45 49
8 15
21 42
12 36
28 51
39 42
16 51
22 39
43 48
19 34
5 14
43 44
16 50
22 38
17 31
28 36
36 39
34 44
14 36
4 41
21 31
14 24
22 33
18 49
23 34
3 51
34 36
24 51
17 25
8 30
24 36
9 21
17 33
8 35
11 36
23 35
16 30
17 36
4 13
25 36
7 51
45 51
13 49
21 48
17 44
28 33
13 20
3 50
44 50
33 45
4 42
6 25
12 34
4 39
19 23
12 24
22 36
36 51
3 24
19 26
23 51
9 42
21 32
17 43
39 45
16 48
16 17
15 36
19 41
14 50
14 48
19 48
20 34
36 49
20 49
31 51
13 22
3 18
12 31
19 31
22 24
25 30
20 36
5 31
12 16
26 34
25 31
17 41
8 20
12 43
36 45
3 8
20 42
30 48
21 33
34 48
24 42
4 20
23 31
35 41
8 34
7 41
35 49
33 51
7 33
35 43
30 43
20 26
20 28
19 36
20 51
13 30
16 36
49 50
9 17
31 44
33 43
11 35
34 43
18 36
14 49
42 49
8 31
23 41
8 26
32 51
21 51
9 10
12 45
19 42
26 33
24 45
30 31
7 34
8 41
42 48
3 33
21 30
24 48
7 10
8 19
8 45
7 23
34 51
50 51
33 48
3 38
21 49
34 45
23 45
17 34
28 31
8 25
26 44
5 38
36 38
20 21
24 26
42 45
19 43
8 36
41 44
39 51
15 19
19 33
13 43
4 8
8 48
15 34
33 49
20 43
42 50
30 34
21 34
8 21
13 17
12 42
22 44
24 49
48 49
33 36
29 47
0 17
3 19
12 48
11 18
13 36
33 50
24 43
16 32
10 39
33 41
16 33
25 32
13 45
4 49
19 50
13 51
21 25
16 49
3 21
34 50
24 25
13 26
5 43
18 25
14 17
31 34
22 26
14 38
4 33
16 34
17 23
19 21
12 33
9 19
13 33
17 21
23 33
25 45
21 43
31 36
16 42
31 39
14 22
21 24
19 49
36 48
36 42
23 36
13 24
19 44
25 26
27 36
13 34
36 44
