12 41
8 19
7 33
34 43
36 50
20 42
14 25
17 42
3 48
20 34
8 9
34 48
8 49
7 48
24 36
22 24
8 33
21 24
21 25
19 21
42 50
20 33
12 34
43 44
4 49
12 45
22 36
13 50
18 21
25 43
25 36
12 39
31 49
18 35
14 17
12 13
18 31
33 39
9 43
9 42
30 34
43 51
19 24
12 51
16 24
7 17
29 36
8 24
26 28
25 42
20 48
48 51
15 36
22 48
20 41
25 33
30 48
10 27
8 30
13 48
4 45
28 47
33 34
35 42
23 33
32 33
14 42
14 43
12 49
4 33
39 42
17 25
15 33
17 30
8 16
24 31
19 23
22 42
31 48
31 50
14 33
31 33
14 50
0 30
16 26
3 38
24 43
10 13
17 31
5 48
16 35
17 49
15 41
30 51
28 51
30 45
24 44
4 39
17 22
31 43
5 16
9 31
4 24
7 30
11 19
9 33
17 23
29 42
32 41
23 36
14 21
13 44
8 17
30 33
26 33
35 36
5 36
21 31
8 43
24 33
26 34
19 45
10 33
11 20
34 51
21 45
7 44
18 48
21 41
12 50
20 44
8 51
27 32
8 21
16 21
26 44
36 43
17 45
9 38
45 50
20 49
19 34
31 42
22 38
20 24
17 48
25 34
17 50
8 14
24 42
16 36
5 35
34 49
35 39
23 30
19 49
43 48
11 49
34 36
22 45
17 19
3 41
23 49
3 49
17 33
19 39
8 48
42 48
31 45
17 36
23 51
11 43
6 51
38 48
4 36
42 49
15 38
8 15
22 33
13 14
14 24
33 45
29 48
6 24
39 43
39 41
49 51
24 49
7 15
36 51
43 49
14 48
20 21
31 39
3 22
17 29
34 45
3 28
23 26
25 30
7 47
8 25
14 41
19 44
41 45
21 49
41 49
24 50
16 34
11 23
19 30
19 31
29 33
43 45
21 36
21 30
24 45
20 39
8 50
33 38
34 44
11 24
36 45
23 25
30 39
21 51
21 33
4 41
4 43
7 21
30 36
13 19
8 34
14 51
25 49
33 51
16 33
11 26
18 33
33 41
14 34
31 36
17 34
17 39
30 31
31 41
19 48
21 34
33 43
13 43
20 36
12 44
7 20
15 45
44 48
16 41
8 45
4 17
42 45
22 49
19 43
44 50
17 44
36 49
12 17
17 26
5 31
16 44
12 33
15 16
0 10
19 51
36 44
45 48
33 44
8 44
28 35
33 48
3 16
14 49
24 48
45 49
16 20
5 11
31 34
11 21
3 19
13 36
9 21
25 45
14 36
8 36
31 38
20 45
2 48
19 36
19 33
25 51
11 31
39 51
31 51
33 49
21 23
19 50
19 25
24 51
33 42
20 35
12 18
14 30
17 24
48 49
33 36
36 39
21 44
23 34
20 26
28 33
15 20
33 50
21 43
4 48
21 39
4 8
13 23
8 13
32 50
20 31
16 18
4 34
12 19
5 44
14 19
45 51
24 34
20 50
13 45
21 50
10 20
13 30
8 31
26 43
13 33
3 31
36 42
14 45
7 19
3 42
18 36
17 21
8 23
13 49
4 51
8 20
9 24
13 25
17 51
3 51
9 11
36 48
20 23
19 41
13 21
15 22
3 25
38 49
12 31
17 28
