8 30
3 42
7 33
11 39
20 44
9 16
20 25
17 41
4 48
16 29
14 36
17 24
0 7
50 51
24 36
39 45
33 49
21 50
43 50
19 21
16 24
28 44
8 34
14 17
10 36
19 47
19 42
34 51
15 50
5 12
12 34
8 26
13 49
31 34
13 15
19 28
19 34
33 39
36 44
41 45
11 49
25 50
20 51
9 23
13 45
23 49
9 12
20 31
28 36
3 49
12 44
20 24
11 19
19 20
25 41
8 23
3 30
26 48
7 8
24 48
17 38
3 34
33 34
13 22
23 33
41 49
23 43
5 35
29 38
4 33
34 50
30 42
43 47
7 20
10 23
19 31
28 45
19 48
22 42
39 48
14 33
31 33
33 50
19 30
4 29
10 49
8 29
7 49
31 48
26 45
16 43
17 49
17 51
21 23
38 48
4 45
44 45
4 41
16 42
3 36
12 31
31 45
17 35
23 39
13 19
18 33
19 24
12 48
24 39
3 33
12 42
11 32
8 17
30 33
26 41
30 36
24 50
21 31
3 14
24 33
0 48
19 45
11 33
13 33
24 25
4 22
21 25
31 43
24 44
17 43
39 50
31 41
25 30
8 21
19 50
14 19
36 43
17 45
15 17
11 21
4 51
17 34
22 41
16 19
5 30
17 31
3 20
13 17
4 18
17 19
30 45
15 35
48 49
42 45
16 38
19 49
18 44
8 50
38 43
9 44
17 21
20 30
17 23
17 28
17 33
8 14
21 26
25 36
3 21
17 36
4 38
23 36
9 41
4 36
13 14
14 22
14 24
16 50
20 34
13 39
30 35
33 45
14 45
30 31
32 36
4 17
20 49
34 48
11 17
36 51
5 33
7 23
3 51
34 44
43 51
9 24
48 50
25 51
8 42
16 17
45 48
20 21
12 25
20 22
20 48
21 49
19 25
8 24
13 23
38 51
7 12
12 19
31 39
43 45
21 36
42 43
24 45
8 13
21 30
20 26
14 51
30 43
36 45
17 20
18 29
36 39
21 33
30 49
24 34
16 33
9 36
22 34
9 34
14 31
41 50
33 51
20 33
20 42
36 50
33 41
12 21
31 36
34 43
8 51
30 34
31 49
8 20
19 22
33 43
31 32
20 36
13 34
13 36
8 45
34 45
35 48
6 15
21 39
12 13
10 18
43 44
11 36
17 26
36 49
24 49
12 18
39 41
26 49
12 33
19 41
25 31
31 51
24 42
17 48
33 44
14 48
27 33
33 48
3 4
38 45
8 31
45 49
24 31
20 45
5 18
8 16
4 35
8 43
14 34
14 25
14 49
8 36
21 34
7 51
30 48
19 36
19 33
45 51
25 48
39 44
15 25
34 49
21 48
9 28
15 41
5 43
33 42
5 15
16 36
11 14
23 24
18 48
33 36
41 43
34 36
6 42
21 51
25 33
43 49
22 33
21 45
14 21
13 48
8 49
16 32
8 48
42 49
21 44
7 24
19 43
22 24
25 26
48 51
11 42
13 31
14 20
2 27
13 21
8 33
44 48
8 19
44 51
33 35
17 44
36 42
16 21
3 31
49 50
22 25
30 51
31 42
35 44
15 20
23 31
42 51
7 21
49 51
15 39
11 43
36 48
26 33
24 51
28 33
10 33
16 23
31 44
21 24
8 39
