20 45
26 41
34 44
35 49
36 50
11 12
21 24
17 21
24 48
30 50
13 34
17 24
8 44
12 17
24 36
28 33
33 49
16 51
14 45
16 20
39 48
13 17
48 51
17 41
24 31
4 17
16 48
8 50
15 24
9 41
19 44
7 27
9 18
7 44
14 20
31 51
16 17
33 39
24 51
45 50
7 43
23 48
12 43
14 31
13 19
12 19
13 21
17 32
4 12
15 49
20 51
21 34
5 24
0 45
22 38
23 44
20 30
12 45
20 22
20 23
25 44
23 49
33 34
29 39
17 50
5 21
36 43
31 48
41 45
31 50
39 51
21 30
8 24
30 48
26 33
19 31
5 33
20 41
16 33
10 39
8 19
31 33
21 45
8 12
3 49
31 41
35 42
11 21
17 48
36 38
4 26
16 42
17 45
13 33
24 35
21 43
4 19
17 44
8 16
17 30
3 7
13 25
8 34
32 34
0 36
30 36
43 45
19 43
3 44
3 15
23 43
5 13
8 17
7 33
42 51
8 43
16 22
21 31
3 33
24 33
20 49
21 50
4 33
13 14
41 48
11 36
26 38
19 51
10 28
31 42
15 23
36 44
3 36
8 48
50 51
7 36
22 30
17 26
33 44
6 22
30 45
34 48
9 47
14 34
13 48
17 31
29 51
14 25
23 34
17 49
23 42
12 18
12 14
34 39
22 33
23 31
19 24
27 38
22 45
3 45
16 36
14 42
20 25
12 21
17 33
19 30
16 24
9 21
3 39
17 36
15 36
17 19
19 21
31 44
3 13
48 49
8 35
4 20
7 9
12 49
3 25
33 45
14 24
31 45
18 33
24 25
19 25
9 33
45 51
34 43
30 33
43 44
11 17
21 41
19 48
20 35
14 49
24 45
4 36
20 31
42 45
41 51
19 23
15 33
5 8
4 14
11 26
11 33
18 21
34 42
39 42
39 41
28 41
13 31
21 36
16 19
5 43
14 16
45 48
21 51
14 30
19 38
36 45
25 38
10 33
12 36
21 33
28 30
24 50
30 39
25 31
22 51
25 43
49 51
19 45
33 51
20 33
4 8
39 50
33 41
13 35
31 36
5 39
21 26
20 34
31 49
20 48
33 50
33 43
17 51
15 20
24 34
44 45
8 14
4 43
11 44
17 34
48 50
19 20
14 19
13 32
24 42
8 42
36 49
24 49
21 47
11 43
38 51
14 33
4 13
25 42
31 34
44 49
17 20
33 38
10 51
16 21
33 48
20 21
4 49
8 31
44 48
29 50
8 45
2 23
31 43
18 24
18 39
4 24
34 49
16 49
8 36
15 34
14 43
8 21
19 36
19 33
12 48
7 19
11 34
9 48
43 49
42 44
19 34
26 51
29 36
33 42
20 36
9 45
15 35
23 28
16 41
33 36
17 42
34 36
25 49
21 49
25 33
19 49
25 36
3 23
34 45
8 29
8 49
3 6
8 51
45 49
24 44
25 48
43 48
28 32
18 26
28 31
22 31
21 48
18 41
14 36
7 20
8 33
11 23
8 41
13 24
21 25
31 39
30 51
36 51
36 42
10 35
23 33
19 39
9 17
42 43
25 50
22 48
26 30
13 43
42 49
49 50
30 31
36 48
14 17
12 30
7 11
15 48
13 36
8 20
22 50
30 34
