35 41
18 33
13 34
14 23
3 31
33 44
13 51
17 43
16 45
33 39
34 39
22 50
26 44
17 19
28 47
14 24
43 51
11 51
31 43
19 30
19 49
33 43
19 36
5 31
39 48
23 24
16 36
34 48
19 24
15 43
8 36
8 48
9 18
14 16
25 36
19 31
4 36
14 36
8 42
9 49
9 48
39 44
23 25
5 48
25 43
21 51
24 38
21 30
26 33
33 42
14 19
9 21
19 21
31 38
39 49
18 45
11 34
30 31
9 12
14 42
12 42
13 39
17 25
4 35
8 19
14 49
19 23
17 30
5 50
15 22
17 42
41 49
3 30
29 35
8 43
4 42
12 33
33 35
14 31
23 49
31 45
20 44
41 48
17 48
5 9
22 32
45 50
13 23
13 49
24 49
16 48
14 34
22 38
8 50
36 42
35 48
17 24
16 21
19 50
4 26
20 50
22 45
16 43
0 5
33 41
17 23
24 36
28 31
19 45
8 14
12 36
6 51
19 43
20 36
31 48
13 25
14 41
34 45
26 31
17 49
30 33
24 51
20 45
6 12
42 49
3 20
21 31
19 26
26 49
8 45
21 24
43 50
23 50
18 44
7 33
3 23
30 44
3 19
5 8
12 24
38 39
24 39
34 51
20 49
4 33
34 42
20 31
18 50
15 48
23 33
3 25
17 50
18 31
15 34
4 10
11 39
19 51
0 17
13 33
11 44
19 44
8 31
17 28
9 30
17 33
21 25
7 32
7 19
3 12
17 36
45 49
20 48
21 45
16 34
21 23
17 34
22 48
4 9
21 43
3 24
41 47
13 19
28 35
42 51
27 51
31 50
31 34
11 31
20 24
33 51
8 41
7 49
12 13
34 49
13 21
17 22
22 30
10 11
15 33
21 48
42 45
28 33
44 45
3 8
27 43
44 48
16 42
11 33
30 41
12 20
20 33
28 36
31 49
21 44
26 48
31 51
34 43
20 25
8 34
30 36
10 20
29 31
13 45
8 39
30 43
11 24
21 33
14 17
44 49
16 44
4 21
22 36
41 45
8 24
20 21
21 39
29 44
8 49
4 49
14 45
23 36
34 50
12 51
7 29
24 45
42 48
14 33
24 30
29 38
34 36
2 10
43 48
24 42
30 48
24 25
4 17
12 21
24 33
8 20
21 42
8 25
19 25
18 36
4 7
23 48
17 26
25 41
22 51
7 20
28 41
8 33
43 45
38 49
12 43
8 51
39 45
16 19
45 48
14 21
8 21
26 30
23 45
17 21
16 33
20 26
36 50
21 49
12 25
33 38
7 12
15 16
49 51
3 17
30 34
31 33
3 33
19 33
17 45
36 45
16 39
33 45
33 49
33 48
8 30
19 41
15 41
11 16
25 33
11 13
9 51
33 34
25 34
33 36
19 48
8 17
35 51
33 50
25 31
23 43
19 20
36 43
16 41
25 48
39 42
22 33
20 34
15 17
36 49
42 44
13 50
24 48
13 36
14 15
14 51
13 24
14 43
21 36
17 51
30 45
4 13
17 20
15 38
50 51
36 48
24 41
17 31
35 44
4 32
21 34
36 44
19 34
7 21
20 39
31 36
10 33
14 20
36 51
7 36
3 36
8 32
24 43
11 49
20 51
48 49
31 44
8 13
5 36
18 42
