19 24
25 41
9 30
3 12
7 33
20 48
36 50
13 15
16 33
41 49
43 48
14 25
17 19
11 48
13 36
17 24
33 49
33 43
41 48
0 30
20 31
5 29
31 34
14 42
8 50
7 21
31 39
12 49
8 22
4 33
12 19
3 21
38 45
3 36
11 42
36 42
12 48
22 39
33 34
34 45
35 51
13 38
8 17
12 35
19 31
16 51
47 50
19 34
3 31
24 51
19 36
22 31
11 33
32 42
22 44
25 34
16 31
17 34
25 30
14 33
25 39
14 21
24 33
39 41
17 44
20 22
25 48
8 43
45 48
26 45
50 51
14 44
9 34
17 36
7 19
19 23
38 50
42 49
8 13
6 15
27 35
33 48
44 49
8 21
15 17
8 24
23 32
25 36
28 33
31 45
18 43
4 20
16 19
13 33
4 25
21 44
7 31
21 34
23 45
36 38
17 49
21 50
20 34
11 34
14 17
26 36
30 31
30 36
31 43
44 45
36 48
11 20
25 31
14 22
15 51
26 31
21 39
21 31
14 34
17 29
10 21
8 48
8 26
5 28
17 31
16 24
8 12
5 15
17 21
36 43
39 51
3 8
14 49
20 42
19 42
23 33
8 19
3 29
14 50
19 26
9 49
13 48
30 39
48 50
36 45
24 31
41 42
3 17
30 51
14 51
6 44
15 30
13 31
16 43
5 41
43 51
33 39
20 44
12 24
23 48
12 25
48 51
14 20
14 43
17 33
42 45
23 24
22 30
44 48
24 36
17 42
21 45
20 45
22 36
11 21
48 49
23 49
19 21
8 51
21 51
16 41
33 45
19 22
21 30
17 48
33 44
33 41
39 45
31 49
12 33
8 45
31 36
4 50
9 32
13 45
10 16
2 43
17 22
7 42
33 50
26 35
16 45
15 49
34 51
15 38
8 20
12 43
7 36
18 48
18 27
28 41
34 43
4 28
33 51
21 36
31 41
14 36
19 39
4 48
23 36
24 43
8 44
12 21
34 35
3 48
11 14
21 33
15 36
9 33
44 50
31 48
31 42
8 14
26 50
3 33
31 33
43 45
7 15
33 38
4 34
18 31
12 34
21 48
19 41
5 33
18 24
3 5
20 30
17 30
8 30
4 36
5 9
42 44
3 39
26 33
12 23
26 42
19 45
19 51
18 33
20 33
38 51
4 19
36 49
9 48
25 51
25 43
25 33
17 39
11 13
19 49
30 34
20 24
20 49
11 44
14 45
13 17
16 23
41 51
33 47
42 43
32 33
24 45
16 39
12 18
17 20
30 49
10 29
7 49
33 42
9 10
8 36
7 13
11 45
34 48
45 50
19 33
25 49
4 23
36 44
19 50
20 21
43 49
13 39
19 44
10 35
24 34
34 44
24 25
44 51
8 31
45 49
33 36
20 43
34 49
20 36
24 49
30 45
30 48
28 36
14 24
16 18
17 51
13 20
4 8
14 16
49 50
3 24
21 42
4 51
9 17
21 24
24 48
13 49
20 28
31 51
41 43
0 16
8 33
7 17
8 49
21 23
49 51
4 41
23 28
16 36
11 39
8 35
13 43
29 36
24 38
13 34
21 35
19 43
8 23
19 48
21 22
30 33
17 25
13 24
21 25
24 42
17 45
19 20
20 26
17 41
23 50
34 36
