10 41
18 24
34 48
7 50
34 50
9 33
11 21
19 43
31 45
33 39
16 19
15 25
30 50
17 19
13 18
19 30
7 20
23 36
36 50
16 23
19 49
33 43
19 36
4 20
11 50
30 51
4 36
17 34
24 45
12 15
8 36
8 48
5 38
30 49
13 25
31 48
0 33
14 36
8 42
20 43
15 23
25 48
25 31
33 44
30 43
21 51
17 42
3 21
33 38
33 42
4 39
21 39
19 21
24 48
13 38
0 16
19 42
19 31
5 33
34 44
7 21
39 45
41 49
19 28
8 19
14 28
15 19
14 39
8 26
22 51
20 42
4 34
16 45
6 16
13 45
12 25
12 33
21 26
26 43
17 26
9 16
3 24
5 12
17 48
11 16
19 27
31 44
7 29
3 28
14 21
8 21
14 34
16 26
9 43
36 42
11 34
17 24
22 41
19 44
8 34
18 31
17 41
17 30
14 49
33 41
23 25
24 36
25 29
19 45
24 49
12 36
21 35
43 44
20 36
15 41
4 22
32 39
20 30
3 45
44 51
30 33
24 51
4 48
3 19
44 49
31 39
21 31
31 42
30 31
8 45
21 24
16 43
45 50
13 31
11 33
3 11
26 39
20 24
14 24
42 43
8 30
24 25
5 43
20 49
4 33
34 42
20 31
12 34
8 15
23 33
20 51
14 25
14 41
12 50
7 22
11 22
14 23
4 35
13 33
17 43
20 39
8 31
20 29
44 48
17 33
20 25
41 51
19 24
12 23
17 36
45 49
20 48
21 45
3 42
16 31
34 51
28 45
17 39
21 43
18 35
7 36
13 19
31 51
7 34
48 51
9 31
31 34
24 31
20 26
33 51
26 44
43 49
4 49
34 49
21 41
14 26
13 14
42 50
15 33
21 48
24 42
7 33
39 49
28 36
23 50
25 35
42 45
23 41
25 45
35 38
20 33
5 27
31 49
17 51
3 43
19 20
13 51
9 23
8 44
13 36
12 48
13 17
34 45
10 21
17 18
3 8
21 33
14 17
13 34
8 16
11 36
8 50
24 44
8 24
24 41
7 41
21 25
8 49
48 50
45 51
36 39
49 50
12 51
15 51
24 34
42 48
14 33
26 36
13 49
34 36
17 50
8 11
16 36
23 48
7 48
4 30
12 39
24 33
39 50
20 21
14 43
19 50
30 44
28 42
20 23
41 48
13 44
19 51
4 41
38 44
8 33
36 43
32 42
17 44
30 41
4 43
16 20
45 48
21 30
21 49
4 23
19 29
17 21
16 33
22 32
12 31
42 49
31 47
8 17
24 30
16 39
49 51
17 28
9 38
31 33
18 33
19 33
17 45
36 45
3 17
33 45
33 49
33 48
22 38
9 17
5 44
11 19
25 33
8 51
12 49
33 34
25 34
33 36
19 48
10 18
8 14
33 50
9 49
23 45
17 20
13 47
9 32
3 36
22 48
33 35
20 34
24 38
36 49
15 24
30 48
35 48
22 36
3 14
14 51
13 21
43 48
21 36
25 51
5 24
17 49
8 22
15 31
31 43
36 48
2 6
17 31
8 12
11 45
21 34
36 44
19 34
44 45
20 45
31 36
10 33
14 42
36 51
10 51
30 36
29 33
22 43
25 49
18 21
48 49
35 45
23 30
8 43
13 48
