21 44
19 44
25 48
16 28
8 51
25 33
3 33
4 14
19 47
14 51
30 49
34 42
31 43
4 11
4 34
49 50
33 49
33 43
11 38
12 43
44 45
0 25
16 25
26 33
7 43
27 34
8 20
21 25
13 20
8 11
36 41
8 17
12 24
13 14
21 43
18 48
31 39
33 44
33 34
14 49
11 33
23 30
17 41
23 39
33 50
14 50
0 9
17 25
5 14
22 49
14 19
19 30
20 48
13 43
14 20
28 49
13 18
43 49
30 36
14 33
14 43
21 41
20 33
43 44
8 22
29 48
16 24
9 34
21 48
26 48
7 20
20 51
41 51
16 42
4 45
21 31
7 33
28 33
4 43
12 33
31 51
33 48
44 51
24 49
42 49
41 44
42 43
17 20
19 48
24 51
4 51
9 33
24 30
24 33
16 49
20 34
3 38
28 35
18 24
34 51
9 15
38 45
31 50
4 8
19 24
34 43
35 39
22 51
33 42
16 45
15 22
13 34
31 44
24 50
21 42
20 49
20 44
30 45
45 50
41 43
16 36
36 43
13 31
22 24
30 48
13 25
39 48
36 50
48 51
3 23
3 17
15 26
11 48
32 39
7 35
48 49
20 23
8 12
39 49
8 13
25 42
13 44
19 51
4 17
9 18
10 50
19 41
24 45
18 34
3 21
7 12
16 33
34 49
15 36
3 48
30 31
25 47
19 50
9 10
12 17
17 23
39 42
24 36
11 34
17 33
15 30
21 24
31 34
43 50
8 36
17 51
20 31
36 42
11 21
19 21
19 20
50 51
19 45
20 25
17 21
12 19
33 45
16 34
3 44
17 48
21 23
17 34
25 31
20 50
20 45
39 51
31 36
11 45
8 44
38 41
20 28
5 21
9 14
7 50
4 48
3 24
21 49
21 39
17 43
41 45
3 7
32 33
12 48
11 17
22 36
8 43
36 48
8 19
33 51
25 36
8 41
34 36
49 51
31 45
30 33
34 45
6 26
18 33
33 41
24 39
8 16
21 33
42 45
17 31
23 33
13 51
45 49
42 44
12 23
13 32
31 33
10 36
13 42
8 48
16 22
30 42
16 31
17 19
45 48
33 35
21 36
5 26
10 26
14 39
13 21
36 44
9 16
14 17
41 48
3 50
19 22
25 30
17 42
36 39
31 41
11 28
24 31
5 41
36 49
15 17
8 30
36 45
4 21
5 10
17 30
20 21
15 49
43 45
41 49
33 38
14 30
19 36
8 49
15 21
36 51
20 24
42 51
17 24
19 31
38 51
19 39
19 43
21 26
23 48
14 36
13 33
24 34
3 36
8 45
34 44
17 29
19 33
27 29
21 45
33 39
17 45
26 36
8 31
29 49
14 24
15 32
23 26
31 49
18 45
15 31
8 50
17 44
33 36
42 48
8 35
3 8
19 23
35 36
28 38
8 14
14 21
21 34
19 34
19 49
7 31
12 16
9 22
11 44
8 34
29 51
17 36
12 30
24 48
19 25
43 48
16 30
31 48
24 25
8 33
31 42
13 17
4 23
35 45
12 26
21 51
12 31
23 25
7 45
4 33
5 7
6 33
44 49
5 20
13 24
14 22
34 48
23 24
4 36
25 49
12 36
42 50
20 43
13 23
2 38
22 39
20 36
18 19
30 35
