21 44
32 34
8 11
17 20
8 51
2 33
10 33
29 31
11 20
16 42
12 38
16 19
12 51
22 44
11 45
8 43
33 49
33 43
4 22
21 43
31 45
24 50
14 24
28 33
34 41
15 36
8 20
34 38
18 21
24 44
17 36
8 17
15 31
11 31
30 51
12 44
26 33
14 44
34 48
15 49
10 11
7 35
14 43
30 36
15 33
4 18
3 36
41 50
20 21
13 48
13 21
13 50
20 48
19 41
25 48
30 49
33 38
43 49
26 36
14 33
12 33
4 21
20 33
34 44
19 50
17 49
41 51
3 19
21 28
30 48
11 38
45 51
12 34
3 39
5 7
21 24
9 21
18 26
48 51
29 33
14 51
33 48
8 34
20 30
42 49
34 45
13 41
22 29
19 33
41 49
13 20
14 22
14 42
24 33
36 49
7 43
18 49
33 41
9 31
23 43
16 41
13 24
8 15
14 38
19 24
4 30
20 34
20 22
33 42
20 45
14 25
13 34
31 44
42 50
7 39
8 49
4 26
39 45
12 36
25 49
14 20
36 43
15 51
16 45
3 51
13 16
42 44
36 50
21 48
10 43
30 31
23 39
17 22
25 31
7 11
48 49
34 51
24 48
39 48
14 31
49 51
3 35
19 23
24 28
17 23
11 24
5 18
24 45
9 15
4 5
38 43
16 33
34 49
25 51
39 42
22 23
12 50
5 31
9 44
7 18
17 34
28 48
24 36
19 39
17 33
13 19
23 24
23 44
24 43
8 36
17 51
20 31
36 42
24 39
19 21
19 20
12 45
19 45
20 25
17 21
25 36
33 45
12 13
31 34
17 48
14 21
7 33
21 26
10 20
16 30
16 51
31 36
11 35
36 41
41 48
3 7
23 31
14 19
33 50
36 48
35 42
31 49
31 39
17 43
26 44
8 30
38 44
6 18
4 50
5 33
35 43
21 42
8 19
33 51
8 25
17 50
34 36
21 49
31 41
30 33
11 15
20 39
9 33
22 33
20 24
28 32
21 33
42 45
17 31
23 33
20 23
45 49
41 43
13 45
17 41
31 33
4 17
13 17
8 48
15 48
19 30
8 45
7 20
45 48
33 35
21 36
3 50
21 22
4 25
13 36
36 44
35 45
23 45
31 42
9 51
27 32
4 8
24 42
36 39
0 26
8 13
24 31
23 30
9 25
14 35
12 42
36 45
34 43
8 12
17 30
8 21
49 50
43 45
5 49
39 51
10 30
19 42
3 33
26 49
16 48
14 30
17 26
17 24
19 31
21 41
11 25
19 43
36 38
8 23
7 36
13 33
23 36
25 44
8 24
5 45
21 32
17 19
16 44
21 45
48 50
17 45
16 36
8 31
4 31
14 17
27 47
22 28
20 49
16 39
15 26
8 42
19 36
33 36
19 51
24 25
0 45
4 36
21 50
12 17
4 29
13 44
21 34
19 34
19 49
3 48
16 23
43 48
34 42
33 34
19 22
17 39
24 30
14 29
19 25
31 43
44 47
31 48
24 51
8 33
44 48
14 48
36 51
28 51
3 30
21 51
12 49
42 51
33 39
12 25
16 17
6 33
24 49
19 48
30 34
14 34
21 25
17 25
8 18
13 49
41 45
8 50
20 43
16 49
43 50
9 48
20 36
3 34
3 9
