19 45
18 24
25 49
12 32
33 42
30 49
33 38
9 33
21 44
19 34
39 45
9 14
12 31
11 31
36 43
17 34
33 49
33 43
8 24
8 19
21 45
24 49
11 43
26 50
22 36
11 45
36 50
16 43
8 45
33 44
16 23
31 51
19 24
30 45
35 47
28 33
42 45
6 23
38 45
19 41
16 35
5 51
8 11
48 50
20 51
5 13
36 51
20 44
42 50
13 20
4 19
18 29
17 39
19 48
11 49
31 43
14 48
17 30
29 36
14 33
23 33
16 24
20 33
17 36
17 49
50 51
3 43
15 48
26 44
22 41
21 42
7 36
3 12
7 44
19 25
21 24
12 19
45 49
7 26
13 50
20 21
33 48
4 25
45 48
24 25
34 45
17 44
33 50
19 33
28 45
15 41
29 34
19 39
8 15
22 28
7 17
24 45
16 21
0 20
36 42
13 42
25 42
10 22
43 50
14 34
42 44
15 49
45 51
33 41
13 51
14 45
16 33
35 48
21 23
47 51
9 31
17 43
5 33
24 42
24 30
20 41
14 31
34 42
8 30
9 39
14 39
18 36
14 51
8 48
13 21
4 32
18 30
21 26
13 30
11 33
48 49
3 51
3 21
19 44
23 43
24 36
25 48
23 41
24 44
34 41
13 14
23 48
17 20
31 50
8 50
24 26
25 33
8 12
4 15
11 48
9 12
4 8
34 36
21 30
3 33
34 51
20 31
36 49
24 48
17 33
4 21
13 49
31 39
34 48
8 36
35 44
15 24
36 41
24 34
19 21
21 50
0 9
28 51
28 31
17 21
20 45
33 45
2 32
31 34
15 17
11 36
13 17
14 49
11 41
13 48
11 25
31 36
9 38
16 45
30 51
13 33
10 25
44 51
4 33
36 48
8 23
39 48
7 21
19 43
20 34
20 23
16 42
14 17
36 38
23 24
17 18
31 35
8 31
33 51
3 28
41 49
13 34
17 50
20 39
24 33
36 44
19 20
26 43
30 33
8 43
5 9
21 33
43 51
17 31
16 20
8 42
42 49
30 31
24 39
3 16
31 33
48 51
20 49
28 41
17 23
12 45
25 45
27 32
12 22
3 45
21 36
3 10
7 33
22 33
5 16
39 44
25 38
16 34
31 49
15 19
3 19
34 43
8 17
20 42
14 44
12 50
20 30
15 43
23 36
26 36
12 34
36 45
19 51
42 48
36 39
8 21
18 33
12 43
44 49
10 43
18 34
11 29
20 24
17 41
22 50
6 42
25 31
17 24
19 49
14 43
21 51
21 25
4 31
19 30
20 50
24 38
31 42
44 45
16 48
5 31
16 31
17 45
17 51
4 17
43 45
17 48
14 30
8 13
21 31
26 33
8 20
30 36
14 38
14 42
8 25
12 49
19 36
33 36
17 19
30 41
7 34
18 48
7 24
26 49
4 35
12 33
30 48
22 23
8 29
3 50
8 34
43 48
21 35
33 34
3 48
4 36
30 39
9 35
8 51
13 24
21 38
31 48
23 25
8 33
34 49
13 44
14 36
8 49
21 49
5 22
14 41
22 43
33 39
16 49
4 49
10 27
4 39
20 48
34 44
13 19
12 36
17 25
15 33
49 51
19 26
7 25
39 51
19 31
7 22
19 23
20 36
14 21
21 41
