19 45
20 39
12 28
42 51
33 42
26 36
33 38
9 33
9 42
21 34
19 30
34 39
11 20
49 50
20 42
17 34
33 49
33 43
8 22
19 34
21 45
23 30
15 23
15 21
14 36
5 48
36 50
10 35
20 23
33 44
24 34
31 42
9 45
45 50
11 31
28 33
7 25
25 43
19 20
3 22
4 24
21 50
21 41
23 42
22 51
12 48
45 51
9 50
15 26
14 28
39 42
9 36
4 17
19 48
2 16
31 43
14 48
9 34
25 45
14 33
23 45
3 48
20 33
17 36
13 49
16 30
16 39
4 36
12 23
4 20
21 42
5 11
18 33
27 28
19 25
21 24
19 43
20 51
15 31
11 36
20 21
33 48
16 24
17 45
24 31
34 45
41 48
33 50
19 33
15 41
16 36
4 28
26 29
13 19
30 45
12 34
24 45
16 48
30 43
36 51
3 5
16 35
7 38
12 31
14 34
30 48
15 43
41 51
4 33
14 19
7 13
16 33
16 44
21 23
21 44
6 29
17 43
11 17
12 29
9 24
24 26
30 31
15 44
8 30
35 36
0 19
0 13
16 51
8 48
13 30
30 49
39 49
21 39
5 45
33 35
48 49
26 34
7 18
20 44
44 45
34 36
21 48
15 30
13 18
34 44
13 45
19 23
17 49
30 51
17 50
16 49
3 33
24 39
14 45
28 51
19 24
22 49
31 36
21 30
11 33
34 51
20 31
36 49
45 48
17 33
20 41
14 49
25 31
34 48
8 36
34 50
8 45
12 36
36 41
19 21
11 16
11 49
22 39
49 51
17 21
20 45
33 45
20 24
7 31
14 17
43 49
8 19
14 24
11 19
25 48
22 45
12 25
44 49
4 9
39 45
13 33
3 10
44 48
26 33
14 26
25 35
8 39
5 33
19 49
16 34
38 42
3 19
13 51
14 51
32 47
17 44
18 48
8 31
33 51
35 47
22 36
20 34
8 50
16 17
24 33
10 22
19 50
25 33
30 33
13 28
4 13
21 33
12 43
17 31
42 45
4 10
19 42
41 45
7 49
16 21
21 31
8 51
34 49
9 27
17 18
39 48
13 21
24 25
13 42
41 43
21 36
14 20
7 23
22 33
30 32
14 42
31 49
13 48
23 48
3 31
3 14
3 17
8 17
3 49
8 43
5 25
23 41
18 49
23 36
34 43
29 32
31 33
19 51
36 42
20 48
8 21
29 33
17 25
14 50
15 25
4 31
8 13
24 36
17 41
8 11
20 22
31 44
17 24
41 49
19 36
21 51
26 48
21 26
4 14
19 39
11 21
34 42
19 44
23 34
18 41
3 43
45 49
17 51
32 33
8 24
17 48
36 39
17 42
31 51
7 33
24 49
30 36
15 24
8 25
21 38
7 12
36 43
33 36
17 19
18 38
20 50
36 48
24 50
30 41
24 44
12 33
43 48
31 41
22 35
12 24
7 8
20 43
24 43
33 34
36 44
23 31
26 42
35 50
43 51
20 30
43 45
31 48
4 50
8 33
3 38
13 17
41 44
8 44
21 49
6 21
13 43
4 8
33 39
12 51
17 38
10 36
8 12
24 48
31 34
42 44
17 39
5 8
14 43
20 38
8 49
31 50
25 51
19 31
25 44
25 36
20 36
8 14
23 51
