28 30
11 34
11 48
7 17
20 45
22 24
31 38
21 51
21 31
17 21
10 34
15 49
13 31
14 19
4 42
45 48
7 25
26 39
15 44
13 18
30 38
20 33
36 41
24 43
0 35
21 41
13 20
8 22
8 36
45 50
20 36
3 51
20 24
30 49
19 22
8 48
17 44
25 26
25 33
33 38
22 49
7 20
12 48
33 44
8 39
25 30
15 33
39 48
8 35
23 33
3 22
9 26
19 21
24 44
12 28
36 47
43 51
19 39
17 19
3 39
30 43
38 45
34 51
36 43
19 43
36 39
7 36
10 48
14 21
20 51
33 41
31 42
45 49
24 31
7 49
4 8
21 23
39 51
19 26
17 22
36 49
21 50
4 36
17 49
44 49
21 36
12 30
16 25
31 45
23 25
8 21
8 19
33 42
16 30
9 14
17 48
17 24
7 13
15 48
44 51
33 43
30 35
2 19
14 45
34 44
38 51
16 19
15 17
19 30
19 36
8 51
39 45
34 38
14 22
31 51
21 45
17 31
43 45
20 34
34 39
30 33
4 21
19 34
20 25
8 50
23 51
14 24
18 21
17 51
8 24
43 44
5 36
12 31
36 45
16 36
12 25
14 47
43 50
21 39
5 45
20 50
33 39
20 44
19 45
14 36
8 14
14 49
13 36
22 33
13 22
19 49
13 43
24 38
8 31
31 39
14 29
24 45
17 34
10 39
45 51
14 50
42 51
43 49
20 49
17 33
20 21
14 18
31 34
39 42
17 36
19 23
16 18
16 23
34 36
30 48
5 31
48 50
27 28
25 36
11 16
30 36
22 36
5 24
43 48
24 51
9 18
42 50
34 45
4 20
48 51
31 44
9 28
24 49
4 41
20 22
12 36
20 31
12 51
42 43
21 48
21 24
13 21
16 33
20 43
34 48
5 23
3 25
26 33
33 35
7 24
17 23
32 33
31 49
0 27
31 43
19 20
25 41
8 16
25 31
36 51
4 11
12 49
19 41
23 35
20 48
3 38
21 33
21 34
7 8
11 15
36 42
21 25
30 41
3 34
19 24
16 45
12 33
23 49
20 41
12 17
8 45
17 50
41 50
15 26
41 42
11 33
8 13
4 12
3 12
11 24
28 51
5 44
25 34
30 45
44 48
30 31
42 44
24 33
17 41
9 44
13 24
4 33
3 33
4 49
9 19
9 13
24 36
25 51
3 42
16 21
8 33
31 48
4 19
41 48
6 17
34 49
11 21
7 31
41 44
21 49
24 34
29 33
13 48
11 25
17 42
25 43
3 50
29 45
8 17
14 31
21 44
34 42
8 20
8 30
31 33
8 23
19 33
24 48
8 44
14 17
33 45
33 49
33 48
33 51
41 43
16 34
17 28
9 48
42 48
19 51
33 34
42 45
33 36
19 48
17 39
13 19
14 43
42 49
11 18
13 33
31 50
23 48
11 23
21 43
12 15
15 18
14 20
3 45
26 29
13 49
36 44
4 32
19 31
18 28
21 26
3 10
35 43
16 35
49 51
17 32
24 42
36 50
16 17
36 48
49 50
15 30
33 50
14 33
7 33
13 42
12 24
30 32
14 34
31 36
23 34
10 29
8 49
35 45
13 45
26 36
17 20
8 43
26 50
48 49
9 33
5 6
4 23
16 41
