41 51
8 42
26 36
41 45
23 45
14 23
15 25
30 33
21 31
17 21
23 48
7 36
11 31
17 26
24 25
44 45
19 41
25 31
12 36
11 24
14 34
20 33
11 36
12 20
3 21
24 42
30 36
19 25
16 36
4 15
20 36
22 31
9 20
19 26
43 49
8 48
42 43
16 21
25 33
5 33
19 49
3 39
13 30
48 51
22 39
26 34
15 33
17 43
13 20
23 33
24 44
25 49
21 30
16 50
0 32
15 26
26 43
31 44
14 19
16 17
30 51
11 35
26 51
42 49
12 25
16 34
14 43
14 45
13 21
34 43
33 41
23 31
45 49
31 51
22 30
5 36
11 21
13 31
8 38
17 22
19 20
33 45
11 34
17 49
33 44
21 34
20 21
13 25
31 45
20 44
21 50
13 45
3 33
30 31
20 42
17 48
17 24
8 11
24 30
39 48
33 43
0 21
3 8
31 42
44 49
16 33
16 19
28 39
11 44
36 50
34 51
39 45
15 51
24 43
36 51
19 51
17 45
42 45
4 19
25 38
33 42
14 21
30 34
16 35
8 50
24 45
17 29
21 42
17 51
14 25
22 50
33 38
22 51
20 45
25 36
14 44
23 42
10 32
18 43
5 20
45 48
33 39
36 41
19 45
14 36
8 24
36 48
13 36
22 33
30 48
19 36
35 49
24 50
8 31
17 19
31 39
33 51
21 23
26 39
45 51
14 31
20 23
15 30
20 43
17 33
24 41
31 48
31 34
3 41
17 36
13 42
8 30
25 30
36 45
11 48
17 35
4 24
27 47
5 42
49 50
14 17
34 45
4 14
10 29
24 51
13 39
41 50
22 45
35 47
43 51
9 28
19 34
24 49
6 33
22 49
17 23
4 34
5 41
48 50
21 48
21 45
9 13
39 51
9 36
34 48
9 31
4 31
26 33
3 28
15 22
7 38
12 27
31 49
16 41
31 43
9 19
39 44
8 21
14 48
20 34
10 28
39 49
8 19
8 41
20 48
3 17
21 33
35 43
4 8
36 49
23 36
18 51
13 48
3 36
19 24
30 45
5 12
23 39
8 25
29 36
12 45
19 50
20 31
20 51
8 20
12 21
8 23
14 50
20 30
18 34
18 33
17 28
8 34
44 51
19 48
24 35
24 38
20 50
33 35
19 43
14 24
4 33
12 17
2 41
20 49
8 28
24 36
29 32
19 23
4 48
8 33
17 25
18 39
7 30
19 30
25 48
6 32
5 50
21 41
21 49
24 34
43 44
16 20
7 11
17 42
16 43
13 43
9 21
8 17
50 51
21 44
12 42
8 36
4 43
31 33
22 48
19 33
3 31
8 44
7 17
14 42
33 49
33 48
24 33
34 50
41 48
13 34
12 13
4 49
21 28
33 34
25 45
33 36
24 48
12 43
36 44
3 10
14 49
7 42
13 33
12 33
16 44
19 38
9 17
15 19
11 30
4 21
8 13
36 43
23 24
34 44
23 44
19 31
18 48
15 38
3 14
8 45
3 19
49 51
41 49
26 42
21 36
16 51
12 48
13 49
39 43
33 50
14 33
7 33
42 44
21 25
7 48
34 49
31 36
4 10
29 38
8 49
12 51
16 49
16 18
17 20
7 24
18 45
48 49
9 33
15 17
34 36
7 31
