4 54
20 40
43 45
13 24
11 18
9 51
4 16
8 11
8 56
3 34
1 43
29 36
22 34
10 48
1 24
6 55
14 36
27 36
24 32
0 52
9 52
33 55
21 35
21 39
24 30
9 20
27 52
41 54
10 43
9 27
9 55
8 48
20 36
8 9
3 39
29 43
33 50
43 55
5 51
9 24
18 32
9 21
32 33
10 45
41 55
29 49
12 28
12 34
35 39
0 17
32 34
17 54
41 50
18 36
10 39
9 16
11 32
14 27
39 52
9 18
4 32
30 41
1 55
7 44
16 50
20 30
4 24
13 52
29 54
2 55
48 50
10 22
24 31
27 50
25 43
21 32
12 30
33 48
6 9
9 17
21 43
12 55
24 50
21 27
18 50
18 43
28 43
20 52
12 32
21 50
25 38
3 12
24 27
1 48
49 56
3 49
23 35
12 36
32 41
0 44
35 46
1 13
12 13
23 43
18 54
27 51
9 37
11 35
6 36
30 35
3 43
9 43
10 32
6 39
38 43
0 20
0 1
35 49
36 54
10 50
0 43
25 46
24 39
20 50
17 46
9 35
1 6
27 39
9 48
9 32
34 45
4 52
2 50
8 50
9 56
36 39
11 52
4 18
30 32
16 54
43 46
1 12
39 43
17 43
27 55
45 49
1 28
12 48
12 35
39 50
19 43
9 10
4 27
18 39
27 41
1 52
46 54
54 55
4 46
12 27
18 21
29 50
10 56
6 32
3 18
36 41
21 52
12 43
50 56
14 46
52 54
34 49
1 32
10 16
3 33
34 54
3 20
17 56
48 52
30 52
36 48
33 41
1 21
4 48
18 27
38 53
11 41
8 52
6 52
11 33
36 55
1 46
20 48
1 41
41 48
4 9
2 7
5 45
21 33
11 50
13 51
5 34
11 54
11 43
18 20
13 27
32 48
4 50
32 50
13 48
18 52
24 54
32 56
21 51
35 41
10 46
12 49
32 39
11 24
13 50
11 48
1 30
32 36
18 48
27 32
12 54
24 48
1 33
18 44
30 36
12 41
18 24
0 13
44 47
50 55
9 11
1 9
8 12
20 24
24 36
23 27
14 24
35 56
14 43
16 34
43 52
2 51
8 32
9 54
11 27
10 27
2 43
6 14
49 54
35 51
10 41
32 54
18 28
11 30
4 30
27 35
2 35
34 37
10 35
24 43
3 11
50 51
30 54
24 33
9 36
28 32
33 36
4 55
20 43
33 51
1 54
3 27
10 29
1 3
20 32
23 39
27 43
28 29
27 48
19 21
28 48
9 50
8 55
1 18
52 55
43 56
27 56
4 35
12 20
4 41
24 35
48 56
21 48
3 24
9 12
36 51
39 48
46 50
35 54
0 24
11 29
8 35
30 39
9 34
1 51
3 21
18 55
36 50
32 44
1 29
6 50
2 56
35 52
29 32
2 17
32 43
50 52
8 43
46 53
32 35
17 44
50 54
20 51
32 52
11 12
3 9
11 39
33 43
0 2
24 49
1 39
48 55
9 41
3 8
13 43
30 43
48 51
43 51
35 43
35 48
27 33
33 49
35 50
3 54
22 28
2 23
35 36
18 29
36 43
17 31
1 27
30 55
2 52
27 54
18 35
45 56
27 46
35 55
2 6
28 50
16 29
41 43
7 34
8 49
1 35
3 30
6 43
8 20
4 43
27 28
11 28
6 51
7 53
43 48
28 54
9 30
43 50
30 48
10 11
43 54
14 49
29 41
12 18
6 29
20 54
21 28
32 55
17 55
4 21
26 49
51 52
16 44
12 24
13 33
20 35
26 45
13 35
45 46
33 35
43 49
14 23
