19 27
20 45
1 24
30 35
18 46
9 39
49 50
3 4
35 52
2 36
1 43
35 51
32 44
0 27
1 18
18 32
1 52
43 51
9 46
21 54
8 56
27 33
17 28
1 30
12 55
34 50
4 20
1 3
10 43
9 27
1 34
17 46
48 50
4 32
4 9
4 13
46 48
43 55
9 49
3 54
1 4
18 30
32 52
9 28
9 33
18 52
43 56
3 34
9 21
2 32
9 11
13 21
9 56
9 18
1 48
38 44
52 55
5 34
3 50
27 36
3 18
21 35
3 40
10 51
18 41
11 13
11 35
1 50
29 46
24 27
16 21
1 36
52 54
27 50
12 38
7 25
0 12
2 39
7 32
41 50
21 43
41 51
29 44
18 48
33 43
18 43
8 39
18 20
17 43
3 35
26 43
32 56
0 39
35 54
6 36
1 28
55 56
3 21
35 39
48 51
8 52
11 28
0 4
36 48
24 36
32 37
43 45
27 48
50 52
27 49
34 48
9 43
13 35
5 44
20 35
2 50
1 44
32 55
23 25
36 52
1 41
9 29
12 50
17 51
43 49
9 35
33 39
30 36
9 48
9 32
1 33
27 52
3 13
33 55
24 45
21 32
8 45
39 55
1 46
6 26
13 46
43 44
39 43
22 50
41 48
4 50
29 39
10 27
10 54
20 32
20 27
29 35
8 35
20 52
24 54
36 55
8 21
35 41
20 50
24 32
43 46
29 45
30 48
20 48
30 32
8 49
12 30
12 43
29 49
0 5
39 52
11 36
1 51
39 50
9 52
25 43
24 30
28 48
2 52
10 33
18 24
8 48
27 41
21 24
16 17
12 51
13 24
35 48
6 55
3 32
24 50
18 36
50 56
8 32
50 54
2 56
11 29
1 54
14 48
4 35
8 11
10 24
1 35
9 55
1 55
14 22
32 48
11 30
32 50
2 55
7 9
48 55
48 52
30 43
24 35
0 13
6 51
2 43
1 12
11 54
7 43
10 55
2 27
29 56
27 32
33 35
6 23
11 32
9 30
18 54
11 56
11 41
27 51
12 20
24 41
20 21
27 55
11 50
21 50
13 32
23 36
4 30
45 56
3 9
36 54
43 52
32 41
24 48
12 27
2 35
18 34
13 43
10 52
4 11
45 54
12 52
24 52
6 35
11 48
30 54
29 48
1 17
4 18
9 24
24 43
28 51
16 44
27 34
35 55
32 51
21 52
9 41
18 50
10 39
9 10
0 32
9 54
10 35
9 36
6 48
6 49
27 43
27 39
33 54
14 16
21 39
46 55
28 41
23 31
12 24
8 27
11 24
36 56
2 8
3 17
17 19
24 51
34 43
3 43
18 55
32 35
8 50
10 20
2 21
3 27
14 33
23 52
6 30
1 9
36 50
0 17
33 50
16 23
17 34
1 29
4 21
0 3
14 47
12 54
45 49
32 43
43 53
34 53
50 55
20 54
29 43
51 54
3 11
33 52
27 56
11 43
1 27
35 53
24 46
11 12
46 51
10 56
28 30
16 38
28 46
10 28
12 33
41 55
35 43
9 20
11 20
10 50
35 50
29 32
12 41
10 12
48 54
48 49
36 43
14 43
27 35
16 22
12 18
12 48
31 39
24 39
14 37
12 35
28 54
33 34
9 50
41 43
32 39
4 39
11 18
33 49
13 18
41 54
4 43
8 43
30 55
21 51
4 41
43 48
6 54
20 24
43 50
6 33
27 54
43 54
30 41
28 34
20 36
14 49
32 49
49 52
20 43
4 6
46 54
35 36
9 12
29 36
49 54
33 36
6 50
27 30
18 35
18 27
12 32
28 43
13 16
