20 39
27 55
1 18
51 52
41 50
47 53
12 27
3 43
35 50
16 34
1 43
0 56
36 51
24 49
35 51
24 50
8 52
43 51
27 30
11 32
18 51
48 54
1 21
1 13
13 22
1 27
18 48
49 50
35 52
9 27
52 54
18 36
38 43
1 41
24 48
39 48
34 35
43 55
20 29
1 11
33 36
6 8
28 46
3 30
29 33
8 35
12 49
10 43
48 55
11 20
1 38
6 9
33 46
3 27
30 41
14 43
17 30
33 50
9 45
10 35
26 39
1 54
13 29
12 52
9 21
1 9
32 49
1 50
12 32
1 2
27 36
24 33
6 55
27 50
10 12
51 55
25 35
16 32
4 28
0 48
21 43
3 35
1 48
27 44
33 43
18 43
29 52
12 21
29 43
27 52
41 49
33 39
20 35
35 54
18 50
20 56
27 41
1 30
12 48
24 54
6 29
18 24
1 12
3 33
8 55
32 56
35 55
27 48
13 45
4 9
18 39
9 43
0 44
52 55
3 10
24 27
0 21
20 27
30 43
24 41
21 46
23 37
36 56
22 45
4 43
9 35
34 48
24 55
9 48
9 32
11 34
28 29
12 44
32 33
48 56
18 44
32 51
10 27
4 27
30 32
9 39
10 32
21 54
27 56
3 52
11 36
6 22
21 24
7 55
27 39
36 54
14 51
3 41
26 35
54 55
50 51
9 20
2 4
20 54
24 32
41 43
5 30
11 48
1 55
9 56
21 35
24 46
12 43
21 51
29 39
49 51
30 33
24 56
29 50
3 24
43 44
4 32
28 50
1 49
24 39
2 43
18 52
23 43
35 48
11 50
9 24
30 35
41 54
30 36
28 43
16 19
29 45
10 50
9 10
39 50
29 32
53 54
9 30
2 18
16 30
24 36
13 28
1 35
1 3
39 54
17 38
32 48
11 18
32 50
33 41
17 21
6 46
32 41
10 33
24 35
6 11
31 53
43 49
37 52
27 34
6 13
6 45
13 55
9 11
27 32
11 54
13 14
20 21
35 39
13 43
9 12
4 54
2 9
20 32
45 55
12 50
36 39
36 48
48 52
49 54
12 54
8 48
49 52
9 55
48 50
43 52
1 32
8 50
20 41
0 54
4 29
16 43
3 48
0 9
41 51
17 44
46 50
14 35
27 54
11 12
12 41
27 33
9 18
21 52
24 43
21 50
34 43
11 35
2 10
4 5
23 27
8 21
2 48
27 51
43 46
48 51
2 30
1 10
14 46
7 45
8 11
27 43
11 27
17 36
12 18
35 56
4 17
14 17
35 36
36 52
9 52
20 24
10 39
4 34
32 36
17 43
0 3
43 45
33 34
32 54
32 35
20 52
20 48
1 52
21 49
9 54
9 51
18 54
24 30
6 48
12 39
16 55
32 55
8 18
6 17
17 28
13 16
32 46
18 49
3 51
32 43
9 28
12 35
50 55
34 55
23 46
8 32
3 9
0 4
2 33
11 43
10 24
1 33
21 55
4 52
1 36
3 39
36 50
4 10
23 39
18 32
27 35
30 54
35 43
28 49
8 54
43 56
50 54
34 54
18 30
41 48
2 11
14 25
36 43
40 50
18 27
2 6
8 24
16 28
50 52
4 48
28 52
11 14
44 56
10 11
9 50
9 41
8 43
12 13
18 41
6 43
27 29
4 35
20 46
10 30
11 46
23 25
18 35
43 48
3 36
8 12
43 50
20 50
32 52
43 54
11 24
1 34
0 28
4 50
3 32
35 41
20 43
12 36
50 56
7 31
33 35
12 20
36 55
9 49
5 43
2 34
7 29
32 39
13 46
19 28
18 56
