22 25
21 48
1 18
6 12
6 50
43 44
12 27
3 43
35 50
18 49
1 43
51 54
4 9
6 29
33 52
11 24
0 32
43 51
1 10
11 43
30 39
48 54
13 35
28 35
8 18
1 27
18 36
3 52
35 52
9 27
52 54
50 52
26 28
11 13
24 48
39 50
27 51
43 55
34 45
33 41
0 10
12 17
24 51
8 48
21 43
13 41
3 9
10 43
3 56
20 32
23 31
9 34
6 40
13 50
50 55
47 56
27 49
0 13
8 46
27 39
14 35
1 54
1 36
35 46
20 49
1 9
24 33
1 50
12 32
12 18
9 36
4 45
28 53
27 50
35 36
6 54
20 27
9 55
18 52
10 55
0 16
21 39
25 38
3 54
33 43
18 43
16 22
12 39
48 49
34 56
8 27
41 52
17 29
35 54
18 50
48 52
27 41
3 29
4 11
24 54
11 41
18 24
1 12
24 34
33 34
8 45
36 52
27 48
3 36
35 44
27 52
9 43
18 34
23 44
29 38
24 27
29 55
13 21
30 43
36 39
13 52
30 31
18 48
23 54
4 43
9 35
4 46
39 48
9 48
9 32
46 48
9 49
1 48
32 49
17 20
41 50
12 24
3 27
9 33
10 14
9 52
32 34
21 32
20 48
3 51
1 11
7 39
11 32
11 51
10 28
36 54
8 11
27 46
51 56
2 29
45 51
28 41
34 54
27 36
24 32
41 43
4 50
35 55
1 55
5 53
3 48
4 51
12 43
33 44
39 43
9 14
2 45
1 30
4 52
32 51
7 43
1 33
39 56
1 24
10 35
2 43
0 23
11 54
35 48
11 50
9 24
36 48
10 12
2 32
28 43
10 16
14 43
24 39
21 30
11 20
10 34
8 12
2 18
17 50
4 27
9 41
20 52
1 35
1 51
20 36
33 49
32 48
3 30
32 50
18 41
30 50
13 45
2 50
24 50
24 35
32 39
4 28
43 49
32 46
4 36
12 21
33 48
12 35
9 11
27 32
30 48
21 52
14 36
35 41
36 41
9 12
9 56
4 17
3 35
34 44
12 50
1 20
24 49
41 49
20 24
17 21
12 36
11 35
2 37
48 50
43 52
1 32
8 16
20 43
2 26
46 55
16 43
6 56
24 56
43 45
30 32
29 50
29 48
27 54
9 39
30 54
3 39
9 18
10 56
24 43
6 9
34 43
2 6
30 36
23 55
9 21
9 28
50 51
41 54
43 46
35 53
13 18
0 55
27 30
30 44
2 56
27 43
11 27
36 43
24 52
1 41
8 50
8 41
17 46
7 49
8 32
29 30
1 52
14 28
32 36
17 43
20 39
23 50
8 24
32 54
32 35
18 55
8 35
2 4
21 27
9 54
1 29
18 54
25 27
1 21
3 5
6 11
32 55
4 39
21 55
3 7
28 54
9 10
18 30
33 54
32 43
11 36
1 49
12 29
12 55
54 56
14 29
21 46
6 55
30 35
29 43
1 17
11 48
13 19
48 51
12 41
39 55
36 50
44 46
11 33
28 32
27 35
28 52
35 43
17 35
12 54
6 43
50 54
14 30
10 29
20 33
36 55
28 46
13 27
2 16
18 27
9 16
6 24
0 5
0 18
34 51
48 55
51 52
0 43
10 37
9 50
32 41
13 43
21 24
49 55
8 43
11 30
22 38
9 20
20 50
20 35
10 24
27 55
43 48
49 54
21 50
43 50
16 52
32 52
43 54
11 52
18 39
19 43
6 18
27 33
33 35
32 56
18 35
50 56
12 48
33 45
20 51
4 35
10 48
21 35
32 33
4 20
3 32
12 46
3 4
54 55
