18 34
0 39
30 41
48 55
8 38
28 43
8 12
3 43
35 50
21 34
1 43
3 30
6 45
12 30
11 39
1 41
16 27
41 51
8 39
11 43
16 54
4 30
6 9
3 48
49 55
5 14
46 50
11 35
35 52
9 27
52 54
18 20
3 9
7 43
34 36
9 41
18 41
27 33
6 43
21 33
9 30
13 18
54 55
52 55
29 51
29 39
43 51
27 36
9 55
6 46
3 54
30 55
4 54
2 4
36 56
18 55
21 32
4 50
4 48
17 43
11 28
29 48
6 29
16 17
8 24
51 55
30 48
1 50
17 20
30 50
1 11
11 48
3 49
27 50
12 36
30 46
27 28
12 13
14 53
21 35
43 49
6 11
11 20
8 13
33 43
18 43
12 35
36 48
7 32
20 50
3 50
9 52
1 35
35 54
18 24
2 16
13 16
9 46
8 54
24 54
11 33
5 37
17 35
36 52
41 54
13 53
18 46
3 29
11 24
24 52
50 52
9 43
3 27
2 43
33 48
46 52
4 9
10 54
30 43
23 51
48 56
24 29
27 52
1 9
4 43
9 35
0 25
28 36
9 48
9 32
33 35
18 45
28 48
5 10
54 56
1 7
20 44
16 50
45 54
33 54
14 29
2 30
12 41
14 44
32 49
32 55
34 44
19 23
2 50
43 44
2 39
32 52
28 30
11 50
43 45
4 27
10 24
41 48
12 49
24 32
41 43
12 27
24 34
33 56
36 41
25 35
21 55
12 43
24 49
39 43
8 43
1 28
11 32
20 51
25 44
23 43
7 20
38 39
1 18
3 6
24 55
26 49
8 48
35 48
17 52
9 24
2 51
41 50
34 56
4 11
24 48
34 43
26 46
20 54
11 54
8 35
28 49
21 27
36 50
27 46
10 12
0 35
12 55
16 43
1 12
30 39
32 48
10 50
32 50
27 41
28 54
6 50
10 43
24 50
24 35
12 21
39 48
8 37
4 32
24 33
12 24
17 46
2 14
9 54
27 32
27 34
3 40
39 49
12 18
21 50
28 32
22 51
13 35
6 39
0 49
13 47
12 48
0 6
0 11
1 24
9 21
12 32
32 45
12 54
48 50
43 52
1 32
22 41
10 32
20 24
1 54
31 41
4 6
1 17
3 52
41 55
27 48
3 18
24 27
20 43
35 39
18 32
11 52
18 50
24 43
9 29
43 56
33 36
34 50
3 39
0 46
6 17
30 49
13 51
43 46
27 55
1 56
35 41
0 8
35 36
35 51
27 43
1 34
9 33
20 55
10 23
11 27
6 18
12 50
23 45
32 56
38 43
39 50
4 36
1 48
18 36
24 36
19 45
44 52
32 54
32 35
32 36
48 54
9 51
10 48
9 18
1 21
18 54
13 52
17 50
33 46
21 48
4 29
10 36
21 39
45 52
9 36
29 32
8 18
20 52
32 43
14 21
13 32
11 41
27 54
10 49
18 52
55 56
29 30
13 27
29 43
10 27
4 52
1 10
21 29
2 18
28 33
9 12
1 27
9 39
3 35
27 35
48 51
35 43
33 55
33 52
39 51
50 54
8 27
14 22
9 17
28 50
30 35
1 51
11 36
18 27
9 11
32 41
10 20
43 55
8 9
35 55
0 31
21 43
21 24
9 50
29 49
13 43
51 52
14 16
36 43
2 23
27 49
18 35
50 55
1 20
3 11
9 56
43 48
10 52
1 55
43 50
27 30
21 56
43 54
2 46
9 20
36 54
34 48
4 33
12 20
32 33
32 51
24 28
35 56
39 44
20 35
10 35
4 35
53 56
4 20
32 34
2 12
1 30
1 36
3 32
