2 32
35 49
23 32
4 9
34 53
29 43
11 56
3 43
35 50
41 54
1 43
16 35
4 43
12 18
36 54
28 39
12 27
8 48
12 51
11 43
0 41
12 28
27 55
20 48
5 24
16 43
11 51
11 35
35 52
9 27
3 54
20 27
39 48
7 29
7 45
14 44
27 28
12 21
6 43
13 55
9 30
4 36
48 54
4 27
20 33
14 29
43 51
21 41
9 41
1 21
5 29
4 50
31 34
52 54
0 25
43 46
24 46
50 51
14 52
17 43
28 43
17 34
4 35
33 53
8 45
39 55
13 32
17 49
34 50
4 18
1 11
6 49
27 36
27 50
20 49
0 44
4 51
36 48
29 45
20 35
43 49
48 55
13 30
46 54
33 43
18 43
12 35
18 48
32 39
28 50
3 18
9 52
1 35
6 35
11 24
29 30
4 24
24 34
2 54
24 54
20 55
1 48
3 30
24 30
18 36
8 39
24 39
16 33
18 24
20 29
8 50
9 43
12 33
2 43
4 55
29 40
32 33
33 56
30 43
9 54
12 41
11 39
27 49
1 9
21 36
9 35
10 30
17 36
18 51
9 32
14 43
11 18
36 55
13 56
10 11
37 51
43 44
2 55
23 31
1 49
9 13
36 51
26 27
8 51
5 23
32 55
35 56
8 35
7 26
11 27
11 48
32 52
28 33
11 50
18 54
9 51
3 51
21 27
20 50
24 32
41 43
2 27
41 48
20 47
3 48
35 51
10 35
12 43
1 46
39 43
11 12
51 52
14 50
1 32
2 44
3 14
27 29
38 53
1 18
49 52
34 52
35 54
29 49
35 48
10 16
9 24
28 56
3 52
8 54
9 39
21 50
8 30
12 46
10 32
24 52
9 48
14 34
34 41
36 50
30 52
12 56
21 32
21 54
1 8
1 12
32 49
32 48
50 56
32 50
45 52
22 43
10 24
10 43
24 50
39 56
6 22
28 32
33 39
50 52
4 41
2 24
30 36
0 56
13 17
27 32
12 39
9 36
9 20
41 44
13 35
4 30
20 45
24 35
1 2
2 9
17 54
33 48
0 43
27 46
1 24
9 21
12 32
8 18
30 54
48 50
43 52
33 50
3 35
28 29
6 52
1 54
29 55
6 48
11 33
9 33
4 20
27 48
3 32
24 27
20 43
48 52
18 32
1 20
18 50
24 43
9 46
43 56
7 17
27 39
1 6
1 13
27 33
32 34
6 9
32 46
3 55
24 55
33 49
29 44
35 36
9 56
27 43
3 27
0 13
3 20
12 55
11 52
14 41
12 50
4 54
41 51
12 38
48 49
0 10
4 21
46 48
18 21
28 54
4 32
32 54
32 35
32 36
12 54
3 9
3 50
9 18
1 56
18 55
10 54
17 32
36 52
30 41
21 48
30 55
12 37
10 12
9 55
46 52
0 23
3 24
32 43
19 32
10 50
11 54
27 54
6 50
45 49
23 44
22 25
38 39
34 43
1 28
2 21
17 48
46 51
13 52
36 46
9 12
1 27
10 39
8 55
27 35
1 50
35 43
30 35
6 46
11 16
50 54
6 21
6 27
27 52
21 35
11 49
18 28
35 45
18 27
9 11
0 16
30 34
43 55
13 48
35 55
2 34
21 43
21 30
9 50
50 55
13 43
18 39
8 43
36 43
4 48
51 54
18 35
39 50
41 56
29 35
8 9
43 48
41 50
1 55
43 50
41 52
11 36
43 54
2 20
10 18
10 20
45 48
3 36
24 36
23 43
10 28
33 35
8 24
19 30
16 27
6 16
10 33
18 41
24 41
17 20
25 52
1 39
1 36
11 32
