1 56
1 54
13 28
27 55
34 49
35 49
10 35
2 37
4 52
11 30
1 43
9 55
39 54
4 36
1 30
32 49
9 21
13 21
21 32
28 43
9 18
24 33
12 50
3 43
8 55
17 27
18 54
1 33
25 35
9 27
27 52
4 32
9 17
23 51
20 55
3 24
29 32
54 56
36 54
9 50
40 53
1 36
21 36
14 27
12 35
9 49
50 55
20 50
21 27
35 39
24 51
43 44
23 38
9 48
36 50
24 50
33 55
0 39
12 24
9 12
9 39
34 50
18 29
6 43
8 30
6 21
3 49
6 52
2 20
12 27
28 35
24 27
3 35
9 52
35 54
24 32
21 48
12 36
28 44
11 51
30 43
49 54
4 27
21 39
12 48
43 55
17 24
8 35
25 44
11 18
24 52
13 35
33 35
8 54
1 28
7 31
4 43
6 45
8 43
11 54
18 32
18 50
14 20
13 50
18 39
48 50
27 41
41 52
27 49
29 54
33 56
9 43
3 39
16 27
0 35
18 46
1 48
10 48
3 21
20 49
41 46
32 52
9 11
4 9
32 36
9 35
30 50
4 18
12 30
9 32
4 54
29 35
8 17
17 45
33 34
28 52
1 27
9 33
33 36
48 52
44 49
20 27
52 54
20 43
0 51
11 33
32 41
24 54
13 43
0 24
13 37
22 51
1 50
9 46
10 11
1 52
11 43
2 30
9 20
18 48
1 35
35 55
21 26
3 34
35 41
1 18
12 32
12 43
8 41
46 50
11 20
21 56
27 51
52 55
6 44
10 29
6 16
27 36
21 24
5 38
23 24
23 36
43 56
16 33
13 49
10 13
48 55
55 56
3 50
6 30
28 50
17 41
28 32
30 34
51 55
43 46
0 23
9 14
27 50
17 54
11 13
12 29
14 43
2 43
34 46
24 48
32 48
12 55
36 56
20 39
18 43
7 22
0 18
9 36
10 32
30 46
43 49
4 30
33 54
27 33
50 51
45 49
4 33
3 9
27 32
9 29
4 50
8 32
24 36
1 51
10 20
11 50
1 11
12 18
35 52
32 54
16 20
3 54
49 50
9 30
35 56
11 35
24 39
35 51
10 44
43 52
8 18
41 48
12 20
2 50
13 32
1 21
14 39
17 43
41 45
9 54
20 36
46 52
29 48
6 36
27 35
16 43
48 54
9 41
24 43
27 39
34 45
34 43
30 48
20 48
1 32
10 30
1 39
43 51
1 41
41 49
29 39
10 27
3 48
10 55
18 35
27 43
14 48
27 48
13 46
4 35
11 16
20 47
4 12
5 56
9 24
33 46
32 56
18 21
24 29
28 29
39 43
14 31
3 4
50 56
12 46
11 12
51 54
2 48
1 12
6 32
46 55
36 55
12 45
25 43
16 32
22 50
4 24
0 2
50 52
34 41
5 45
1 4
45 53
8 46
32 43
13 52
28 39
32 50
3 18
11 27
50 54
32 35
8 9
7 55
18 52
12 52
33 43
39 52
6 19
11 21
20 29
30 32
30 36
33 50
24 35
20 33
23 43
35 43
35 48
54 55
21 43
35 50
10 52
2 36
2 6
3 36
34 35
36 43
2 32
39 48
10 28
8 28
12 54
41 54
1 9
6 39
27 54
26 53
41 51
2 7
41 43
29 50
17 51
41 55
18 27
4 48
11 55
30 56
9 51
10 43
11 36
3 19
43 48
3 27
16 34
43 50
0 43
29 43
43 54
11 32
14 38
48 56
1 8
6 27
1 55
32 51
30 52
35 44
18 41
11 48
8 52
10 12
18 34
0 32
1 24
2 3
17 21
18 24
10 24
28 48
