19 41
49 52
10 54
1 18
33 44
8 50
54 56
24 33
35 50
2 52
1 43
27 35
29 30
8 48
3 33
21 45
13 32
20 56
24 50
11 43
10 48
8 14
11 32
1 10
2 35
0 26
14 48
18 48
1 24
11 18
39 55
4 11
29 46
29 34
0 44
10 35
8 30
27 40
34 36
9 10
6 21
18 33
12 36
35 51
36 52
3 32
2 46
10 12
1 9
48 52
24 28
35 41
18 20
27 29
10 28
24 32
11 50
5 43
3 24
30 43
37 44
8 56
20 30
1 12
21 32
21 35
29 32
22 34
36 51
39 48
8 16
52 54
50 54
27 50
49 56
6 38
0 39
13 44
11 51
24 35
18 51
9 17
28 48
24 51
24 43
18 43
24 27
2 16
45 55
18 24
10 33
32 54
4 27
19 46
1 21
27 33
48 54
3 41
16 50
28 52
5 48
18 54
18 49
17 43
8 43
14 31
2 41
54 55
25 43
12 24
6 35
9 43
1 49
12 39
30 50
1 3
36 39
18 55
1 35
9 21
27 45
1 32
12 35
13 38
6 32
9 35
41 43
9 39
25 46
27 56
9 18
8 33
4 10
12 28
7 46
12 27
27 48
9 48
4 9
34 49
35 55
3 48
11 54
13 30
32 34
29 56
12 54
29 43
17 54
32 39
27 52
1 39
4 43
13 39
3 35
1 48
10 52
20 54
28 35
21 48
16 41
4 50
5 13
9 11
11 27
9 55
1 33
12 43
46 53
9 16
11 21
35 36
0 13
7 44
9 33
16 45
9 54
4 29
18 30
18 36
13 56
43 55
9 29
30 36
32 41
8 24
8 49
12 33
9 32
4 32
0 3
4 17
3 18
41 46
3 55
30 46
33 37
44 52
20 23
6 11
4 51
0 33
6 50
32 36
9 28
17 32
24 52
24 54
32 50
4 28
2 45
32 56
2 43
10 50
13 50
33 54
23 43
8 46
20 27
29 54
10 32
41 52
27 39
18 35
18 41
33 48
1 27
35 54
1 11
12 55
11 52
1 28
20 52
21 27
9 50
30 41
9 51
21 55
6 43
9 27
26 49
13 43
43 53
1 41
18 27
43 52
2 8
11 35
7 12
12 18
23 46
43 49
20 45
12 48
34 48
28 32
3 54
21 43
20 32
20 43
34 50
3 9
41 56
27 30
1 54
28 41
39 52
3 39
49 50
24 41
43 51
39 43
48 49
32 51
2 30
18 21
24 55
14 21
22 32
1 4
25 47
27 43
11 30
33 55
9 13
9 30
34 43
27 36
28 43
24 48
3 43
20 35
12 46
2 14
33 51
21 50
27 46
18 52
6 48
36 50
35 48
17 28
48 55
17 49
11 39
9 52
24 36
4 52
14 56
6 14
2 29
12 29
21 51
39 54
32 52
0 50
20 24
4 30
30 35
11 36
32 43
43 46
33 50
6 9
20 34
32 49
20 55
1 55
27 32
9 20
17 27
4 54
12 50
32 48
22 43
43 56
29 35
48 50
17 35
14 45
30 56
10 27
9 36
35 43
11 55
7 35
11 24
30 54
16 35
0 43
24 31
18 50
10 43
1 36
3 45
10 39
27 51
41 44
16 43
2 24
6 51
10 55
4 12
3 50
36 41
36 48
35 52
18 32
11 12
9 12
36 43
1 51
6 34
41 55
27 55
36 54
36 56
38 52
43 48
11 48
23 34
43 50
4 36
20 21
43 54
52 55
9 24
6 55
23 53
13 35
1 20
39 50
32 35
0 23
50 51
8 51
49 54
17 50
1 50
35 39
8 34
3 21
29 49
20 50
12 52
27 54
