6 33
27 41
4 41
33 50
3 11
20 32
18 23
13 28
35 50
36 48
1 43
27 35
11 36
30 50
28 43
18 50
49 50
28 54
21 52
11 43
9 56
2 33
6 13
20 51
10 55
35 56
32 36
4 11
11 21
8 46
10 29
4 52
48 52
39 43
17 20
54 55
30 35
12 52
9 21
33 49
32 49
6 21
6 48
0 13
43 56
1 11
1 32
12 39
1 9
5 49
32 44
8 35
41 55
9 20
29 39
24 32
0 53
12 18
20 54
11 48
18 52
3 4
10 48
39 55
0 7
16 22
30 43
9 52
4 18
9 11
29 33
13 55
6 35
27 50
1 36
12 27
32 55
12 36
26 56
43 49
18 36
11 41
1 10
30 54
24 43
18 43
8 9
41 50
24 55
18 27
11 52
32 54
1 39
2 34
46 48
1 4
18 41
30 33
10 30
1 18
2 27
16 43
6 34
33 43
29 43
54 56
33 56
10 14
8 12
34 45
48 54
9 43
32 35
27 36
39 46
24 33
3 50
6 45
11 27
36 54
16 25
30 41
1 6
20 21
32 33
9 35
10 46
3 32
1 24
36 52
4 54
3 18
8 24
12 20
14 43
35 52
27 48
9 48
4 43
1 17
30 46
18 24
24 39
6 9
5 23
1 8
8 32
8 43
20 48
11 50
36 51
10 24
29 55
30 49
1 20
13 50
9 29
14 16
6 49
8 48
45 55
12 50
21 48
4 49
21 32
8 36
35 41
12 43
16 33
18 35
43 51
35 36
25 31
18 56
11 24
9 13
9 54
3 35
51 52
30 52
34 44
43 55
50 52
16 28
21 24
10 32
1 27
24 46
9 32
26 44
48 55
18 32
36 41
9 28
0 27
4 7
12 13
3 48
18 55
20 35
9 36
12 51
2 50
3 43
1 52
32 40
24 27
4 35
20 44
50 51
34 35
3 55
41 43
17 50
12 33
21 45
21 54
8 50
37 43
6 29
45 53
21 34
0 25
30 48
34 52
17 49
1 35
11 12
13 23
8 52
24 35
29 50
0 52
48 50
9 50
18 37
35 39
3 24
32 56
9 27
14 38
24 52
30 36
4 55
9 18
43 52
1 29
12 16
18 21
43 44
1 19
32 51
4 9
2 11
17 19
28 56
32 50
48 51
2 30
20 43
1 50
1 51
34 41
7 43
27 28
17 43
3 51
27 30
2 49
39 48
22 28
31 47
41 52
43 46
1 48
10 23
12 41
0 21
6 14
1 12
9 49
27 43
46 50
24 54
27 39
39 54
9 55
34 43
32 39
11 51
2 23
22 34
20 36
3 9
1 54
34 39
24 50
12 54
9 30
45 52
35 48
1 55
30 51
3 20
17 38
21 39
14 18
33 36
36 50
4 27
4 50
33 48
21 56
28 49
27 56
4 32
41 44
33 54
35 44
14 49
32 43
10 41
12 32
11 17
2 32
6 56
18 48
11 32
27 32
21 27
17 27
14 46
12 48
32 48
24 51
2 43
10 50
50 54
35 54
27 55
41 54
24 56
5 29
35 43
3 16
11 35
18 54
11 20
9 10
0 43
39 53
41 46
10 43
29 49
20 39
24 48
4 24
3 12
24 30
43 45
35 51
10 35
12 28
13 46
18 20
35 55
29 35
20 27
11 55
9 12
36 43
17 51
8 38
39 41
28 36
32 52
3 27
52 54
43 48
21 43
7 54
43 50
46 54
28 50
43 54
30 32
9 24
2 52
2 9
8 13
10 27
3 54
36 55
28 35
9 46
13 43
34 48
13 35
27 29
0 23
29 45
27 51
33 35
33 39
50 55
27 54
