33 54
2 20
1 56
39 50
11 51
20 32
8 16
10 52
35 50
9 10
1 43
36 39
10 36
30 50
35 51
18 50
41 50
1 54
21 27
11 43
19 56
18 21
29 32
4 48
11 18
0 46
32 36
16 38
20 39
9 36
8 33
49 50
24 52
39 43
32 46
50 55
30 35
12 52
4 30
24 29
41 52
23 28
1 29
4 27
20 21
14 49
27 33
4 51
46 54
3 35
2 13
1 10
9 55
34 50
7 20
24 32
30 34
11 24
8 50
27 54
18 52
20 55
10 50
24 39
12 51
22 33
30 43
7 44
14 21
13 52
18 49
6 27
24 41
27 50
0 1
3 48
30 32
4 34
18 41
43 49
13 18
36 52
1 12
9 39
24 43
18 43
10 41
30 33
24 49
18 48
36 41
32 41
12 41
24 30
26 47
23 32
1 6
0 30
35 49
1 49
48 55
23 43
10 27
33 43
30 48
32 44
6 32
28 39
2 27
20 48
2 54
9 43
32 35
27 49
34 51
11 29
1 30
25 44
11 27
12 20
11 46
12 21
32 52
35 39
16 48
9 35
9 17
1 24
33 46
10 12
37 39
19 23
0 56
3 24
14 43
35 52
20 50
2 35
4 43
54 56
18 24
21 52
10 24
6 51
9 41
4 54
46 53
20 41
51 55
11 50
10 34
4 52
13 44
3 30
3 36
13 45
8 35
41 54
11 41
22 45
32 55
12 50
32 49
1 32
21 35
2 28
4 24
12 43
50 51
18 35
43 51
35 36
11 20
16 31
11 52
20 34
9 52
6 48
8 43
3 9
33 36
43 55
50 52
0 6
53 54
13 46
27 51
0 41
9 32
21 29
4 36
28 35
21 50
17 32
48 56
43 56
21 49
9 54
36 55
20 35
45 54
11 33
13 14
3 43
1 52
10 54
24 27
29 36
27 29
11 39
11 35
3 55
41 43
10 55
3 52
8 52
2 41
8 12
28 50
9 51
3 27
23 24
8 13
9 48
22 44
4 17
1 35
18 33
7 28
1 48
24 35
11 48
11 12
48 50
9 50
25 33
1 21
26 28
17 28
43 44
11 32
34 36
40 48
49 56
9 18
43 52
6 18
1 14
4 14
25 43
9 16
10 32
4 9
21 24
20 36
6 43
32 50
3 11
32 54
20 43
1 50
35 46
0 29
8 51
8 55
27 39
2 46
27 30
4 5
6 50
8 18
6 9
46 52
43 46
1 3
17 27
12 35
2 50
45 56
18 51
53 56
27 43
41 48
1 9
49 54
18 54
18 55
34 43
1 27
7 13
52 54
28 48
9 23
8 48
31 55
29 35
24 50
1 18
17 39
3 39
35 48
4 39
28 56
9 21
21 45
3 29
16 35
16 56
36 50
2 43
17 50
9 24
12 18
12 34
28 38
1 46
21 32
21 39
14 52
9 20
32 43
18 27
12 32
13 28
8 56
12 55
16 28
1 33
27 32
39 48
6 30
9 33
12 48
32 48
12 24
13 43
8 45
50 54
35 54
27 55
24 55
27 41
9 30
35 43
17 30
34 39
18 29
20 54
14 29
29 45
3 20
0 2
10 43
41 55
17 49
27 48
24 51
11 36
3 6
43 45
32 34
10 35
30 54
4 32
11 54
35 55
29 43
0 44
11 55
9 12
36 43
24 54
12 54
9 13
48 51
32 39
3 12
27 52
43 48
17 43
52 55
43 50
4 49
9 46
43 54
6 56
48 54
5 38
2 10
9 27
18 32
51 54
36 48
5 43
34 35
21 43
33 55
27 35
30 36
37 43
33 50
27 36
33 35
33 48
1 36
12 27
