11 55
13 50
1 33
29 39
27 52
1 45
11 32
16 20
24 39
30 45
1 43
34 54
32 46
11 20
13 39
11 28
36 50
3 46
24 32
28 43
9 52
2 56
9 24
3 43
12 51
18 30
6 30
0 11
3 54
9 27
45 50
8 9
35 52
1 28
18 35
41 48
3 48
32 39
9 12
9 50
5 46
9 29
26 48
25 53
35 39
13 55
20 32
14 20
11 36
48 55
33 48
13 43
36 52
9 18
1 21
33 55
11 18
4 50
9 36
39 41
4 21
6 12
1 32
2 35
27 30
8 48
24 29
34 36
3 35
1 4
48 50
4 32
45 49
27 50
51 55
18 32
11 35
24 37
18 50
19 25
30 43
10 24
33 50
12 27
3 32
43 55
33 35
18 55
32 49
14 32
6 26
36 55
24 27
1 8
10 22
2 4
4 43
9 33
20 55
14 38
32 52
27 36
1 13
20 24
36 41
41 50
12 14
22 39
21 35
12 36
9 39
9 43
10 27
2 51
11 54
12 24
1 48
8 18
28 50
28 32
5 45
24 35
3 17
3 9
13 32
9 35
23 37
5 12
4 9
9 32
20 35
2 21
4 49
9 48
9 21
30 50
38 56
9 11
10 50
0 6
1 2
16 32
7 43
20 43
24 52
12 32
1 51
0 3
32 55
1 9
8 20
41 55
54 56
10 29
16 46
2 9
11 43
4 19
4 35
16 17
48 52
8 30
23 43
11 48
10 43
29 49
10 52
12 43
20 50
12 48
21 32
0 33
36 54
6 54
28 36
20 28
20 54
24 28
17 40
2 32
7 27
10 55
50 56
6 56
6 46
1 54
0 9
3 49
18 36
7 44
22 38
30 33
11 52
48 51
9 56
43 46
4 48
7 8
27 41
17 44
25 49
13 27
21 48
2 43
11 33
16 27
32 48
12 33
32 50
31 34
18 43
24 56
39 50
10 17
3 24
18 27
20 52
16 52
8 23
30 55
46 52
1 27
35 56
29 56
27 32
30 32
29 43
8 52
21 39
10 35
27 51
11 50
52 55
21 24
30 52
32 36
18 52
2 28
12 54
27 34
1 18
18 54
1 52
11 27
17 56
43 52
9 14
39 48
0 54
17 43
24 46
12 55
23 29
43 56
39 54
47 56
32 54
36 51
28 48
21 51
27 35
16 43
48 54
0 34
24 43
12 50
33 36
9 54
36 48
18 48
8 21
1 49
9 13
43 51
4 51
9 20
33 41
49 50
0 29
12 18
17 49
27 43
30 41
27 48
1 30
27 29
13 45
41 52
6 24
21 27
11 51
18 33
41 54
10 16
23 44
14 54
39 43
8 27
52 54
12 41
11 30
9 28
35 55
35 54
30 54
43 44
24 54
20 48
35 51
1 50
4 34
8 35
9 55
50 52
39 52
3 6
13 35
35 36
0 27
6 29
32 43
10 49
1 55
24 48
32 35
12 30
50 54
10 48
34 56
35 41
17 18
4 39
33 43
34 43
10 32
35 49
32 51
41 51
21 36
3 34
24 50
1 11
43 49
35 43
35 48
12 21
21 43
35 50
13 29
39 53
23 46
10 18
14 43
36 43
6 43
27 55
18 24
13 53
18 21
6 27
28 35
4 29
27 54
3 41
44 50
39 51
41 43
31 36
30 44
1 35
30 35
6 33
3 50
9 41
12 35
2 3
18 20
39 55
43 48
3 11
10 20
43 50
27 33
8 43
43 54
14 36
34 46
20 41
21 54
18 46
8 49
46 54
11 41
4 24
2 24
1 12
49 51
43 45
17 50
34 50
1 46
34 44
4 12
33 52
28 45
29 55
