24 42
3 23
2 33
11 45
45 50
32 41
30 39
7 14
3 33
34 49
3 43
14 51
3 14
3 24
20 50
4 19
4 49
4 20
23 49
4 31
20 45
9 17
30 45
4 43
7 17
21 22
4 36
4 14
7 33
7 45
5 39
5 33
13 51
29 36
5 9
8 26
26 51
4 45
19 42
23 50
13 16
36 42
41 49
7 36
4 48
39 49
8 19
8 45
8 49
8 48
43 49
8 31
11 25
8 33
10 24
3 34
8 43
8 12
8 36
25 50
8 14
23 29
8 17
23 25
39 41
4 30
8 21
12 20
23 34
31 43
9 33
29 30
24 39
12 31
21 41
16 24
8 41
23 36
21 26
7 11
10 16
44 51
30 48
4 22
22 50
38 44
17 22
11 33
15 44
13 48
8 39
31 47
34 48
19 30
12 45
12 48
12 50
12 27
12 33
15 50
12 17
12 24
12 21
21 51
8 30
13 19
20 25
13 49
38 41
42 49
34 44
13 31
13 33
10 23
13 36
17 28
13 24
13 25
23 42
5 42
14 45
17 25
31 42
30 50
14 33
14 43
41 44
14 36
23 48
11 49
5 16
14 24
20 49
11 48
13 14
9 34
12 30
13 20
3 44
14 48
15 43
15 36
35 44
16 31
21 44
8 22
10 19
28 30
16 33
8 35
8 42
17 41
18 45
3 49
20 30
5 44
17 19
17 45
17 49
17 48
17 50
20 21
17 31
16 43
17 33
18 34
35 45
4 44
38 42
32 51
19 34
17 24
39 48
8 25
21 39
17 21
49 50
41 42
21 34
14 39
5 31
18 33
18 36
48 51
9 22
19 45
19 49
19 48
28 45
8 13
19 31
19 33
25 43
16 35
11 19
19 23
19 36
19 24
19 25
19 21
19 26
24 30
15 51
19 20
11 31
14 21
20 51
15 16
6 29
9 26
20 33
42 45
20 43
20 34
20 36
17 20
20 24
18 31
9 21
21 45
21 49
21 48
21 50
13 34
21 31
36 44
21 33
20 31
8 51
16 21
14 34
21 24
21 36
32 42
28 48
21 25
41 48
22 33
14 30
11 36
14 49
23 39
3 13
17 42
23 33
26 44
3 51
30 51
22 51
26 38
24 49
24 48
24 51
23 51
24 31
17 36
28 41
24 33
24 43
24 34
24 36
24 25
21 30
7 43
25 49
43 48
25 31
25 33
15 45
8 34
25 36
24 45
19 50
31 51
26 36
35 39
18 19
12 44
28 33
7 28
17 44
43 44
22 44
29 48
9 49
30 33
21 42
8 20
31 45
31 49
31 48
10 22
17 43
17 39
31 33
0 8
7 35
14 16
31 36
32 43
33 45
33 49
33 48
33 50
33 51
33 41
33 42
33 44
33 39
33 43
33 34
33 35
33 36
33 38
19 22
6 20
34 51
25 51
15 33
34 43
34 36
31 34
18 42
18 25
11 21
35 36
36 45
36 49
23 31
36 50
36 51
0 47
12 38
9 41
15 24
36 43
36 38
42 51
20 48
15 20
31 44
7 48
16 36
4 34
13 45
34 41
36 39
30 42
3 17
11 20
16 48
16 26
38 50
43 45
43 51
30 34
14 19
17 34
19 51
45 49
45 48
17 27
3 41
48 49
48 50
13 17
16 49
26 39
