7 8
14 16
2 33
17 27
41 49
25 51
8 20
13 17
3 33
11 17
3 43
5 9
3 14
3 24
3 48
4 19
4 49
30 31
19 34
4 31
19 35
20 27
25 39
4 43
8 42
11 30
4 36
4 14
13 38
0 47
23 44
5 33
35 50
16 29
30 36
7 42
9 34
8 18
12 42
35 42
13 43
3 34
14 31
7 36
17 30
30 44
8 19
8 45
8 49
8 48
24 45
8 31
19 23
8 33
4 11
13 51
8 43
8 12
8 36
8 13
8 14
21 23
8 17
28 30
15 20
15 33
8 21
29 31
14 44
26 50
9 33
8 30
23 39
5 48
26 43
5 41
42 45
8 41
22 26
17 42
24 44
4 30
39 44
23 30
30 41
13 48
16 21
11 33
36 44
3 20
7 24
19 43
28 41
23 35
12 45
12 48
12 50
12 30
12 33
12 19
12 17
12 24
12 21
23 41
17 34
13 19
13 20
13 49
14 17
7 34
16 31
13 31
13 33
44 51
13 36
15 34
13 24
13 25
11 45
4 44
14 45
3 41
17 20
30 49
14 33
14 43
30 43
14 36
26 33
22 49
18 42
14 24
48 51
28 48
39 49
17 44
16 48
44 48
16 34
41 48
17 22
15 36
25 50
30 51
34 48
5 45
21 36
14 48
16 33
10 24
3 25
36 39
16 19
22 31
38 42
29 36
17 19
17 45
17 49
17 48
17 50
7 9
17 31
16 26
17 33
11 25
17 43
20 22
24 41
14 20
19 51
17 24
22 51
13 45
28 49
17 21
19 50
22 48
9 21
21 34
21 22
18 33
18 36
20 49
15 21
19 45
19 49
19 48
17 25
6 8
19 31
19 33
14 23
49 51
30 32
20 31
19 36
19 24
19 25
19 21
30 48
10 41
20 21
34 45
43 49
31 51
20 51
3 31
16 17
28 42
20 33
4 48
20 43
20 34
20 36
17 51
20 24
23 50
19 22
21 45
21 49
21 48
21 50
45 51
21 31
34 49
21 33
21 29
15 18
22 50
25 45
21 24
20 30
50 51
4 8
25 34
32 51
22 33
21 41
9 39
23 48
18 39
9 48
16 49
23 33
39 51
34 38
31 42
19 42
15 43
24 49
24 48
24 51
21 44
24 31
20 25
0 12
24 33
24 43
24 34
24 36
24 25
7 44
13 23
25 49
21 51
25 31
25 33
3 44
23 36
25 36
17 39
7 18
9 31
26 36
18 31
3 39
38 44
28 33
4 34
12 51
10 42
23 43
5 42
11 29
30 33
26 45
26 41
31 45
31 49
31 48
20 45
34 44
21 39
31 33
15 31
19 20
8 44
31 36
32 43
33 45
33 49
33 48
33 50
33 51
33 41
33 42
33 44
33 39
33 43
33 34
33 35
33 36
33 38
21 25
20 39
34 51
44 49
38 45
34 43
34 36
13 14
7 21
20 42
24 42
35 36
36 45
36 49
8 35
36 50
36 51
14 26
16 32
6 10
21 43
36 43
36 38
7 16
41 45
36 48
12 38
34 42
8 50
42 50
19 47
16 28
5 26
15 17
14 34
15 45
11 49
23 24
4 51
43 45
43 51
35 39
10 39
16 36
9 11
45 49
45 48
49 50
8 11
48 49
48 50
11 36
14 19
31 41
