8 35
30 31
2 33
48 51
5 39
19 51
23 45
14 17
3 33
16 42
3 43
5 9
3 14
3 24
9 39
4 19
4 49
14 42
11 34
4 31
7 43
3 20
34 48
4 43
38 41
15 34
4 36
4 14
15 38
34 44
16 18
5 33
4 8
31 41
5 21
26 34
8 24
49 51
12 30
8 23
13 45
11 21
19 30
7 36
9 21
7 14
8 19
8 45
8 49
8 48
8 34
8 31
22 30
8 33
4 22
25 51
8 43
8 12
8 36
29 39
8 14
31 35
8 17
30 48
14 49
7 33
8 21
19 42
9 48
15 43
9 33
23 26
39 49
7 23
8 30
7 31
19 44
49 50
17 41
30 44
17 42
42 48
13 35
3 51
41 49
13 21
21 43
11 33
24 44
12 18
15 48
25 34
23 28
36 39
12 45
12 48
12 50
30 49
12 33
22 31
12 17
12 24
12 21
28 30
21 36
13 19
4 21
13 49
11 17
24 30
6 19
13 31
13 33
20 42
13 36
43 49
13 24
13 25
9 22
8 15
14 45
5 26
17 20
38 49
14 33
14 43
32 41
14 36
5 44
4 20
36 44
14 24
20 48
21 41
7 45
44 50
21 27
8 42
17 28
14 23
21 22
15 36
11 13
18 20
13 51
38 44
17 25
20 31
16 33
13 20
3 25
11 31
19 43
41 48
23 41
0 45
17 19
17 45
17 49
17 48
17 50
16 17
17 31
16 48
17 33
16 21
15 42
23 31
9 15
30 36
3 31
17 24
6 10
11 45
16 39
17 21
24 41
22 36
24 26
20 21
29 42
18 33
18 36
20 49
14 48
19 45
19 49
19 48
14 51
0 47
19 31
19 33
41 42
25 43
30 39
22 50
19 36
19 24
19 25
19 21
44 45
14 25
10 23
4 51
32 42
19 34
20 51
32 51
20 30
5 31
20 33
20 50
20 43
20 34
20 36
17 26
20 24
17 44
29 36
21 45
21 49
21 48
21 50
26 45
21 31
26 51
21 33
10 24
11 51
8 13
13 50
21 24
14 20
9 34
39 48
12 34
10 41
22 33
22 45
22 49
21 34
4 42
17 43
12 42
23 33
20 25
17 39
44 51
19 23
19 41
24 49
24 48
24 51
25 45
24 31
22 48
12 47
24 33
24 43
24 34
24 36
24 25
9 19
8 28
25 49
44 48
25 31
25 33
11 49
30 35
25 36
16 31
7 16
16 36
26 36
14 16
3 41
42 45
28 33
8 38
21 51
4 44
17 23
39 43
8 20
30 33
25 39
20 45
31 45
31 49
31 48
3 44
11 29
12 49
31 33
31 51
19 20
16 50
31 36
32 43
33 45
33 49
33 48
33 50
33 51
33 41
33 42
33 44
33 39
33 43
33 34
33 35
33 36
33 38
25 48
34 42
34 51
19 50
18 30
34 43
34 36
11 15
7 50
26 30
43 44
35 36
36 45
36 49
21 44
36 50
36 51
23 34
16 28
10 19
13 17
36 43
36 38
34 39
39 44
36 48
3 48
23 24
8 51
7 21
13 23
45 50
38 39
35 42
18 45
27 51
36 41
3 16
16 51
43 45
43 51
30 34
15 33
34 49
17 29
45 49
45 48
14 31
18 26
48 49
48 50
17 34
28 42
35 50
