41 48
30 36
2 33
9 17
19 22
19 51
23 45
21 44
3 33
4 8
3 43
28 45
3 14
3 24
31 38
4 19
4 49
22 34
20 48
4 31
26 43
3 20
16 24
4 43
9 26
4 30
4 36
4 14
11 17
48 51
17 23
5 33
15 23
7 45
10 17
8 30
20 23
31 51
42 50
12 44
25 50
21 25
29 41
7 36
10 39
6 27
8 19
8 45
8 49
8 48
8 35
8 31
44 49
8 33
16 42
19 42
8 43
8 12
8 36
15 33
8 14
11 26
8 17
5 39
12 49
3 39
8 21
7 33
26 39
45 51
9 33
15 17
15 18
5 9
25 45
14 23
29 47
31 43
4 48
23 31
12 30
14 34
18 42
17 34
17 41
36 48
11 21
11 33
21 41
12 38
32 41
24 39
21 26
39 48
12 45
12 48
12 50
24 42
12 33
5 48
12 17
12 24
12 21
25 38
14 48
13 19
21 34
13 49
4 22
16 36
16 26
13 31
13 33
20 44
13 36
18 50
13 24
13 25
16 30
41 49
14 45
42 45
16 31
34 39
14 33
14 43
36 44
14 36
38 42
3 51
11 48
14 24
16 21
21 42
17 43
43 48
27 51
14 17
17 51
3 41
22 36
15 36
13 45
5 7
13 48
24 29
25 48
0 49
16 33
4 20
13 43
16 23
5 19
36 39
41 43
23 50
17 19
17 45
17 49
17 48
17 50
18 39
17 31
30 35
17 33
16 19
14 19
20 31
8 41
7 24
35 49
17 24
14 16
31 41
17 44
17 21
21 36
20 22
26 45
21 23
38 45
18 33
18 36
18 23
28 42
19 45
19 49
19 48
4 51
0 12
19 31
19 33
42 51
30 48
26 51
22 50
19 36
19 24
19 25
19 21
43 49
28 41
17 22
8 20
34 49
19 34
20 51
15 51
8 44
30 49
20 33
12 20
20 43
20 34
20 36
35 42
20 24
19 23
10 36
21 45
21 49
21 48
21 50
15 50
21 31
30 51
21 33
10 41
30 45
8 13
3 13
21 24
7 34
30 31
29 44
13 34
17 20
22 33
8 38
15 49
20 21
17 47
16 48
14 30
23 33
13 20
17 30
9 19
15 43
19 44
24 49
24 48
24 51
28 30
24 31
22 29
11 49
24 33
24 43
24 34
24 36
24 25
19 50
8 50
25 49
24 44
25 31
25 33
11 19
22 31
25 36
31 34
3 44
18 41
26 36
25 39
16 49
9 11
28 33
8 34
30 32
8 22
17 42
32 34
14 20
30 33
11 44
34 50
31 45
31 49
31 48
34 35
10 31
16 44
31 33
9 51
19 20
28 39
31 36
32 43
33 45
33 49
33 48
33 50
33 51
33 41
33 42
33 44
33 39
33 43
33 34
33 35
33 36
33 38
13 51
14 25
34 51
49 50
23 51
34 43
34 36
13 21
4 42
20 25
34 44
35 36
36 45
36 49
14 15
36 50
36 51
23 48
42 44
3 21
23 36
36 43
36 38
7 21
9 39
9 21
21 51
6 45
14 31
28 48
7 35
20 45
7 8
30 39
34 42
11 45
26 44
16 25
3 31
43 45
43 51
8 24
20 49
25 34
42 43
45 49
45 48
5 30
11 13
48 49
48 50
7 42
44 51
39 41
