19 22
13 20
2 33
14 48
35 44
7 9
9 31
16 21
3 33
11 50
3 43
7 38
3 14
3 24
14 15
4 19
4 49
16 48
26 51
4 31
23 49
44 51
30 36
4 43
4 45
3 23
4 36
4 14
45 51
17 20
34 41
5 33
22 51
21 51
17 39
8 26
29 48
45 50
4 30
19 44
17 30
25 43
30 41
7 36
30 39
13 34
8 19
8 45
8 49
8 48
24 45
8 31
5 31
8 33
20 45
3 31
8 43
8 12
8 36
15 43
8 14
16 17
8 17
36 48
31 43
45 47
8 21
41 49
11 17
8 28
9 33
49 51
24 42
5 9
8 13
7 41
5 44
16 30
44 49
16 20
29 39
4 34
31 51
34 48
14 49
15 45
8 38
11 33
9 16
42 49
16 18
19 47
20 21
10 22
12 45
12 48
12 50
22 31
12 33
11 20
12 17
12 24
12 21
13 51
4 11
13 19
7 22
13 49
9 11
11 31
8 42
13 31
13 33
36 44
13 36
14 23
13 24
13 25
20 48
23 44
14 45
39 49
21 44
23 43
14 33
14 43
26 43
14 36
21 39
3 51
13 17
14 24
23 28
11 19
31 39
7 34
30 51
14 17
17 28
30 32
8 22
15 36
20 31
15 51
17 36
38 42
25 48
3 16
16 33
19 34
21 23
50 51
42 43
13 21
30 50
3 25
17 19
17 45
17 49
17 48
17 50
10 36
17 31
26 44
17 33
5 42
8 44
26 41
8 25
7 18
8 34
17 24
19 51
10 30
16 36
17 21
38 45
21 41
23 25
17 44
16 24
18 33
18 36
34 35
5 39
19 45
19 49
19 48
32 39
6 27
19 31
19 33
49 50
14 41
34 42
17 42
19 36
19 24
19 25
19 21
19 35
29 49
22 36
15 16
30 35
43 49
20 51
18 23
26 33
36 41
20 33
42 48
20 43
20 34
20 36
12 31
20 24
13 48
3 48
21 45
21 49
21 48
21 50
21 43
21 31
4 42
21 33
31 44
12 44
6 29
20 25
21 24
9 34
12 30
30 45
4 20
9 17
22 33
12 18
31 34
17 22
23 24
39 41
42 45
23 33
15 48
7 42
32 34
21 26
19 23
24 49
24 48
24 51
35 49
24 31
48 51
11 42
24 33
24 43
24 34
24 36
24 25
19 50
15 19
25 49
23 48
25 31
25 33
10 16
11 21
25 36
26 28
3 44
18 50
26 36
41 45
30 34
13 45
28 33
14 51
14 44
10 24
21 28
24 44
14 20
30 33
13 39
39 50
31 45
31 49
31 48
28 30
15 24
8 39
31 33
0 51
20 49
19 39
31 36
32 43
33 45
33 49
33 48
33 50
33 51
33 41
33 42
33 44
33 39
33 43
33 34
33 35
33 36
33 38
19 41
22 25
34 51
7 33
20 30
34 43
34 36
25 38
35 42
12 27
14 19
35 36
36 45
36 49
26 45
36 50
36 51
7 17
9 48
16 29
8 18
36 43
36 38
17 23
14 25
43 48
21 34
4 21
23 41
21 42
16 51
22 48
34 49
0 21
13 50
36 39
38 41
17 34
12 20
43 45
43 51
8 20
20 42
25 34
30 44
45 49
45 48
3 20
8 11
48 49
48 50
5 41
15 50
31 42
