44 51
13 20
2 33
7 28
9 51
23 41
10 49
22 31
3 33
23 29
3 43
30 32
3 14
3 24
27 45
4 19
4 49
42 49
34 42
4 31
23 49
34 45
38 45
4 43
16 21
23 28
4 36
4 14
4 20
10 17
20 30
5 33
21 25
20 21
16 36
23 48
9 26
8 22
15 43
23 44
49 51
13 50
24 41
7 36
10 44
13 43
8 19
8 45
8 49
8 48
8 13
8 31
31 41
8 33
5 9
30 39
8 43
8 12
8 36
15 23
8 14
16 19
8 17
23 36
21 42
11 51
8 21
8 30
47 48
42 48
9 33
20 50
31 44
28 42
15 24
16 26
0 47
34 49
4 42
32 39
3 21
12 18
31 51
0 34
11 25
44 49
8 25
11 33
3 31
5 45
9 23
19 43
21 34
19 22
12 45
12 48
12 50
11 36
12 33
8 50
12 17
12 24
12 21
15 35
20 49
13 19
23 51
13 49
9 11
11 21
8 38
13 31
13 33
11 31
13 36
4 34
13 24
13 25
16 45
41 45
14 45
14 31
36 48
8 44
14 33
14 43
7 14
14 36
3 30
38 42
21 51
14 24
14 16
44 50
30 49
12 44
35 41
14 19
26 48
6 31
7 41
15 36
19 20
41 51
26 51
9 31
13 17
5 42
16 33
18 44
39 43
7 33
19 23
14 48
13 35
3 13
17 19
17 45
17 49
17 48
17 50
22 48
17 31
7 43
17 33
17 34
24 42
17 20
10 24
20 42
15 42
17 24
19 34
31 39
21 23
17 21
25 45
15 21
16 42
17 51
8 34
18 33
18 36
14 21
22 34
19 45
19 49
19 48
8 20
7 45
19 31
19 33
8 11
3 16
7 22
19 39
19 36
19 24
19 25
19 21
43 49
20 48
15 45
13 41
36 39
31 34
20 51
41 49
15 44
4 17
20 33
16 17
20 43
20 34
20 36
11 49
20 24
43 48
3 23
21 45
21 49
21 48
21 50
21 22
21 31
26 50
21 33
18 19
5 16
29 36
14 51
21 24
45 51
14 25
8 42
13 34
32 51
22 33
20 25
17 25
27 29
3 20
30 38
12 49
23 33
22 50
42 43
11 17
14 44
19 26
24 49
24 48
24 51
17 28
24 31
13 21
36 42
24 33
24 43
24 34
24 36
24 25
15 20
12 30
25 49
8 26
25 31
25 33
16 38
11 29
25 36
5 19
18 50
16 29
26 36
30 36
28 30
24 45
28 33
7 48
25 41
19 50
4 44
17 30
34 39
30 33
12 20
42 45
31 45
31 49
31 48
14 20
21 30
17 36
31 33
26 33
16 48
17 39
31 36
32 43
33 45
33 49
33 48
33 50
33 51
33 41
33 42
33 44
33 39
33 43
33 34
33 35
33 36
33 38
24 39
4 45
34 51
3 51
34 44
34 43
34 36
9 17
8 35
10 41
49 50
35 36
36 45
36 49
42 44
36 50
36 51
14 23
25 34
24 30
30 48
36 43
36 38
39 48
18 41
21 44
7 51
5 39
16 50
26 38
22 30
4 22
39 41
19 44
25 51
17 41
9 48
28 48
31 35
43 45
43 51
18 30
20 31
6 12
17 43
45 49
45 48
30 34
34 48
48 49
48 50
35 51
21 39
39 44
