41 42
13 20
2 33
35 45
9 20
19 39
18 34
49 51
3 33
14 51
3 43
42 50
3 14
3 24
24 45
4 19
4 49
23 42
13 34
4 31
49 50
34 45
38 45
4 43
16 32
15 50
4 36
4 14
4 34
14 42
20 26
5 33
21 25
3 41
36 39
21 23
15 35
8 22
7 43
5 39
30 49
13 50
6 29
7 36
10 17
23 24
8 19
8 45
8 49
8 48
23 34
8 31
21 41
8 33
9 28
41 44
8 43
8 12
8 36
12 42
8 14
31 39
8 17
16 36
21 44
34 44
8 21
8 30
12 47
42 48
9 33
14 20
7 28
30 31
15 48
25 39
47 49
34 49
4 30
23 26
15 17
12 18
0 27
0 51
11 17
35 44
25 43
11 33
5 31
13 45
7 23
31 43
21 34
19 22
12 45
12 48
12 50
16 48
12 33
45 50
12 17
12 24
12 21
38 44
20 49
13 19
21 28
13 49
9 11
11 21
8 34
13 31
13 33
29 31
13 36
39 51
13 24
13 25
39 42
7 30
14 45
38 49
5 48
8 44
14 33
14 43
7 14
14 36
12 51
26 51
48 51
14 24
16 23
5 30
9 49
38 42
38 39
14 31
7 48
31 51
16 28
15 36
19 20
29 39
23 43
38 50
17 25
19 42
16 33
18 26
8 13
7 9
41 48
44 49
13 35
3 25
17 19
17 45
17 49
17 48
17 50
11 31
17 31
26 43
17 33
17 34
15 44
17 20
5 16
3 20
5 44
17 24
19 34
18 39
16 21
17 21
8 25
21 30
3 16
17 51
8 51
18 33
18 36
20 48
30 34
19 45
19 49
19 48
20 45
8 15
19 31
19 33
18 45
29 41
24 26
23 45
19 36
19 24
19 25
19 21
19 43
14 21
9 23
7 39
16 50
31 34
20 51
26 49
19 30
36 48
20 33
17 22
20 43
20 34
20 36
11 19
20 24
43 48
8 26
21 45
21 49
21 48
21 50
21 22
21 31
22 50
21 33
11 36
41 51
10 36
22 34
21 24
8 11
13 14
42 45
15 20
20 44
22 33
20 25
13 48
31 50
30 51
42 44
14 49
23 33
20 21
43 44
22 29
24 30
32 42
24 49
24 48
24 51
4 21
24 31
13 21
36 44
24 33
24 43
24 34
24 36
24 25
7 33
18 30
25 49
20 32
25 31
25 33
14 16
11 42
25 36
16 19
12 19
10 24
26 36
36 42
28 30
10 30
28 33
11 15
16 25
19 41
4 42
16 45
4 20
30 33
44 51
30 45
31 45
31 49
31 48
42 51
3 21
17 36
31 33
26 33
16 49
23 41
31 36
32 43
33 45
33 49
33 48
33 50
33 51
33 41
33 42
33 44
33 39
33 43
33 34
33 35
33 36
33 38
19 23
4 8
34 51
3 34
11 51
34 43
34 36
9 17
8 28
10 41
31 41
35 36
36 45
36 49
17 30
36 50
36 51
17 23
25 34
44 48
24 44
36 43
36 38
14 41
17 41
14 17
50 51
35 39
24 41
15 45
13 22
4 22
8 27
21 42
25 51
22 31
9 48
17 39
3 49
43 45
43 51
12 44
20 31
6 48
17 43
45 49
45 48
3 30
34 48
48 49
48 50
19 35
39 48
23 36
