4 44
13 34
2 33
13 45
24 41
23 25
32 51
31 51
3 33
34 44
3 43
42 49
3 14
3 24
11 45
4 19
4 49
14 41
13 20
4 31
43 49
8 34
5 8
4 43
23 42
15 28
4 36
4 14
3 20
35 42
22 45
5 33
25 48
26 38
16 49
8 24
3 21
8 20
15 34
21 23
44 50
13 50
8 27
7 36
13 17
16 17
8 19
8 45
8 49
8 48
34 42
8 31
7 39
8 33
5 9
30 43
8 43
8 12
8 36
15 42
8 14
23 32
8 17
16 36
21 44
14 34
8 21
42 44
6 31
42 48
9 33
14 20
26 30
43 48
17 26
9 34
34 47
7 20
7 23
41 45
4 17
12 35
6 47
4 51
11 44
11 29
25 43
11 33
19 38
13 14
21 41
31 42
21 34
23 24
12 45
12 48
12 50
23 48
12 33
8 50
12 17
12 24
12 21
4 30
4 20
13 19
21 43
13 49
7 11
21 36
15 51
13 31
13 33
12 19
13 36
12 51
13 24
13 25
20 39
36 44
14 45
5 31
5 17
8 35
14 33
14 43
7 8
14 36
11 34
15 50
21 51
14 24
5 30
22 36
3 49
17 42
44 51
19 41
10 30
19 51
14 31
15 36
36 42
16 41
39 48
18 50
21 29
44 48
16 33
18 30
8 42
38 45
16 38
18 42
13 38
3 13
17 19
17 45
17 49
17 48
17 50
11 31
17 31
26 43
17 33
34 49
9 15
17 39
23 49
31 44
30 32
17 24
19 34
19 50
36 39
17 21
8 25
7 18
16 29
17 51
3 51
18 33
18 36
48 51
30 34
19 45
19 49
19 48
45 51
24 26
19 31
19 33
16 18
30 35
15 48
16 28
19 36
19 24
19 25
19 21
26 33
14 48
3 41
14 26
26 39
31 34
20 51
38 39
17 30
11 17
20 33
17 22
20 43
20 34
20 36
11 49
20 24
20 48
12 44
21 45
21 49
21 48
21 50
21 22
21 31
3 44
21 33
30 49
4 22
10 36
18 20
21 24
23 43
25 45
30 45
17 20
20 45
22 33
20 25
17 25
49 50
19 39
28 30
14 49
23 33
20 21
19 43
9 22
24 30
39 44
24 49
24 48
24 51
16 31
24 31
13 21
41 44
24 33
24 43
24 34
24 36
24 25
7 33
14 44
25 49
22 51
25 31
25 33
14 16
22 48
25 36
19 23
29 49
10 24
26 36
8 44
28 42
8 30
28 33
13 22
23 28
11 19
35 45
4 45
0 12
30 33
49 51
20 42
31 45
31 49
31 48
20 44
15 21
17 36
31 33
15 31
10 23
23 36
31 36
32 43
33 45
33 49
33 48
33 50
33 51
33 41
33 42
33 44
33 39
33 43
33 34
33 35
33 36
33 38
27 29
7 45
34 51
9 41
11 50
34 43
34 36
9 17
28 39
10 39
20 49
35 36
36 45
36 49
8 26
36 50
36 51
17 41
25 34
21 42
19 42
36 43
36 38
25 41
16 48
14 21
16 51
23 41
41 50
16 19
7 43
50 51
3 39
24 42
25 51
22 31
9 48
21 39
9 31
43 45
43 51
12 30
20 31
0 48
5 48
45 49
45 48
16 30
34 48
48 49
48 50
19 35
34 41
39 45
