7 20
8 20
2 33
7 21
41 50
39 48
25 51
23 44
3 33
24 42
3 43
23 51
3 14
3 24
50 51
4 19
4 49
19 28
13 34
4 31
8 30
19 26
9 41
4 43
18 45
17 23
4 36
4 14
16 28
12 51
13 16
5 33
3 16
43 48
19 50
9 22
42 50
20 21
42 43
15 33
11 31
30 34
13 35
7 36
7 45
20 31
8 19
8 45
8 49
8 48
17 42
8 31
13 43
8 33
42 48
21 25
8 43
8 12
8 36
36 39
8 14
26 45
8 17
38 42
7 43
9 51
8 21
29 44
26 43
34 45
9 33
3 44
44 45
26 50
20 32
8 50
25 45
16 17
15 48
24 30
10 23
21 36
28 44
7 8
17 26
30 35
22 34
11 33
41 48
16 49
4 11
8 34
23 32
11 30
12 45
12 48
12 50
14 31
12 33
0 47
12 17
12 24
12 21
21 42
20 25
13 19
39 42
13 49
14 30
17 43
11 34
13 31
13 33
16 31
13 36
17 22
13 24
13 25
20 44
39 45
14 45
13 41
38 50
19 42
14 33
14 43
8 44
14 36
21 41
5 7
4 20
14 24
3 13
45 51
8 18
3 34
12 19
15 44
30 49
16 39
29 36
15 36
22 26
19 34
24 26
12 30
27 51
13 45
16 33
23 31
8 25
34 42
21 22
6 49
5 39
12 38
17 19
17 45
17 49
17 48
17 50
9 15
17 31
16 30
17 33
19 35
20 35
17 34
11 36
17 39
17 28
17 24
8 35
19 20
7 16
17 21
14 20
3 41
12 27
48 51
23 34
18 33
18 36
17 51
21 51
19 45
19 49
19 48
31 42
23 35
19 31
19 33
41 51
14 49
4 34
21 44
19 36
19 24
19 25
19 21
9 31
0 8
25 34
18 41
15 34
16 48
20 51
22 50
25 48
5 16
20 33
49 51
20 43
20 34
20 36
18 30
20 24
24 41
3 17
21 45
21 49
21 48
21 50
42 51
21 31
39 49
21 33
22 49
5 44
4 21
41 43
21 24
44 48
8 23
7 30
4 45
16 29
22 33
47 48
13 48
29 48
9 17
31 50
11 45
23 33
34 48
30 51
20 42
42 49
13 14
24 49
24 48
24 51
17 20
24 31
19 23
20 48
24 33
24 43
24 34
24 36
24 25
25 50
4 44
25 49
30 48
25 31
25 33
9 28
24 45
25 36
8 42
3 20
36 41
26 36
15 38
8 11
31 39
28 33
11 19
13 51
6 29
19 22
14 17
38 41
30 33
23 41
9 21
31 45
31 49
31 48
14 51
10 39
26 33
31 33
3 31
22 25
10 49
31 36
32 43
33 45
33 49
33 48
33 50
33 51
33 41
33 42
33 44
33 39
33 43
33 34
33 35
33 36
33 38
16 26
19 43
34 51
16 21
31 44
34 43
34 36
4 30
14 23
15 20
30 36
35 36
36 45
36 49
14 15
36 50
36 51
24 39
21 39
34 49
23 36
36 43
36 38
30 39
31 38
36 42
7 18
14 21
12 44
5 21
18 44
19 51
11 21
17 25
28 42
14 39
31 34
30 44
20 49
43 45
43 51
15 23
43 49
10 24
5 45
45 49
45 48
36 48
10 22
48 49
48 50
32 44
11 17
41 49
