34 50
13 34
2 33
14 17
19 20
45 51
49 50
16 44
3 33
16 24
3 43
38 50
3 14
3 24
10 24
4 19
4 49
15 50
17 36
4 31
31 43
19 28
8 42
4 43
30 45
20 30
4 36
4 14
34 42
13 20
13 14
5 33
14 31
28 48
30 39
7 11
36 42
3 21
11 50
26 51
11 49
7 42
3 13
7 36
23 34
31 34
8 19
8 45
8 49
8 48
17 26
8 31
22 34
8 33
21 41
21 47
8 43
8 12
8 36
36 41
8 14
8 25
8 17
21 30
14 41
3 23
8 21
22 30
38 44
11 45
9 33
30 32
24 45
42 49
17 34
34 45
9 22
7 41
21 23
15 33
15 48
17 25
19 39
16 19
7 33
16 17
4 51
11 33
3 20
19 29
4 22
8 50
42 45
29 36
12 45
12 48
12 50
9 31
12 33
14 34
12 17
12 24
12 21
21 25
30 49
13 19
19 35
13 49
4 30
9 17
17 39
13 31
13 33
38 39
13 36
22 36
13 24
13 25
14 30
4 45
14 45
3 16
19 23
41 49
14 33
14 43
15 43
14 36
7 48
11 21
4 20
14 24
13 17
14 20
8 35
27 31
11 13
16 50
25 41
9 23
6 10
15 36
13 50
19 34
8 41
41 45
31 51
25 34
16 33
18 44
16 43
15 31
20 32
20 25
20 27
3 51
17 19
17 45
17 49
17 48
17 50
7 20
17 31
9 21
17 33
8 26
13 45
5 15
35 39
16 29
21 43
17 24
24 39
3 31
5 48
17 21
12 30
16 35
25 45
21 44
13 43
18 33
18 36
12 34
21 34
19 45
19 49
19 48
32 39
17 41
19 31
19 33
39 41
8 38
4 21
25 39
19 36
19 24
19 25
19 21
8 51
41 48
25 51
14 39
22 48
23 36
20 51
30 48
26 39
13 48
20 33
49 51
20 43
20 34
20 36
5 42
20 24
19 51
14 21
21 45
21 49
21 48
21 50
8 18
21 31
17 23
21 33
8 28
44 45
7 35
20 38
21 24
12 19
28 42
36 44
8 11
30 50
22 33
19 42
44 48
12 42
15 16
18 26
22 51
23 33
20 48
19 44
44 51
23 48
8 20
24 49
24 48
24 51
23 30
24 31
26 45
17 20
24 33
24 43
24 34
24 36
24 25
18 25
17 42
25 49
36 48
25 31
25 33
9 28
34 41
25 36
20 49
19 50
16 41
26 36
43 49
9 26
38 42
28 33
11 31
9 51
10 11
23 31
21 51
16 48
30 33
5 16
48 51
31 45
31 49
31 48
31 35
30 34
42 43
31 33
22 49
17 22
5 44
31 36
32 43
33 45
33 49
33 48
33 50
33 51
33 41
33 42
33 44
33 39
33 43
33 34
33 35
33 36
33 38
4 44
29 30
34 51
23 49
20 44
34 43
34 36
42 48
34 48
24 30
23 44
35 36
36 45
36 49
7 14
36 50
36 51
45 47
12 18
34 49
36 39
36 43
36 38
3 44
10 39
22 31
17 43
31 44
7 51
0 6
14 49
16 28
10 23
21 29
18 42
8 15
0 12
15 44
39 49
43 45
43 51
24 44
23 51
42 51
5 41
45 49
45 48
20 21
24 26
48 49
48 50
30 42
11 17
26 43
