19 42
36 39
2 33
14 20
9 22
36 41
9 49
42 45
3 33
22 34
3 43
20 30
3 14
3 24
7 28
4 19
4 49
21 23
11 49
4 31
8 34
8 44
17 23
4 43
21 34
31 41
4 36
4 14
17 44
14 26
16 28
5 33
18 44
16 43
5 45
34 42
20 49
12 30
14 42
30 35
32 34
14 51
19 50
7 36
0 17
7 43
8 19
8 45
8 49
8 48
19 43
8 31
10 24
8 33
10 47
13 34
8 43
8 12
8 36
13 45
8 14
17 41
8 17
12 44
3 16
23 39
8 21
11 36
22 45
41 49
9 33
7 18
17 20
10 41
3 51
16 17
26 31
16 19
15 48
8 38
15 44
9 17
34 41
23 49
26 45
35 39
20 21
11 33
14 39
14 25
7 35
6 47
9 21
15 33
12 45
12 48
12 50
12 27
12 33
14 31
12 17
12 24
12 21
21 51
23 34
13 19
13 20
13 49
8 27
30 45
30 39
13 31
13 33
29 42
13 36
31 51
13 24
13 25
30 31
30 36
14 45
3 44
12 51
4 22
14 33
14 43
34 48
14 36
10 21
14 19
18 50
14 24
11 19
3 31
13 18
38 39
14 16
34 45
19 20
18 23
48 51
15 36
25 51
8 15
39 48
20 42
31 50
29 39
16 33
18 45
4 20
16 49
45 50
39 41
20 26
24 41
17 19
17 45
17 49
17 48
17 50
11 29
17 31
42 43
17 33
24 42
8 20
34 44
9 28
16 24
19 34
17 24
15 22
21 43
17 36
17 21
39 49
5 23
13 17
11 48
30 38
18 33
18 36
9 51
35 44
19 45
19 49
19 48
15 51
11 25
19 31
19 33
20 25
3 25
25 45
19 39
19 36
19 24
19 25
19 21
26 39
8 39
25 48
20 31
15 34
26 50
20 51
31 43
10 19
15 24
20 33
25 41
20 43
20 34
20 36
44 45
20 24
17 51
4 42
21 45
21 49
21 48
21 50
20 50
21 31
5 21
21 33
30 50
36 44
15 39
22 48
21 24
5 41
22 31
7 48
22 42
25 43
22 33
5 44
14 48
3 20
8 51
13 50
11 21
23 33
4 44
13 51
34 49
11 50
20 38
24 49
24 48
24 51
29 36
24 31
21 44
7 33
24 33
24 43
24 34
24 36
24 25
3 23
17 26
25 49
11 17
25 31
25 33
23 44
16 42
25 36
44 51
38 49
21 30
26 36
6 31
35 45
17 30
28 33
9 26
23 36
4 45
4 51
5 42
41 42
30 33
7 30
8 23
31 45
31 49
31 48
8 22
13 23
14 17
31 33
7 8
16 48
16 21
31 36
32 43
33 45
33 49
33 48
33 50
33 51
33 41
33 42
33 44
33 39
33 43
33 34
33 35
33 36
33 38
3 48
42 44
34 51
12 35
26 43
34 43
34 36
11 34
16 29
0 51
17 42
35 36
36 45
36 49
13 48
36 50
36 51
4 21
30 49
17 34
13 21
36 43
36 38
44 49
43 48
9 41
32 42
19 30
8 24
24 30
16 32
16 50
7 41
21 28
20 23
31 38
31 34
8 25
28 30
43 45
43 51
42 51
28 49
21 41
49 51
45 49
45 48
36 48
30 48
48 49
48 50
23 48
12 19
19 22
