19 39
21 43
2 33
17 23
4 22
7 22
42 49
11 21
3 33
12 44
3 43
7 33
3 14
3 24
26 35
4 19
4 49
7 48
30 34
4 31
24 41
19 27
26 45
4 43
31 39
39 45
4 36
4 14
7 42
18 39
11 17
5 33
16 31
14 19
20 47
3 41
22 25
18 31
14 41
14 44
42 43
9 17
28 30
7 36
20 23
18 50
8 19
8 45
8 49
8 48
23 49
8 31
24 39
8 33
39 43
7 30
8 43
8 12
8 36
31 43
8 14
10 27
8 17
10 21
11 19
13 21
8 21
34 45
20 44
17 51
9 33
15 50
38 45
44 51
49 51
22 49
26 34
38 49
32 42
20 30
26 43
11 34
39 44
17 25
3 34
30 31
16 19
11 33
8 23
15 33
21 42
11 45
26 48
13 39
12 45
12 48
12 50
8 42
12 33
42 45
12 17
12 24
12 21
19 29
42 51
13 19
5 16
13 49
34 49
23 32
13 41
13 31
13 33
21 34
13 36
21 39
13 24
13 25
13 20
14 25
14 45
3 13
24 29
36 41
14 33
14 43
8 35
14 36
38 41
23 44
8 26
14 24
25 51
4 42
3 17
20 49
30 45
12 35
21 25
44 50
14 16
15 36
14 17
21 30
9 19
21 36
23 36
19 42
16 33
39 48
16 44
17 34
21 47
13 51
4 51
20 26
17 19
17 45
17 49
17 48
17 50
5 26
17 31
22 50
17 33
19 26
7 9
17 20
13 34
23 39
9 51
17 24
18 30
10 23
29 36
17 21
32 34
41 48
15 16
9 11
24 42
18 33
18 36
31 34
38 51
19 45
19 49
19 48
12 49
16 50
19 31
19 33
15 41
10 30
8 44
19 41
19 36
19 24
19 25
19 21
20 25
5 8
34 42
25 45
31 50
21 22
20 51
25 48
22 36
4 48
20 33
13 50
20 43
20 34
20 36
8 50
20 24
11 30
30 38
21 45
21 49
21 48
21 50
16 17
21 31
12 42
21 33
20 48
25 43
36 44
21 51
21 24
17 43
28 44
24 30
13 35
3 16
22 33
31 42
3 44
35 45
4 45
14 31
0 8
23 33
20 45
29 41
43 49
34 48
8 51
24 49
24 48
24 51
16 48
24 31
6 12
15 24
24 33
24 43
24 34
24 36
24 25
9 23
11 49
25 49
50 51
25 31
25 33
4 30
8 20
25 36
31 51
7 14
15 48
26 36
10 11
38 44
14 51
28 33
16 36
31 44
30 42
21 44
15 39
4 34
30 33
3 20
14 21
31 45
31 49
31 48
23 42
23 34
21 23
31 33
23 35
36 48
24 45
31 36
32 43
33 45
33 49
33 48
33 50
33 51
33 41
33 42
33 44
33 39
33 43
33 34
33 35
33 36
33 38
16 28
11 31
34 51
15 51
28 48
34 43
34 36
20 31
15 45
16 41
9 28
35 36
36 45
36 49
17 42
36 50
36 51
5 49
19 20
48 51
7 43
36 43
36 38
17 22
18 44
44 48
16 49
30 48
14 20
12 20
3 19
17 41
8 13
8 22
5 30
49 50
0 6
9 48
19 34
43 45
43 51
29 39
17 28
34 41
5 41
45 49
45 48
30 36
7 18
48 49
48 50
22 51
8 25
17 39
