23 51
17 22
2 33
38 39
39 49
16 44
31 51
21 36
3 33
30 45
3 43
24 41
3 14
3 24
14 15
4 19
4 49
35 42
30 42
4 31
17 20
25 41
7 24
4 43
14 20
23 43
4 36
4 14
15 51
10 39
11 17
5 33
23 48
26 45
8 35
45 51
36 41
3 44
47 48
28 49
26 42
29 42
12 42
7 36
13 16
16 26
8 19
8 45
8 49
8 48
8 26
8 31
8 25
8 33
8 39
14 31
8 43
8 12
8 36
19 43
8 14
12 27
8 17
21 44
11 36
5 21
8 21
20 30
20 22
3 34
9 33
31 43
34 41
42 43
20 42
31 39
35 41
0 20
21 43
14 34
14 39
12 44
30 32
30 51
20 45
15 41
32 41
11 33
48 51
7 45
34 42
26 33
29 41
13 48
12 45
12 48
12 50
19 51
12 33
3 51
12 17
12 24
12 21
4 21
4 22
13 19
9 39
13 49
30 31
8 11
16 21
13 31
13 33
17 34
13 36
34 45
13 24
13 25
13 20
3 13
14 45
14 25
9 11
9 15
14 33
14 43
3 41
14 36
36 39
35 44
10 22
14 24
20 49
14 44
23 36
5 42
13 45
11 31
20 21
28 48
3 17
15 36
14 17
23 45
16 28
9 17
16 17
3 19
16 33
13 21
15 38
31 34
42 50
16 20
5 8
25 48
17 19
17 45
17 49
17 48
17 50
26 35
17 31
27 45
17 33
7 30
4 51
21 51
23 24
20 25
11 30
17 24
8 38
11 45
23 49
17 21
29 39
18 19
19 34
29 36
5 44
18 33
18 36
11 51
34 49
19 45
19 49
19 48
23 31
18 44
19 31
19 33
9 31
19 50
7 49
22 49
19 36
19 24
19 25
19 21
7 51
45 50
44 48
9 28
19 42
7 43
20 51
17 26
22 48
21 42
20 33
25 34
20 43
20 34
20 36
42 51
20 24
30 48
20 50
21 45
21 49
21 48
21 50
17 23
21 31
17 42
21 33
9 48
13 50
30 34
15 17
21 24
39 44
5 26
16 49
18 25
28 39
22 33
17 30
22 25
38 45
18 30
19 29
35 51
23 33
14 19
12 18
7 34
34 48
8 24
24 49
24 48
24 51
43 48
24 31
6 10
4 8
24 33
24 43
24 34
24 36
24 25
19 30
36 44
25 49
44 45
25 31
25 33
24 30
20 31
25 36
7 16
49 51
7 21
26 36
15 33
23 39
15 50
28 33
23 50
22 31
8 44
41 42
16 30
32 34
30 33
12 19
14 48
31 45
31 49
31 48
0 49
16 19
10 48
31 33
24 44
17 36
21 34
31 36
32 43
33 45
33 49
33 48
33 50
33 51
33 41
33 42
33 44
33 39
33 43
33 34
33 35
33 36
33 38
13 43
31 50
34 51
12 51
8 42
34 43
34 36
17 25
15 22
10 24
4 20
35 36
36 45
36 49
21 41
36 50
36 51
18 50
9 20
20 48
26 43
36 43
36 38
16 48
5 41
30 36
16 39
19 41
3 23
25 51
38 49
23 38
28 42
11 49
31 44
11 21
6 47
8 34
13 34
43 45
43 51
17 41
21 39
44 49
21 23
45 49
45 48
4 30
4 44
48 49
48 50
22 50
8 13
14 16
