7 9
16 36
2 33
20 49
11 25
23 49
21 42
7 45
3 33
9 22
3 43
41 44
3 14
3 24
16 28
4 19
4 49
10 30
11 49
4 31
8 20
8 44
17 43
4 43
13 41
19 41
4 36
4 14
3 23
26 30
16 29
5 33
15 43
24 41
18 42
5 44
23 31
23 29
12 30
5 30
32 34
14 51
19 50
7 36
44 48
24 26
8 19
8 45
8 49
8 48
43 49
8 31
24 29
8 33
16 31
13 20
8 43
8 12
8 36
13 45
8 14
22 48
8 17
21 44
21 29
0 10
8 21
4 22
38 39
10 31
9 33
3 41
17 20
0 20
3 51
8 51
30 31
47 49
22 36
18 45
32 42
9 17
30 51
23 42
26 45
31 44
15 48
11 33
41 43
14 25
8 18
6 47
4 21
5 9
12 45
12 48
12 50
12 27
12 33
22 31
12 17
12 24
12 21
14 39
35 49
13 19
13 34
13 49
8 27
42 45
18 34
13 31
13 33
42 51
13 36
49 50
13 24
13 25
30 44
18 30
14 45
3 44
21 51
11 48
14 33
14 43
9 34
14 36
7 33
14 31
38 50
14 24
11 19
19 20
3 19
26 28
7 38
8 34
45 51
13 38
21 25
15 36
25 34
24 44
5 17
15 20
31 51
23 44
16 33
31 35
31 41
16 19
8 50
23 39
26 42
24 39
17 19
17 45
17 49
17 48
17 50
29 39
17 31
28 44
17 33
8 15
20 21
3 34
26 39
34 44
19 51
17 24
15 21
43 48
21 28
17 21
11 45
12 42
13 17
11 34
4 30
18 33
18 36
34 49
35 42
19 45
19 49
19 48
14 15
7 11
19 31
19 33
3 25
20 50
25 45
16 21
19 36
19 24
19 25
19 21
20 44
39 42
20 48
20 31
35 39
26 50
20 51
19 43
39 51
7 49
20 33
25 50
20 43
20 34
20 36
44 45
20 24
17 51
30 38
21 45
21 49
21 48
21 50
9 16
21 31
17 39
21 33
17 42
19 30
16 23
22 50
21 24
23 28
5 19
9 48
30 48
25 43
22 33
14 42
3 21
7 20
8 11
25 48
35 45
23 33
16 20
13 51
34 48
11 17
4 34
24 49
24 48
24 51
10 36
24 31
17 23
7 51
24 33
24 43
24 34
24 36
24 25
30 49
11 21
25 49
48 51
25 31
25 33
42 49
36 41
25 36
44 51
4 44
30 36
26 36
6 48
10 22
44 50
28 33
15 33
23 36
4 8
20 25
15 23
39 49
30 33
34 39
41 48
31 45
31 49
31 48
21 39
26 38
14 17
31 33
39 45
17 41
13 16
31 36
32 43
33 45
33 49
33 48
33 50
33 51
33 41
33 42
33 44
33 39
33 43
33 34
33 35
33 36
33 38
14 48
34 42
34 51
12 35
26 43
34 43
34 36
41 45
4 20
14 20
30 43
35 36
36 45
36 49
8 13
36 50
36 51
7 17
14 49
17 34
13 21
36 43
36 38
9 31
16 17
28 41
22 30
16 50
8 24
24 42
19 34
21 23
8 30
17 36
12 51
15 16
31 34
16 32
5 45
43 45
43 51
36 42
18 41
21 41
22 51
45 49
45 48
36 48
42 48
48 49
48 50
14 23
12 19
19 22
