11 43
5 45
4 39
17 26
39 51
43 49
16 38
20 24
5 17
3 31
41 49
20 39
8 31
23 31
33 35
8 34
11 20
33 41
17 34
30 42
14 17
17 42
21 49
12 48
3 36
17 51
14 36
20 31
23 43
8 30
33 50
31 34
0 4
3 22
11 48
16 17
21 30
8 21
13 17
8 13
11 21
14 31
42 44
14 51
18 50
2 24
4 31
23 30
21 45
14 21
50 51
24 43
3 41
29 36
14 48
13 45
7 45
3 34
15 17
9 48
31 43
36 45
17 23
23 48
33 43
38 48
36 51
41 48
21 23
23 36
7 16
19 49
20 44
8 20
16 20
7 14
3 5
13 33
11 16
34 42
33 49
34 36
30 45
14 19
7 24
19 36
28 31
13 19
14 43
33 34
20 26
21 34
33 39
19 43
23 25
39 48
24 41
45 48
8 45
33 48
35 51
8 36
12 42
8 51
34 51
45 50
10 14
27 33
16 34
39 43
8 39
36 49
19 20
42 49
8 23
36 50
35 48
25 48
27 51
19 41
31 48
7 33
21 41
11 51
31 33
39 44
9 45
4 33
4 21
41 51
5 39
19 33
8 33
18 35
33 44
3 33
33 42
19 38
16 36
25 33
17 45
22 24
12 34
20 33
21 31
21 43
4 48
45 51
25 38
12 49
8 24
30 50
19 28
4 43
18 38
36 42
19 23
28 30
3 9
17 49
4 24
36 48
8 18
3 19
11 33
24 38
17 24
8 49
9 31
18 21
24 48
14 50
26 41
20 22
17 48
21 32
7 49
10 50
8 48
16 44
20 45
43 48
41 43
3 8
13 43
19 31
22 48
8 32
49 51
15 42
22 34
31 44
41 45
28 34
24 47
49 50
17 33
11 34
44 51
18 43
30 31
33 47
19 30
21 24
4 26
12 17
22 33
45 49
24 36
16 33
20 30
42 51
29 51
21 50
13 36
6 19
22 49
15 50
20 50
13 15
0 25
4 49
11 24
8 9
41 50
12 22
23 49
25 36
18 25
15 51
19 34
11 49
7 36
21 36
14 15
19 45
17 19
23 44
21 51
30 49
25 45
19 51
10 33
20 23
36 38
20 35
8 41
39 45
25 39
9 19
8 50
7 31
20 25
13 31
44 48
15 26
21 25
14 44
12 25
20 43
26 34
28 36
18 51
4 42
26 49
21 38
4 14
13 23
16 30
10 31
17 30
7 21
5 43
48 49
25 31
30 36
16 48
26 33
13 49
31 35
9 44
14 33
22 25
13 48
48 51
17 39
13 26
25 30
36 39
17 36
14 20
12 13
34 45
24 26
31 45
15 33
22 43
17 20
31 42
14 42
29 33
5 44
7 17
23 33
8 19
24 45
4 34
24 25
14 32
12 19
11 36
3 17
28 42
8 12
3 48
8 29
13 50
12 16
31 36
16 49
33 51
10 48
21 44
24 39
33 45
12 41
16 21
35 49
12 36
30 43
30 44
8 17
36 41
20 36
21 33
9 36
24 50
19 42
30 34
24 31
12 33
34 44
13 44
29 45
20 34
9 43
25 42
5 33
19 24
34 49
17 21
31 39
15 28
24 33
6 33
19 21
15 34
14 45
44 45
20 42
24 51
32 49
17 44
17 43
13 21
35 42
16 19
22 36
