8 31
4 34
16 19
29 49
26 42
21 49
9 45
22 34
24 28
7 15
36 49
13 17
26 33
3 49
35 48
19 20
42 48
14 31
7 39
30 31
17 25
10 17
5 21
45 48
8 34
4 17
11 17
13 25
8 11
19 21
33 50
33 38
4 33
20 33
31 34
8 50
30 48
7 21
17 45
13 51
25 45
17 31
28 50
24 51
22 31
11 24
4 20
26 44
2 44
11 34
4 14
16 44
13 31
8 44
36 47
25 43
3 16
14 34
17 49
13 19
31 48
36 45
12 14
13 16
33 43
14 44
36 51
20 21
20 48
22 44
8 17
17 30
21 24
20 51
15 24
43 49
21 48
12 13
33 42
34 50
33 49
42 45
30 33
45 51
15 25
36 39
39 48
29 50
14 20
39 44
24 49
24 48
8 51
19 41
18 43
19 48
14 24
12 21
12 39
8 26
14 19
12 45
33 39
12 19
4 25
17 21
14 21
33 48
17 34
36 44
23 36
48 50
24 50
25 49
23 43
48 49
10 45
14 25
42 51
33 34
3 44
7 33
14 39
5 33
0 45
13 36
9 48
27 33
10 34
12 42
17 48
30 49
19 33
16 35
33 44
3 14
28 33
19 44
20 34
11 33
17 51
41 43
36 43
9 33
31 45
4 43
14 48
25 48
3 45
4 24
12 33
7 36
10 30
16 30
17 50
23 48
23 33
22 39
12 48
15 30
22 24
19 36
20 49
3 19
20 39
43 45
17 41
8 49
5 8
18 30
24 35
8 39
13 15
35 36
15 23
34 41
30 51
16 33
4 45
8 42
18 20
43 48
20 23
12 25
13 41
19 47
20 30
4 38
28 49
9 35
34 36
15 22
41 45
21 25
18 26
21 41
17 33
0 33
44 51
30 36
31 42
3 33
11 42
12 41
23 44
8 20
22 33
45 49
24 36
16 31
5 36
21 42
48 51
20 43
13 18
20 25
5 50
3 36
20 45
9 51
16 21
38 41
16 39
18 31
34 48
44 50
23 49
23 24
15 51
31 51
16 20
12 31
3 24
7 17
5 51
19 45
17 19
25 50
34 42
14 49
11 45
19 34
31 33
8 33
21 38
14 28
31 44
8 14
17 36
7 48
8 9
21 31
27 43
5 43
4 36
35 45
23 42
31 41
14 43
16 49
3 22
23 34
23 39
36 38
12 17
9 21
36 48
26 45
31 50
8 21
4 21
13 50
29 43
8 36
24 34
41 49
11 49
7 8
44 49
19 35
8 22
14 33
43 51
19 30
21 35
17 29
11 36
7 26
33 36
38 49
20 31
34 38
6 19
26 41
13 21
29 33
8 43
17 20
31 49
39 51
13 33
22 51
3 17
41 44
8 19
24 45
9 49
41 51
32 33
19 49
30 43
21 23
28 41
6 20
16 45
15 36
30 45
21 51
31 36
26 51
33 51
49 50
25 39
25 31
33 45
19 38
9 36
28 34
8 13
34 43
12 18
21 39
11 48
20 36
21 33
3 51
11 21
7 43
19 24
10 24
20 42
34 44
32 36
30 50
16 24
8 24
30 42
26 34
8 25
19 42
36 50
15 48
17 42
24 33
13 48
21 30
17 22
4 13
19 32
36 42
23 31
14 32
16 23
24 31
18 25
17 24
42 43
19 31
