15 22
20 34
4 45
33 51
8 33
12 44
20 50
15 42
3 12
26 44
36 51
35 36
14 50
4 36
3 33
7 39
19 31
31 44
7 33
14 42
31 51
21 49
25 33
8 42
9 51
8 48
34 48
7 24
49 51
17 48
8 21
21 36
24 33
20 33
20 30
44 49
11 45
19 33
19 30
34 51
11 13
15 31
30 36
21 42
24 38
11 42
11 31
8 20
15 18
17 20
19 45
30 48
23 34
8 17
33 43
18 24
43 45
20 23
8 12
7 17
21 48
36 44
18 43
20 21
21 39
32 41
34 36
20 51
12 45
22 42
11 21
16 51
50 51
27 44
2 34
8 24
23 36
29 31
4 43
4 33
15 41
19 39
36 39
13 25
24 29
14 28
20 31
16 39
19 24
13 42
9 21
24 34
33 41
22 31
19 36
48 51
43 49
0 17
26 33
5 36
24 41
16 29
30 49
14 31
13 19
19 21
12 36
24 51
20 26
14 34
18 36
8 44
28 33
7 30
32 49
16 30
14 48
38 42
29 48
33 34
11 24
17 44
30 31
43 44
10 48
13 36
3 42
19 26
4 51
17 36
5 20
17 23
25 48
24 25
15 36
12 31
30 33
8 23
26 45
17 50
19 34
24 49
30 45
10 19
21 30
8 14
11 36
12 43
10 34
17 45
31 48
26 36
3 17
4 14
7 14
11 33
42 49
23 50
33 48
33 44
8 16
5 19
26 49
17 33
18 22
43 48
14 51
19 51
12 16
35 45
18 48
21 22
9 19
30 34
25 36
18 19
24 31
33 50
20 42
13 45
41 49
12 33
4 44
3 20
16 33
14 26
19 50
14 38
15 34
14 17
19 22
32 45
5 39
13 51
33 45
17 22
17 25
17 35
41 50
8 39
31 43
3 36
9 30
43 51
21 29
21 45
25 39
25 31
4 34
12 49
8 36
14 16
11 41
17 43
9 45
20 49
7 8
15 25
31 34
39 51
41 51
19 48
25 41
16 44
13 30
31 41
23 30
21 27
23 33
38 43
33 39
22 48
17 39
10 42
8 19
19 25
3 31
21 41
13 21
13 50
16 45
18 50
31 33
13 23
8 34
12 28
15 30
8 45
15 33
21 35
16 49
4 17
19 43
8 22
3 14
12 21
17 19
8 43
17 26
7 23
17 21
24 32
5 49
16 34
4 28
19 42
30 39
36 48
42 50
11 51
36 45
6 33
17 24
17 51
20 28
23 26
20 45
9 39
33 49
9 24
31 49
14 33
39 48
47 49
4 8
23 38
3 48
21 34
33 36
21 23
44 45
21 43
45 48
33 35
9 49
7 45
6 24
3 8
19 20
0 16
13 33
24 48
39 42
8 38
34 49
5 45
35 43
3 35
33 42
25 49
34 42
13 24
24 43
25 34
11 25
14 36
28 30
4 10
19 41
16 31
16 48
14 45
17 41
20 48
24 36
13 31
48 50
12 51
21 31
49 50
20 25
45 49
21 50
20 44
21 33
48 49
36 49
44 50
8 13
4 31
17 49
36 43
13 43
3 34
24 44
34 44
9 43
8 49
33 47
20 43
44 51
22 50
14 21
5 33
25 51
13 48
22 33
23 48
41 42
7 36
12 38
38 45
17 31
28 36
20 41
31 36
24 35
23 25
