19 39
30 39
12 19
33 51
8 33
12 13
19 20
9 19
9 48
30 48
15 51
7 51
11 50
24 36
16 36
16 49
16 23
19 31
26 33
29 45
25 43
21 49
25 48
8 17
25 51
10 33
41 48
21 30
43 44
16 48
23 31
7 21
24 33
20 33
12 24
20 29
13 36
33 43
4 43
22 36
4 34
42 45
4 14
11 36
31 48
17 41
20 24
14 17
14 34
23 33
43 45
41 51
17 39
17 19
20 44
16 22
14 49
43 50
22 31
14 47
24 51
20 25
34 44
4 26
10 24
9 20
34 36
8 23
16 45
3 51
8 29
49 51
12 51
14 26
10 14
24 31
23 36
23 38
13 51
3 33
19 36
19 25
19 45
25 31
3 24
36 41
3 31
24 30
12 16
20 48
30 42
36 45
16 20
39 50
24 26
22 48
13 43
17 31
15 45
20 50
24 43
5 50
3 30
31 43
3 36
19 34
39 48
7 33
26 51
34 45
11 34
44 51
28 49
22 49
12 31
20 22
35 48
36 38
14 18
25 34
10 20
16 17
8 30
31 38
25 41
8 34
21 22
19 48
11 48
17 36
21 28
17 34
4 48
14 36
34 48
31 47
30 33
23 24
18 35
13 48
19 41
10 36
18 34
25 33
17 26
12 33
41 45
41 44
3 39
17 45
14 38
36 51
8 19
13 20
7 8
11 33
0 13
23 45
33 48
33 44
8 24
12 21
41 42
17 33
17 30
38 39
24 42
34 49
3 17
8 43
8 21
21 42
7 25
8 32
21 25
17 23
7 34
33 50
34 42
45 49
4 41
13 16
0 33
3 20
16 33
42 50
26 39
23 25
17 50
29 44
31 49
9 30
44 48
11 21
33 45
8 48
17 25
30 31
16 44
19 24
23 32
15 16
17 49
39 43
5 36
11 25
26 50
12 20
36 42
9 45
8 36
6 21
21 39
44 45
8 35
36 49
24 44
38 42
31 34
35 42
19 28
19 33
4 45
15 42
12 49
8 31
24 34
16 42
31 32
28 33
33 39
12 48
7 45
22 42
43 51
27 31
5 38
43 49
13 21
3 49
9 33
13 18
31 33
45 50
42 51
28 31
30 49
34 35
15 33
33 35
13 19
2 21
19 43
4 8
44 50
19 21
24 25
30 43
21 23
7 43
17 35
13 49
44 49
11 19
12 41
8 42
30 44
36 48
3 42
11 41
20 45
13 33
17 24
8 28
11 20
20 21
21 36
9 49
33 49
28 45
34 51
8 14
14 16
21 48
4 21
48 49
21 43
30 45
33 36
25 30
15 21
30 35
20 49
17 51
19 42
9 36
14 51
33 41
36 43
19 49
19 50
14 48
20 31
32 51
5 49
5 34
8 45
4 36
33 42
43 48
34 39
22 33
39 51
31 51
8 20
27 36
14 41
13 15
12 18
4 17
6 22
14 33
21 24
14 24
26 36
11 23
48 50
17 18
21 31
31 50
21 29
13 45
20 36
8 51
21 33
48 51
15 39
7 20
8 13
24 48
12 44
41 49
9 17
19 44
15 17
4 39
3 21
8 49
14 25
34 43
5 43
18 50
26 44
33 34
18 19
15 49
17 22
30 50
14 23
7 36
5 33
19 38
31 45
23 44
13 17
31 36
4 24
24 45
