3 36
12 31
24 44
20 21
24 31
12 48
14 21
24 51
24 48
41 44
13 49
17 44
8 51
4 34
33 43
17 28
7 36
44 45
17 33
23 24
36 48
30 42
11 41
3 24
15 31
4 18
6 50
42 48
21 25
14 39
12 20
8 23
14 43
34 51
17 43
5 24
10 31
25 48
18 39
24 36
42 45
25 38
20 25
9 42
3 16
21 31
29 33
20 48
12 30
17 19
43 48
18 36
11 20
8 38
4 5
34 44
7 33
34 42
12 36
15 18
5 36
11 51
12 29
17 34
8 24
17 39
7 20
7 31
31 48
31 49
26 51
8 42
22 23
31 34
16 39
27 31
36 42
23 44
14 25
34 39
18 19
19 42
13 16
12 49
30 43
9 17
18 33
8 48
24 25
44 48
33 51
19 24
25 34
43 49
36 44
17 29
15 51
5 8
4 14
33 48
33 41
30 33
12 42
45 49
9 24
39 51
8 19
23 30
3 34
20 31
11 36
17 23
13 14
14 24
44 49
15 16
31 44
25 43
28 34
28 39
34 45
41 51
45 48
31 45
21 36
43 44
41 45
50 51
7 21
13 41
13 43
21 23
8 39
21 28
13 22
21 43
20 36
24 34
8 25
33 44
20 38
49 50
3 33
9 43
26 49
13 31
32 33
39 49
12 45
42 50
19 28
8 16
11 33
13 44
10 44
4 32
21 49
14 36
22 33
34 50
7 13
16 20
16 49
13 23
4 12
3 23
17 51
33 47
26 42
36 43
23 45
30 36
8 11
41 48
8 14
17 42
31 41
29 36
28 51
33 35
21 45
25 36
4 49
14 50
33 38
11 49
19 22
7 34
30 50
4 51
30 48
2 31
48 50
41 49
20 24
35 38
4 33
8 45
43 45
13 21
12 18
18 51
3 30
16 48
14 41
19 35
13 17
19 36
15 33
29 45
22 39
36 51
45 50
23 49
23 48
33 50
15 21
19 48
43 51
17 31
33 42
9 30
4 42
22 34
0 33
19 33
26 33
21 30
19 21
19 51
12 22
21 41
7 19
26 31
5 30
3 50
14 17
21 48
20 39
20 44
23 33
5 49
15 17
21 39
22 36
19 49
35 36
48 51
19 30
38 49
19 45
16 42
26 43
42 51
7 49
33 34
16 44
6 21
31 38
11 31
8 44
26 36
47 48
33 36
30 45
17 45
14 45
34 43
20 43
17 24
24 30
16 25
21 50
24 45
9 20
26 48
23 36
8 20
8 13
20 45
31 33
14 51
5 34
8 33
3 20
33 49
24 50
25 33
3 19
8 41
3 51
19 31
25 45
11 34
20 33
23 31
22 24
14 33
16 17
8 31
19 41
4 50
19 43
19 20
32 36
13 30
8 36
24 33
25 42
22 31
34 49
13 36
27 35
39 43
14 19
15 22
36 45
35 44
7 17
12 33
25 50
17 49
17 36
9 48
8 10
4 21
8 17
11 21
17 30
16 45
15 19
21 24
36 38
4 25
8 35
20 41
24 39
17 21
16 51
0 24
8 9
13 33
34 41
17 48
16 50
3 45
12 21
28 33
14 26
13 42
19 34
14 48
21 26
10 14
19 39
10 49
48 49
30 49
21 33
20 34
17 25
15 43
20 51
11 48
36 49
9 31
32 45
35 43
