7 36
34 50
14 21
8 30
9 33
4 8
19 34
45 51
13 45
0 51
20 38
27 33
15 26
48 50
20 51
28 49
8 50
44 48
4 49
44 51
17 25
17 23
31 41
24 43
8 23
19 48
7 11
12 24
19 20
13 44
21 50
8 22
14 31
3 33
15 21
43 50
24 49
41 42
8 31
25 36
23 42
12 49
25 30
33 36
33 45
14 33
33 49
39 50
45 49
10 42
30 34
12 17
34 51
42 49
15 33
13 36
41 45
31 51
19 38
44 49
2 8
31 45
18 22
11 41
14 36
3 24
19 45
16 19
31 34
12 21
48 49
7 49
22 24
17 22
13 51
12 34
8 33
34 36
30 33
24 38
29 39
20 42
12 51
41 49
16 39
25 45
11 33
19 44
14 20
35 45
39 49
13 21
39 48
21 30
7 23
15 51
17 50
42 44
41 50
13 30
14 26
17 44
9 20
24 33
19 33
16 45
21 32
18 47
34 49
43 49
5 36
41 48
36 50
13 20
17 42
4 17
11 21
3 48
24 31
7 8
19 43
30 44
8 19
22 31
19 42
36 43
9 19
12 28
21 25
28 36
9 12
25 43
16 25
3 19
33 51
17 41
38 51
34 48
31 48
23 24
10 34
21 39
11 34
12 48
24 36
11 25
9 25
31 36
17 34
33 48
23 50
7 45
6 49
13 16
4 33
8 44
20 24
21 38
3 26
18 33
20 34
8 48
13 33
9 21
23 49
8 25
33 35
17 45
5 19
21 22
3 51
33 50
24 44
23 34
6 33
19 51
12 42
28 34
18 31
13 24
17 24
15 31
18 21
19 36
31 43
19 24
3 44
3 49
20 28
31 50
14 43
20 21
23 48
4 36
23 51
16 31
20 25
20 48
17 43
21 31
33 41
8 36
29 33
4 48
16 20
3 21
22 48
16 43
16 48
9 31
20 39
23 36
11 12
17 19
13 31
19 30
8 14
13 19
32 41
8 21
34 43
21 43
19 35
14 45
5 20
29 51
35 48
17 20
21 41
36 51
16 33
28 30
8 45
31 42
25 33
32 45
7 43
14 30
20 49
8 49
20 36
13 17
31 33
14 49
14 24
5 8
8 41
36 41
4 30
16 24
24 30
36 42
20 33
8 39
25 42
30 51
15 44
12 33
48 51
10 26
21 36
12 45
8 34
19 26
28 48
17 36
36 49
19 41
24 51
17 35
4 35
41 44
29 38
11 31
39 43
23 26
4 45
10 14
47 51
26 49
12 31
33 34
20 31
23 39
14 50
24 42
10 33
17 48
9 51
5 30
43 48
27 48
4 43
17 32
11 17
24 35
7 34
26 45
11 24
21 33
13 49
26 42
23 33
36 39
33 38
8 13
16 50
4 18
33 42
0 14
4 16
43 45
8 51
31 39
8 20
14 23
24 48
15 34
14 17
13 43
14 15
15 50
43 51
5 29
3 42
3 36
4 25
36 48
5 33
34 44
22 36
11 49
9 22
13 50
7 21
30 45
17 39
14 39
36 45
25 49
19 31
21 44
30 43
15 30
17 33
36 38
3 45
42 48
21 45
21 48
24 45
34 45
35 36
16 17
19 49
20 43
16 36
34 42
22 30
25 44
33 44
22 33
25 39
18 19
7 17
18 44
26 31
17 21
