8 36
31 36
24 44
20 21
39 42
42 48
14 21
24 51
13 51
0 44
16 49
13 45
8 51
4 36
27 43
24 39
20 51
21 44
17 33
13 43
39 48
8 30
11 36
3 19
15 31
19 42
25 36
17 20
16 41
39 49
28 31
7 9
14 43
17 34
12 16
33 50
4 22
11 25
18 21
8 24
41 49
21 25
8 28
27 48
16 29
20 31
29 33
9 36
24 42
17 19
4 43
11 33
11 17
8 38
38 41
17 44
7 33
8 21
14 23
28 33
26 36
3 17
38 43
8 23
12 13
17 41
7 51
12 23
31 48
31 49
11 15
5 23
12 45
23 31
16 42
41 42
20 36
23 44
0 8
19 49
33 49
15 45
16 50
12 49
18 30
17 43
18 24
18 49
24 31
20 44
45 51
19 24
13 23
13 34
12 17
4 17
12 15
8 32
4 44
33 48
33 41
30 33
12 36
20 49
23 36
18 36
8 44
14 17
26 34
31 51
7 45
43 49
45 49
14 31
44 45
30 49
35 36
38 50
28 44
12 30
34 49
30 34
10 17
31 45
21 36
7 20
41 45
15 20
34 45
7 41
26 31
5 21
8 39
8 42
13 20
14 33
36 45
24 34
25 42
33 39
14 34
49 50
33 51
24 26
48 49
9 31
32 33
13 19
26 45
24 25
39 44
33 43
36 48
13 39
14 19
31 41
21 49
36 50
22 33
7 17
13 24
34 51
33 45
26 50
25 50
22 30
17 51
20 47
50 51
36 43
23 45
30 36
11 42
29 36
8 14
17 25
20 25
29 41
7 28
33 35
21 45
25 34
4 49
3 14
33 38
11 49
21 23
3 51
19 50
4 48
30 48
30 31
3 33
9 42
5 48
35 43
4 33
8 45
16 45
14 39
25 43
18 20
14 42
44 48
14 36
32 48
49 51
19 51
15 49
6 45
21 29
36 51
3 50
24 49
23 48
31 50
19 23
19 48
43 51
31 43
33 42
9 13
16 44
2 43
25 45
15 33
19 43
23 30
19 21
16 25
4 12
21 31
11 19
12 31
5 19
48 50
17 39
21 48
11 20
35 42
23 33
5 36
17 35
8 34
16 36
13 49
10 35
48 51
19 30
5 25
19 45
14 15
5 39
10 51
44 49
33 34
9 16
22 25
7 43
19 25
19 44
19 36
33 47
33 36
12 14
17 26
14 45
34 43
41 43
17 24
24 30
3 9
15 24
24 45
22 49
14 48
41 48
8 20
3 21
33 44
31 33
14 51
24 43
8 33
17 50
19 33
20 30
25 33
15 30
8 16
7 30
19 35
45 48
34 36
21 33
16 31
22 24
16 33
3 20
8 31
3 30
4 50
11 43
19 20
32 36
4 51
36 42
24 33
3 25
22 31
28 34
13 36
8 35
39 51
26 48
21 22
9 45
42 51
13 17
12 33
24 48
17 49
17 36
22 50
8 19
13 21
8 17
21 39
6 18
21 41
8 48
21 24
34 38
4 34
3 31
20 39
19 28
17 21
41 51
43 45
13 22
13 33
34 48
17 48
21 50
11 24
12 21
26 30
16 34
42 44
19 34
20 38
9 21
31 42
34 39
10 34
21 42
8 49
20 33
20 34
14 26
20 48
10 48
18 41
22 36
31 44
24 38
4 23
