24 41
31 41
26 43
9 25
38 49
4 50
11 21
21 22
7 48
25 45
19 45
13 18
17 42
5 21
20 36
41 44
21 24
8 30
19 23
21 29
36 41
23 34
36 38
11 13
17 30
9 51
31 47
3 25
14 48
48 51
13 28
33 35
14 26
35 38
34 49
17 39
13 34
35 45
15 36
14 30
4 34
31 39
42 50
33 34
30 33
14 34
3 34
19 21
39 50
8 34
3 8
35 49
26 36
7 44
8 16
21 41
31 49
23 41
8 27
3 12
17 48
23 48
24 30
16 19
16 22
18 24
24 43
25 44
17 21
5 24
32 45
21 25
31 34
14 44
39 49
31 45
11 34
20 24
22 32
33 43
10 14
8 23
0 49
8 51
21 48
44 48
8 24
33 49
4 31
20 44
19 44
15 34
8 28
45 49
3 48
5 33
19 36
20 51
11 31
24 33
41 45
31 43
33 45
29 33
19 33
19 39
7 43
16 49
13 17
13 49
17 19
24 25
35 36
8 17
9 50
12 51
15 33
17 51
33 41
28 51
16 45
34 41
19 34
20 48
21 26
13 39
12 13
39 48
31 42
15 44
3 20
25 42
9 31
17 32
4 23
10 33
16 39
20 23
8 33
33 44
4 48
19 24
29 45
17 34
16 17
36 42
22 48
19 30
25 36
33 48
11 39
26 49
17 44
14 49
16 36
3 31
48 50
24 35
13 24
8 50
31 36
44 45
15 21
18 42
17 20
28 42
42 45
22 24
23 30
30 51
24 51
33 51
7 19
25 49
21 50
11 42
17 38
13 29
4 12
30 44
19 42
12 23
36 39
38 45
17 31
16 24
17 41
0 14
10 20
14 43
43 51
9 19
3 44
19 31
17 49
43 45
14 17
15 16
15 24
20 30
3 33
34 48
23 33
12 49
18 36
18 48
14 33
7 11
3 27
7 28
21 31
4 8
14 24
31 50
17 23
22 33
18 33
7 36
7 49
16 51
6 8
21 43
34 36
7 33
8 31
19 26
11 33
16 20
17 36
11 30
7 17
3 43
13 33
24 48
30 43
15 25
36 45
25 33
12 33
43 44
15 42
28 33
31 33
8 43
17 33
24 45
21 49
26 48
12 21
22 50
30 34
43 49
34 50
28 36
30 36
33 42
34 43
32 49
25 51
4 36
5 25
4 51
15 31
21 23
43 48
21 36
8 49
6 38
30 31
4 45
23 39
9 45
17 26
41 51
8 14
8 12
13 23
16 33
21 51
8 36
29 36
20 45
11 20
14 51
34 42
22 31
36 51
31 48
14 21
19 48
25 48
42 43
4 20
36 50
13 48
44 49
13 19
16 21
17 45
11 19
8 41
3 50
33 50
33 36
41 48
24 36
38 51
26 39
22 43
31 51
21 44
25 30
8 21
8 45
45 51
9 33
45 48
8 42
20 43
33 39
22 49
20 41
45 50
14 36
5 44
20 33
10 31
9 10
12 19
34 39
33 38
24 50
21 42
36 48
5 34
20 21
22 44
12 48
4 49
13 35
39 51
12 35
20 34
12 43
4 42
14 19
23 45
30 49
13 20
24 31
19 49
14 50
19 47
17 18
9 21
19 20
19 25
30 42
20 26
18 51
2 16
41 43
12 24
5 14
17 25
36 49
8 20
13 36
