24 41
24 28
12 26
38 44
21 36
4 23
11 31
14 22
11 35
45 48
19 45
17 35
26 34
19 50
20 36
20 35
24 30
14 41
14 31
21 29
36 41
0 44
7 14
25 49
17 24
34 51
12 20
23 42
41 45
48 51
13 31
35 48
8 12
35 49
3 49
17 39
13 39
3 19
8 15
5 30
29 44
39 48
5 31
32 45
30 33
22 34
24 34
19 21
33 50
2 19
8 19
26 33
26 36
29 51
21 42
22 30
9 51
18 41
19 49
12 34
42 48
4 48
5 45
19 30
8 39
28 50
24 45
25 45
17 21
9 24
20 45
22 45
31 34
17 44
23 39
25 31
20 34
24 48
20 43
33 43
21 27
8 14
0 33
8 51
9 19
23 48
24 36
33 34
35 50
20 44
19 44
15 21
4 43
3 24
12 49
4 20
14 51
13 51
4 31
24 33
21 39
13 43
13 33
29 33
19 33
19 39
15 34
31 49
15 17
13 49
17 19
24 25
9 17
8 17
17 23
25 51
15 33
17 51
48 49
8 42
25 43
12 36
19 34
5 11
8 21
13 18
7 45
21 48
31 51
38 42
4 14
16 42
20 38
17 42
3 33
10 33
31 39
8 23
8 33
17 48
42 50
34 39
33 45
17 34
16 17
36 42
21 44
8 38
25 36
33 48
19 26
12 19
17 49
14 49
16 36
3 38
17 50
10 36
23 24
8 13
19 36
44 49
12 45
41 43
20 21
4 49
16 45
34 49
30 49
14 25
24 51
5 39
16 22
21 23
12 51
11 50
31 50
8 49
12 41
30 44
27 36
12 33
13 20
11 45
17 31
16 24
17 41
9 45
18 20
23 36
36 43
9 34
35 44
16 31
11 49
43 45
14 17
14 18
10 20
7 17
3 36
34 48
23 33
31 43
8 36
18 48
14 33
7 20
16 20
9 30
21 31
4 8
3 25
48 50
31 42
15 45
18 49
28 36
7 49
16 44
6 48
16 26
34 36
7 33
8 31
18 19
11 33
39 41
17 36
19 43
14 15
3 8
13 17
24 38
30 43
21 30
45 49
25 33
26 50
16 43
5 23
28 33
31 33
11 44
17 33
4 22
21 49
8 34
21 34
20 49
3 42
21 41
16 34
36 50
30 36
33 42
34 43
20 48
8 16
4 36
25 50
26 51
15 31
3 21
3 48
21 43
39 49
4 7
29 30
36 45
10 39
13 21
21 22
50 51
14 48
41 48
42 51
16 33
21 25
9 36
12 32
12 13
22 48
15 51
24 42
30 47
36 51
31 48
24 26
19 48
25 48
7 11
7 30
24 43
7 13
33 49
19 31
5 21
17 20
25 28
12 50
14 20
32 33
33 36
31 41
22 36
23 51
20 30
10 14
3 31
18 21
30 34
8 44
8 45
45 51
9 33
13 45
8 48
42 43
30 39
14 42
11 41
31 45
14 36
36 44
23 34
19 47
15 43
11 24
28 31
33 38
44 50
42 49
36 48
34 44
32 43
22 33
44 48
24 49
33 44
35 51
33 41
19 20
43 51
6 51
14 19
28 45
23 25
13 26
24 31
19 41
22 43
8 30
17 38
21 33
23 45
19 25
39 42
20 33
33 51
4 24
16 49
13 24
43 50
17 25
4 21
8 20
13 36
