24 44
8 22
23 38
20 51
21 36
44 51
17 51
15 20
31 41
18 31
19 43
30 41
3 19
18 21
25 48
19 30
10 48
4 31
3 30
23 45
20 21
0 48
32 35
48 49
10 24
19 51
12 41
21 23
20 36
21 51
14 31
18 36
12 36
14 38
7 48
26 34
19 21
16 19
9 24
21 44
31 45
14 30
33 35
20 48
33 41
29 51
45 48
19 45
29 33
13 23
8 19
17 31
36 49
8 41
20 24
22 33
34 39
24 25
30 36
34 50
19 48
24 35
14 51
34 51
25 44
8 50
16 51
3 41
21 43
19 49
8 45
4 45
10 34
11 34
4 49
24 28
20 34
24 48
19 28
11 48
22 51
2 18
16 33
11 20
5 43
31 50
17 24
33 34
25 34
7 42
12 50
10 36
9 14
4 39
12 17
14 19
20 28
7 17
20 30
24 33
20 35
36 43
13 33
29 42
19 33
11 21
11 45
8 31
8 15
26 36
12 19
17 20
23 26
21 41
20 22
11 23
33 39
24 51
7 34
13 19
25 39
38 45
14 24
13 27
18 51
19 44
23 39
9 33
21 49
4 36
17 23
16 36
14 25
17 42
3 21
23 33
17 39
43 48
8 33
17 48
12 21
5 36
33 45
17 50
17 25
45 49
21 39
23 51
12 44
33 48
31 44
12 49
33 43
48 50
16 25
34 45
9 17
32 36
17 19
13 43
19 36
3 45
15 24
0 4
15 36
4 14
3 26
44 49
43 50
8 13
39 51
8 21
16 48
3 22
4 20
12 30
22 36
23 41
38 42
43 45
4 12
12 33
19 42
5 51
7 30
8 34
3 48
10 43
21 30
8 36
22 49
9 34
19 25
36 44
15 25
43 49
6 48
5 33
8 20
7 45
30 33
34 48
24 42
36 50
8 35
9 25
14 33
18 33
5 42
12 31
42 45
34 44
17 38
13 49
21 31
7 12
16 43
25 51
11 17
13 48
28 32
13 17
34 36
41 49
8 49
19 31
7 33
22 45
8 17
7 13
30 34
8 24
24 26
8 30
3 25
13 50
18 35
25 33
14 42
42 49
31 42
28 33
31 33
27 43
15 49
15 33
17 26
19 34
21 34
44 45
8 42
47 48
8 18
11 31
24 36
33 42
34 43
8 9
16 24
28 44
5 13
26 51
15 41
16 21
20 31
17 34
20 39
3 4
14 39
26 39
32 49
13 21
4 33
19 50
14 48
7 31
24 45
16 31
25 50
17 21
12 24
4 26
48 51
23 48
24 31
16 34
31 36
23 50
21 24
11 49
21 48
35 43
30 49
17 22
22 38
33 49
11 36
25 31
17 36
24 39
4 42
20 50
6 33
33 36
16 45
42 48
15 19
30 48
21 25
3 51
33 44
13 31
17 33
31 34
45 51
13 26
22 44
8 48
44 50
41 43
14 36
41 45
21 45
13 15
42 44
17 49
9 20
43 44
29 43
23 31
36 42
28 31
17 35
36 39
16 49
5 11
45 47
30 50
9 30
20 44
36 51
3 33
14 49
14 43
29 49
20 49
8 51
19 20
8 16
39 49
13 45
30 43
30 31
14 21
21 33
14 41
8 38
24 49
20 33
33 51
39 45
16 17
33 38
14 50
19 41
42 43
23 36
36 41
