34 51
14 21
17 22
4 13
21 36
13 51
4 14
48 50
31 36
30 31
31 43
12 16
23 33
39 48
30 45
8 42
32 49
33 43
16 21
4 31
20 30
9 42
12 42
8 30
16 50
24 51
4 42
17 23
8 16
21 51
14 31
34 50
20 36
34 45
12 51
4 36
19 21
19 36
8 20
9 25
31 45
8 9
16 19
41 48
33 49
20 38
9 19
16 30
29 33
12 14
8 19
29 42
36 49
8 25
23 44
22 33
41 45
38 48
30 36
3 45
14 19
4 24
12 45
3 42
15 25
31 48
21 33
21 48
23 36
19 49
8 17
13 24
19 20
23 39
42 49
4 49
45 49
4 11
13 16
24 39
31 42
18 19
14 16
13 45
17 51
30 51
11 19
33 34
25 34
18 48
34 42
17 24
10 36
24 44
14 43
11 41
17 34
17 18
20 25
24 33
41 43
36 43
26 33
6 43
19 33
21 50
28 49
26 31
7 8
35 50
11 43
36 42
21 41
19 26
15 17
12 13
20 26
35 51
12 17
17 44
8 13
26 50
14 24
4 51
31 51
13 19
25 44
33 35
0 33
36 44
20 41
42 45
30 39
8 34
35 44
33 41
14 17
18 45
8 33
43 48
34 49
14 39
33 45
20 48
21 25
13 21
5 45
32 33
19 50
23 43
15 31
3 21
17 25
17 20
10 11
31 34
25 31
25 41
17 19
43 45
7 36
17 45
17 42
35 45
15 36
12 31
16 23
3 50
33 50
13 49
20 39
21 30
15 24
19 43
31 39
30 38
32 36
18 39
12 21
30 48
25 43
12 33
5 21
12 20
36 38
24 43
20 43
24 25
45 50
11 14
41 51
20 49
5 43
13 30
11 21
41 49
25 39
5 33
33 38
19 48
30 33
26 48
23 48
34 36
17 49
34 41
14 33
7 45
39 49
34 44
28 45
8 31
20 34
10 43
7 21
3 24
16 24
5 7
3 34
16 34
19 29
33 44
4 43
26 30
8 45
22 34
7 33
13 33
23 34
10 34
22 45
17 39
19 31
19 41
3 14
17 36
29 44
25 33
14 22
14 20
36 51
18 33
31 33
23 50
15 21
6 33
38 42
19 25
21 39
3 18
8 49
48 51
33 42
21 26
42 48
45 51
8 44
13 41
20 47
23 24
19 51
8 21
15 51
5 36
20 31
7 44
16 48
44 48
33 39
8 35
3 9
21 24
4 33
8 12
34 48
13 17
24 45
11 51
24 36
7 20
13 28
26 36
11 50
24 49
24 29
24 31
36 41
17 48
17 31
21 44
3 48
0 48
9 36
21 31
28 31
3 49
36 48
8 23
30 34
2 19
48 49
15 30
32 45
33 36
39 44
13 50
5 44
16 20
11 20
23 51
20 33
22 50
17 33
20 51
21 38
18 36
41 44
8 48
49 51
10 17
28 38
36 39
21 45
14 49
19 28
12 25
31 35
42 44
11 48
23 31
23 47
27 48
22 51
43 49
22 30
14 42
16 45
30 49
9 51
7 15
9 17
15 33
17 21
14 25
7 49
4 50
8 24
43 50
14 36
31 49
4 8
9 49
35 49
8 36
26 43
19 34
22 44
24 34
33 48
33 51
3 8
16 17
19 22
12 43
24 27
13 42
24 28
22 36
