13 51
14 23
19 26
19 24
21 36
26 51
22 44
3 30
14 50
12 17
30 43
21 44
33 34
48 51
4 48
8 43
21 30
21 49
8 14
14 39
18 45
3 45
20 38
8 20
18 43
21 51
24 42
20 41
20 48
16 34
8 19
0 51
4 20
4 51
10 21
36 45
9 31
8 50
7 36
18 39
20 45
27 43
10 33
11 36
32 49
38 39
24 49
13 30
31 33
19 42
21 24
30 35
32 36
25 31
42 43
2 24
36 42
20 33
13 50
9 44
30 34
16 45
16 22
20 42
8 48
31 48
21 33
25 48
44 45
19 36
30 38
24 31
20 51
8 28
23 45
23 33
8 9
4 8
8 16
17 50
8 21
8 35
31 39
42 49
17 51
6 49
11 34
25 43
19 34
21 43
34 36
17 24
33 44
12 24
25 39
41 50
17 38
17 42
36 38
24 33
14 43
15 25
34 50
11 42
19 33
21 48
28 33
31 45
26 32
5 44
11 21
5 17
14 51
21 26
14 15
14 24
19 43
14 41
11 26
17 48
13 45
41 45
15 24
30 36
3 25
29 45
31 42
8 31
0 33
36 49
11 24
30 45
26 44
8 34
43 45
14 33
28 48
19 39
16 41
43 49
34 49
21 34
25 34
24 51
15 17
14 49
3 21
33 45
39 48
8 23
12 18
3 36
17 45
25 49
7 33
3 14
17 20
20 39
14 45
23 49
41 48
17 19
17 41
13 31
33 39
17 30
23 51
21 31
15 33
3 43
23 36
30 33
28 36
17 25
31 36
23 30
24 36
13 34
9 39
19 22
11 33
12 33
49 50
24 50
33 35
24 48
11 43
24 35
4 44
19 20
8 18
20 49
9 21
13 43
30 50
41 49
25 42
12 51
16 33
42 48
13 42
13 48
28 45
36 50
17 43
22 24
35 44
23 34
10 50
15 21
14 48
9 33
21 45
14 16
19 21
3 41
11 45
12 31
8 36
12 48
15 34
33 49
16 25
34 39
8 45
19 28
4 34
13 33
17 21
4 38
29 47
23 43
25 50
8 12
26 48
17 36
3 19
20 31
5 42
16 21
24 39
33 47
22 33
23 42
15 49
22 49
22 51
12 19
21 42
7 35
7 49
16 51
29 36
13 23
48 49
4 31
25 45
36 44
13 20
13 32
18 19
23 39
29 41
5 33
16 20
8 38
4 43
11 48
33 43
6 34
33 41
34 51
4 33
19 31
25 41
13 36
8 51
25 51
36 51
3 17
43 44
36 43
4 14
8 29
3 12
5 19
7 34
11 31
31 41
44 48
19 23
21 25
4 36
5 34
22 31
26 30
36 48
10 44
8 24
7 20
14 30
18 33
3 24
33 36
19 45
31 50
34 48
19 49
15 19
20 23
25 30
16 28
17 33
20 50
20 21
13 21
17 44
22 39
42 51
13 24
9 20
33 50
4 17
44 51
44 49
7 18
14 31
19 44
17 22
12 36
24 30
33 42
7 48
30 49
34 44
31 49
12 45
8 17
20 24
16 17
9 17
15 51
12 49
9 51
17 31
7 31
7 12
36 41
5 49
31 34
10 36
16 39
13 14
20 26
19 35
26 41
16 31
45 49
33 48
33 51
8 33
22 48
35 36
43 48
38 42
27 45
19 48
21 50
