19 23
19 21
5 31
8 24
19 35
17 26
22 33
20 47
31 42
25 48
16 23
41 42
33 34
24 30
12 31
5 14
12 21
21 44
24 45
11 43
33 48
11 41
20 30
8 14
17 28
8 22
50 51
25 36
25 45
33 44
19 44
43 50
11 49
29 31
39 45
4 36
3 10
32 36
36 43
44 45
14 18
8 19
23 45
45 51
13 30
38 48
24 49
31 41
31 33
13 34
24 32
17 42
20 42
18 31
16 33
9 29
12 24
20 22
13 36
9 43
13 26
19 45
14 21
14 17
39 49
6 23
12 33
25 34
30 51
18 43
13 48
18 24
4 21
20 31
31 45
23 33
3 8
20 25
12 19
3 4
8 21
13 31
31 48
36 50
17 51
14 48
20 50
41 43
24 25
5 24
33 36
17 45
19 43
8 43
30 44
11 21
12 25
17 19
38 51
24 33
23 26
19 31
25 49
7 17
19 33
36 48
26 33
31 51
23 43
42 48
29 36
0 36
17 24
24 27
12 48
20 35
9 48
21 30
14 45
8 42
16 49
35 39
24 51
36 38
42 50
45 49
16 20
8 31
0 19
19 36
11 20
3 34
43 45
24 34
30 49
9 36
29 33
8 44
15 43
25 51
41 51
21 34
34 49
28 36
11 51
14 50
12 51
33 45
35 45
3 33
8 36
36 44
3 45
4 51
25 38
4 48
20 28
3 30
25 44
41 49
8 25
17 21
10 41
21 33
14 33
17 30
17 41
21 49
13 15
9 31
5 8
30 33
35 36
17 34
31 36
16 48
13 24
15 30
21 42
21 31
11 33
23 48
7 44
13 43
4 35
24 48
25 50
26 36
15 20
11 17
17 31
20 34
13 17
14 20
22 39
20 43
17 18
7 49
7 33
7 48
23 42
44 50
16 36
21 50
17 48
39 43
12 44
15 42
15 21
43 48
30 39
12 34
3 42
14 24
19 51
39 41
25 28
13 38
2 42
34 48
9 45
33 49
24 44
13 45
36 45
17 44
19 26
13 33
44 48
21 26
13 19
4 33
26 48
8 16
21 39
17 36
11 45
7 20
5 39
3 6
21 24
32 41
22 23
8 34
8 30
5 22
22 51
12 49
24 42
21 36
18 39
10 16
7 36
9 33
8 12
25 33
4 50
8 41
30 38
24 31
14 19
8 17
21 41
33 42
12 45
34 43
14 23
17 50
33 43
9 21
44 51
15 49
33 50
21 51
14 30
34 35
13 42
36 51
23 36
16 19
31 34
7 51
4 17
20 48
3 21
43 49
23 34
18 33
39 50
16 44
19 30
15 22
22 36
19 49
33 39
47 48
48 51
36 39
4 49
13 49
3 48
5 33
15 33
28 33
19 41
10 34
14 36
8 49
26 34
15 31
31 49
14 16
17 33
19 50
20 21
34 51
19 22
17 25
4 9
16 24
27 45
8 51
19 42
20 44
16 41
7 34
23 38
49 51
17 49
23 50
3 24
20 33
7 42
36 49
42 43
30 34
28 45
4 16
20 24
20 49
8 48
21 25
12 36
8 45
21 29
4 31
22 31
30 43
16 45
18 34
28 49
19 20
8 10
14 43
17 35
14 38
31 44
26 49
33 41
33 51
8 33
39 48
45 50
32 34
31 39
11 13
19 48
11 14
