8 36
36 45
34 39
7 20
24 42
28 48
21 39
24 51
12 13
34 41
9 49
24 45
41 51
4 36
9 42
24 36
20 51
20 43
17 33
13 18
20 39
8 30
28 36
3 42
15 21
17 43
18 36
14 17
14 41
39 49
13 31
14 44
13 14
34 36
20 44
33 50
4 22
17 44
18 21
47 48
23 36
22 39
8 41
13 42
29 31
12 45
29 33
9 36
20 23
19 31
4 31
33 51
11 33
11 12
36 38
25 34
7 30
8 21
43 48
8 42
19 24
3 12
21 43
24 25
12 43
15 49
42 51
8 23
31 48
0 31
18 41
5 43
19 25
3 31
13 51
24 41
29 39
43 44
19 26
19 49
33 49
33 43
23 30
19 20
41 43
11 38
16 19
18 49
17 31
42 49
21 22
19 44
15 34
13 34
23 39
12 17
3 41
8 14
4 42
33 48
9 33
30 33
6 12
20 49
7 36
11 17
8 44
14 20
26 41
7 25
26 45
17 38
24 31
14 31
0 8
24 30
20 36
49 50
27 45
30 45
34 49
30 49
10 17
17 41
21 36
12 34
22 25
18 20
34 45
9 48
16 17
39 41
8 50
8 16
9 12
14 33
17 36
24 43
21 25
33 39
14 21
31 34
44 51
4 15
41 49
20 45
31 32
9 15
13 24
5 21
31 51
25 43
39 48
13 44
14 15
44 45
21 49
16 36
26 30
17 45
24 28
45 51
33 45
20 31
8 25
21 30
17 24
21 26
24 50
36 43
17 23
11 26
9 19
17 20
31 39
25 26
20 25
8 26
8 43
7 22
21 45
26 50
4 49
34 50
33 38
11 21
3 23
3 51
19 50
5 23
30 48
30 31
3 33
14 24
4 48
30 35
22 33
8 45
16 48
10 36
25 42
19 38
16 49
44 48
14 50
19 23
31 49
38 51
12 20
19 34
16 21
31 36
48 50
12 24
15 48
41 50
17 19
19 48
43 51
7 43
33 42
8 31
13 50
2 33
29 45
4 33
19 43
45 48
19 21
16 33
45 49
21 31
23 51
27 36
15 35
20 21
4 28
21 34
36 51
24 35
23 33
35 36
30 36
8 34
14 36
13 49
11 13
48 51
14 19
10 25
19 45
16 20
3 25
16 51
42 44
33 34
28 50
3 43
10 21
25 36
4 30
19 36
33 47
33 36
10 14
7 23
4 45
34 43
33 41
24 34
15 33
23 45
7 16
11 44
22 49
32 36
17 35
8 20
23 44
33 44
31 33
34 51
11 49
8 33
5 17
19 33
31 43
25 33
8 24
7 48
25 48
6 35
45 50
30 34
21 33
16 31
12 22
5 33
48 49
31 42
3 30
15 31
21 51
4 19
14 48
14 43
36 48
24 33
16 25
49 51
9 17
13 36
35 48
8 51
11 51
29 44
42 45
17 51
13 17
12 33
24 48
4 24
17 49
22 31
8 19
22 44
8 17
38 39
17 34
36 50
8 48
21 24
14 28
5 34
3 45
16 24
19 39
17 21
30 51
13 45
13 19
13 32
34 48
42 43
32 45
36 49
28 33
7 17
16 50
26 33
19 35
20 42
12 21
41 42
11 18
3 20
21 42
8 49
20 33
34 44
5 14
20 48
18 48
30 50
39 42
39 44
38 49
22 23
