31 47
12 36
26 31
15 19
34 48
23 30
18 42
10 16
12 33
19 42
23 39
43 45
8 43
26 42
17 43
7 30
20 21
41 43
17 33
25 43
3 42
19 30
24 48
8 44
20 41
35 44
16 36
12 15
4 13
38 43
17 25
19 28
11 31
39 45
25 36
33 50
7 20
4 14
30 51
11 39
13 45
7 36
17 20
3 20
20 31
8 14
36 51
38 47
25 31
31 43
34 45
18 51
11 20
13 20
25 34
19 25
4 6
34 51
43 48
28 43
12 19
49 51
5 49
15 21
14 44
14 48
19 36
33 39
31 44
23 31
21 44
11 48
21 24
22 48
19 51
5 48
21 41
34 36
8 51
0 19
33 49
33 43
18 49
19 20
17 36
8 19
20 30
6 13
31 48
5 34
19 22
9 51
36 39
20 32
8 50
18 43
23 35
45 48
17 49
33 48
17 23
25 50
29 36
31 49
28 51
11 33
8 42
21 51
17 42
18 45
33 44
20 49
30 50
8 11
22 33
17 48
8 20
18 33
3 21
19 44
10 17
13 27
8 36
30 36
10 24
4 12
20 48
24 44
7 45
19 45
31 45
13 21
8 33
3 19
13 23
14 49
34 39
24 43
19 34
30 33
14 34
3 31
21 22
7 12
41 50
15 44
8 39
17 30
26 45
24 42
34 50
17 19
24 32
25 49
14 23
39 48
21 49
24 45
42 43
38 48
3 48
19 43
33 45
9 34
23 49
4 48
16 31
3 28
30 31
36 42
12 34
34 43
33 51
15 36
31 50
17 32
8 30
10 13
4 20
4 34
16 50
39 49
7 41
48 50
17 21
28 36
24 31
19 21
43 49
21 30
41 48
34 42
8 16
31 34
13 17
3 36
33 36
29 42
21 36
15 34
4 45
19 24
16 49
31 51
14 42
7 44
48 49
17 51
39 42
16 44
3 30
31 36
4 50
36 38
16 17
8 48
0 12
5 19
17 26
43 51
29 33
2 8
15 20
33 35
11 36
14 33
19 31
20 43
11 23
16 33
18 41
21 23
8 13
3 44
12 43
8 26
19 41
13 36
22 36
26 30
23 33
14 45
21 45
14 21
16 45
30 39
34 49
19 39
33 38
16 19
23 45
8 25
23 25
4 51
17 45
33 34
23 48
30 38
41 51
13 15
21 25
42 49
12 21
9 49
5 33
25 51
12 23
15 33
24 33
8 34
33 42
44 48
9 41
14 24
8 21
36 50
45 50
42 50
24 41
4 33
31 33
13 16
26 29
20 24
5 25
21 38
28 49
25 33
8 24
20 22
9 13
5 24
22 51
9 44
14 50
31 39
17 18
26 33
7 49
36 43
26 48
25 38
17 29
14 35
36 45
12 14
24 34
22 34
24 50
14 51
15 24
22 49
24 51
20 51
28 41
21 39
4 44
42 51
13 33
32 33
12 45
14 30
17 50
17 24
22 31
21 43
3 17
36 48
11 42
11 45
8 22
21 48
31 41
3 35
16 20
20 36
9 31
21 33
14 36
24 30
45 49
13 49
16 25
24 25
17 44
35 49
10 33
7 17
12 49
13 48
21 31
34 35
21 26
17 39
36 44
27 51
14 41
8 49
20 33
44 45
7 48
9 33
9 11
8 45
4 36
33 41
19 35
16 24
