20 31
23 36
5 33
17 21
16 48
23 43
21 50
10 36
25 26
8 14
9 19
25 45
21 43
18 25
17 43
3 4
20 25
16 43
17 33
43 48
11 30
4 19
17 24
14 24
35 41
36 49
14 36
31 41
4 48
17 38
25 48
19 28
11 31
9 45
15 38
33 47
7 42
38 48
30 48
3 34
30 45
18 36
8 17
18 20
9 33
8 13
36 51
26 41
31 45
31 34
34 45
8 51
8 28
13 20
12 44
31 32
19 45
34 51
42 43
13 27
22 35
14 51
41 49
15 17
39 41
14 48
19 29
39 51
31 44
10 17
27 50
22 51
20 21
39 42
19 51
25 41
34 41
34 36
45 51
19 44
33 49
28 43
17 31
12 42
17 36
8 19
20 30
21 41
31 38
21 34
8 22
9 30
36 39
20 45
8 21
7 43
28 33
45 48
17 49
33 48
23 50
16 25
18 24
18 49
4 20
11 33
8 15
21 51
6 34
24 30
33 34
39 49
43 50
3 23
22 33
34 48
8 36
16 44
21 35
24 44
25 31
3 19
7 8
3 36
21 42
8 39
12 19
4 12
7 31
19 25
14 17
21 44
8 33
19 36
31 48
26 36
12 34
20 32
34 50
30 33
14 34
13 31
12 21
7 19
45 50
15 31
8 31
30 49
33 35
18 50
14 39
17 19
13 24
25 43
23 49
24 48
31 36
24 51
14 43
15 48
39 48
19 43
22 45
16 42
10 33
5 48
31 42
13 36
30 31
35 36
24 39
34 43
44 51
20 36
8 43
16 17
30 50
23 51
3 45
9 26
20 50
20 44
12 20
17 48
25 42
43 44
24 31
19 21
11 48
20 49
41 48
34 42
8 30
5 31
8 23
9 17
33 36
29 51
21 36
15 36
28 34
19 24
13 49
31 51
0 17
17 22
4 49
42 51
32 36
26 31
0 36
19 41
20 39
36 38
33 44
13 48
14 19
19 48
17 44
10 51
29 33
39 43
20 23
35 45
3 49
33 50
19 31
20 48
8 49
16 33
29 42
21 23
3 8
9 21
12 33
8 9
14 49
23 24
5 49
22 39
7 33
24 42
21 45
14 21
4 16
34 44
34 49
19 39
33 38
16 19
4 42
8 50
16 23
4 21
17 45
26 45
13 23
38 50
24 45
21 30
21 25
44 49
13 44
43 49
3 33
18 42
16 36
23 33
24 33
5 19
33 42
44 48
17 51
13 14
18 39
36 50
12 36
20 43
24 41
4 33
31 33
15 41
22 25
20 24
13 21
33 51
25 51
25 33
8 24
30 41
12 13
17 34
3 44
25 49
14 50
12 43
16 31
26 33
7 36
36 43
2 48
38 39
3 17
14 45
11 45
42 45
15 34
43 51
24 50
9 14
3 42
26 49
5 28
20 51
12 30
45 49
30 47
11 51
13 33
13 30
11 12
14 25
17 50
24 29
33 45
21 49
17 42
36 48
15 24
4 45
8 48
21 26
41 44
7 34
16 20
20 34
22 23
21 33
14 33
24 49
19 49
13 34
16 24
11 17
4 17
11 49
10 48
7 11
15 49
13 28
21 31
12 35
16 21
22 48
36 44
24 26
14 22
6 8
20 33
7 45
4 51
30 32
11 36
8 45
30 35
33 41
5 23
19 33
