0 34
15 27
27 36
6 11
3 17
20 29
16 27
0 10
0 7
17 26
0 38
15 17
8 18
23 39
26 44
6 19
0 16
9 12
11 27
21 35
13 29
2 44
12 19
7 29
4 24
2 10
2 7
2 18
13 19
19 44
8 17
4 30
0 6
0 40
10 32
3 7
1 26
17 20
10 24
0 43
25 36
21 27
9 27
0 36
9 20
15 20
16 25
30 42
6 10
6 7
21 26
7 8
19 21
12 18
4 10
6 26
6 16
11 35
9 17
7 36
21 43
7 30
12 42
7 27
12 26
7 44
7 42
7 11
7 10
7 9
15 19
7 12
7 17
7 19
7 20
7 13
7 15
7 16
7 21
7 25
7 26
4 21
9 44
9 36
19 20
43 44
3 8
0 27
9 34
12 21
11 42
20 36
9 42
9 10
11 21
16 26
6 42
11 19
9 16
11 44
2 27
3 20
10 34
6 30
10 36
10 30
10 27
15 21
10 44
10 42
10 11
10 12
10 19
10 20
10 13
10 15
10 16
10 21
10 26
42 44
15 26
27 44
0 44
21 36
0 30
4 11
13 17
12 30
21 44
7 37
2 13
0 21
6 12
11 16
12 43
2 36
15 44
15 16
26 43
6 13
6 27
19 36
15 30
8 24
9 13
4 25
2 29
35 43
5 43
16 36
2 9
16 30
20 34
16 44
16 42
16 17
19 25
16 20
16 21
1 10
4 6
9 19
12 36
1 29
8 26
31 42
15 42
8 30
18 43
13 21
18 36
18 24
9 29
19 30
8 38
2 24
18 44
12 34
12 20
29 36
7 24
25 32
6 24
4 42
21 34
26 27
13 30
12 16
8 16
17 29
3 10
20 42
15 36
26 36
21 42
26 30
4 29
30 36
0 9
2 15
27 30
13 16
0 17
0 42
16 29
0 4
0 8
34 36
34 44
34 42
17 44
9 15
20 27
19 42
3 24
30 44
