0 34
15 27
6 36
13 16
3 17
4 20
12 25
0 10
0 7
15 17
38 44
17 27
18 29
23 39
21 26
6 12
0 16
9 19
12 27
19 35
27 43
0 27
18 26
6 8
4 24
2 10
2 7
2 6
15 19
36 44
4 17
29 30
17 21
0 9
10 32
3 7
1 29
17 20
10 24
0 44
0 8
27 34
9 27
0 4
9 20
15 20
16 25
30 42
6 10
6 7
12 26
21 29
19 21
19 26
4 44
26 36
6 16
9 13
9 17
7 36
6 43
7 30
9 12
7 27
11 26
7 44
7 42
7 11
7 10
7 9
15 29
7 12
7 17
7 19
7 20
7 13
7 15
7 16
7 21
7 25
7 26
13 42
2 44
19 44
19 20
24 44
7 8
0 26
9 34
17 36
8 13
0 20
9 42
9 10
11 24
12 16
19 42
11 19
9 16
11 44
16 27
13 20
10 34
6 30
10 36
10 30
10 27
0 15
10 44
10 42
10 11
10 12
10 19
10 20
10 13
10 15
10 16
10 21
10 26
42 44
16 26
27 36
12 44
21 36
1 43
2 11
2 17
12 30
21 44
37 44
3 4
0 21
6 15
11 16
12 19
0 2
26 44
15 16
3 43
3 6
6 27
6 19
15 30
29 43
2 9
8 25
13 29
35 36
5 24
16 36
2 26
16 30
20 34
16 44
16 42
16 17
0 11
16 20
16 21
1 10
7 29
6 9
36 43
21 30
13 15
31 42
15 42
8 30
18 43
9 36
0 18
18 24
29 42
19 30
8 38
21 24
18 36
12 21
12 20
4 10
7 24
25 32
11 21
4 42
21 34
2 35
13 30
21 27
8 16
17 29
3 10
20 42
15 36
26 43
9 21
26 30
4 8
30 36
0 42
2 8
27 30
13 18
12 36
36 42
4 16
0 19
21 25
34 36
34 44
34 42
7 40
9 15
20 27
26 42
11 12
30 44
