0 34
6 30
0 42
13 44
4 16
13 42
3 24
0 10
0 7
15 26
30 36
13 18
8 43
7 29
9 12
35 43
0 16
0 21
4 10
25 29
19 44
9 27
6 12
9 44
4 17
2 10
2 7
9 13
2 4
12 36
15 44
0 13
0 30
11 27
10 32
3 7
0 20
17 42
0 12
8 36
24 36
21 44
23 39
36 44
4 6
4 44
9 36
19 21
6 10
6 7
4 43
30 44
26 34
20 27
8 38
20 26
6 16
10 35
2 17
7 36
20 34
7 30
19 43
7 27
4 8
7 44
7 42
7 11
7 10
7 9
3 4
7 12
7 17
7 19
7 20
7 13
7 15
7 16
7 21
7 25
7 26
1 2
15 21
15 36
12 26
10 24
17 19
3 20
9 34
43 44
18 21
20 36
9 42
9 10
4 42
12 27
6 19
21 27
9 16
6 43
15 19
11 36
10 34
7 8
10 36
10 30
10 27
9 31
10 44
10 42
10 11
10 12
10 19
10 20
10 13
10 15
10 16
10 21
10 26
0 44
29 36
0 3
11 29
10 25
6 27
25 38
17 26
12 30
26 27
1 8
19 42
15 16
7 37
1 44
21 26
19 36
2 15
21 32
27 44
0 26
6 26
25 27
15 30
2 20
3 16
21 24
13 24
11 15
12 19
16 36
12 42
16 30
11 21
16 44
16 42
16 17
21 29
16 20
16 21
19 35
2 19
29 30
2 16
27 42
6 11
0 15
17 21
6 42
18 43
9 15
2 12
18 24
8 30
19 30
16 29
15 43
26 42
18 27
13 29
12 21
21 40
17 25
15 20
11 13
21 34
20 42
13 16
6 8
36 42
8 12
5 24
9 30
42 44
7 24
12 20
26 30
11 30
17 29
6 9
0 17
27 30
26 44
0 11
9 29
18 36
8 18
0 36
34 36
34 44
34 42
16 19
0 9
16 26
17 20
2 9
16 27
