0 34
6 30
16 26
1 29
4 16
4 17
7 29
0 10
0 7
15 19
9 26
11 16
7 43
8 24
0 20
0 11
0 16
12 36
8 10
6 42
15 21
9 12
6 15
18 21
4 9
2 10
2 7
11 29
20 43
8 13
13 19
4 20
0 42
6 8
10 32
3 7
4 21
0 27
0 21
13 30
12 21
1 44
23 39
21 27
4 42
15 42
26 36
15 44
6 10
6 7
25 26
9 44
26 43
11 18
16 29
12 20
6 16
11 36
11 13
7 36
20 34
7 30
1 12
7 27
24 36
7 44
7 42
7 11
7 10
7 9
3 17
7 12
7 17
7 19
7 20
7 13
7 15
7 16
7 21
7 25
7 26
10 35
19 21
21 26
15 27
4 43
9 36
20 27
9 34
0 38
7 8
27 44
9 42
9 10
3 4
17 19
6 27
17 21
9 16
17 20
13 17
3 43
10 34
21 25
10 36
10 30
10 27
17 42
10 44
10 42
10 11
10 12
10 19
10 20
10 13
10 15
10 16
10 21
10 26
0 44
42 44
29 44
2 29
16 25
18 27
27 36
26 34
12 30
30 44
6 12
15 20
16 19
5 7
0 26
12 26
30 36
2 12
2 6
0 18
24 35
6 19
19 27
15 30
6 11
3 10
36 44
11 24
26 27
25 38
16 36
0 15
16 30
6 44
16 44
16 42
16 17
4 8
16 20
16 21
9 19
11 19
29 30
2 16
12 42
13 36
21 44
17 36
4 12
18 43
12 19
15 36
18 24
8 30
19 30
8 17
8 32
2 42
2 15
2 9
0 37
0 30
21 43
20 26
13 35
21 34
20 42
21 36
3 6
29 36
9 27
10 24
9 30
21 42
24 40
19 42
26 30
19 44
18 29
9 20
0 9
27 30
0 2
2 44
25 29
36 43
15 24
17 26
34 36
34 44
34 42
15 16
31 42
12 16
8 44
9 13
13 27
