0 34
4 7
16 26
1 10
8 24
4 17
8 20
0 10
0 7
6 27
9 17
11 16
15 16
12 19
0 2
11 44
0 16
12 21
8 10
6 9
30 36
12 25
6 15
18 21
8 9
2 10
2 7
8 32
10 43
12 13
2 12
6 30
36 44
6 29
10 32
3 7
21 42
18 27
0 36
4 8
12 42
0 9
23 39
2 21
4 42
13 42
26 36
15 44
6 10
6 7
9 26
1 44
31 43
11 18
16 29
12 20
6 16
27 44
11 30
7 36
20 34
7 30
11 12
7 27
6 36
7 44
7 42
7 11
7 10
7 9
3 17
7 12
7 17
7 19
7 20
7 13
7 15
7 16
7 21
7 25
7 26
8 35
19 36
21 26
4 16
7 43
9 21
19 27
9 34
0 29
7 29
0 27
9 42
9 10
4 25
17 19
20 42
0 17
9 16
6 17
11 17
3 24
10 34
16 25
10 36
10 30
10 27
26 42
10 44
10 42
10 11
10 12
10 19
10 20
10 13
10 15
10 16
10 21
10 26
21 24
13 44
43 44
2 29
3 20
15 43
27 36
4 11
12 30
30 44
6 12
15 26
19 24
5 7
0 12
12 26
4 30
15 35
6 19
0 18
24 35
6 26
15 27
15 30
6 13
3 10
36 38
11 43
19 26
21 25
16 36
15 29
16 30
42 44
16 44
16 42
16 17
11 29
16 20
16 21
9 19
19 34
8 30
13 16
19 42
17 36
21 44
0 19
24 44
18 43
13 15
15 36
18 24
18 29
19 30
8 17
2 13
2 42
20 36
19 44
0 42
0 30
0 21
20 26
9 13
21 34
20 27
21 36
3 38
29 36
16 27
20 24
9 30
21 37
1 2
17 26
26 30
2 20
4 21
9 20
9 36
27 30
2 44
13 27
25 29
8 43
0 15
0 26
34 36
34 44
34 42
15 42
40 42
12 16
4 44
9 27
21 27
