0 34
7 8
15 16
8 32
12 24
17 29
6 8
0 10
0 7
15 20
9 17
2 16
16 19
15 42
0 11
11 19
0 16
1 10
8 21
7 29
35 44
2 27
11 29
18 44
4 13
2 10
2 7
18 27
43 44
20 26
2 15
6 30
36 44
30 44
10 32
3 7
9 21
13 26
6 36
4 25
6 12
17 44
23 39
4 16
0 13
19 25
26 36
21 26
6 10
6 7
9 27
4 20
19 26
1 2
8 16
6 19
6 16
27 44
13 30
7 36
20 34
7 30
11 42
7 27
36 37
7 44
7 42
7 11
7 10
7 9
8 29
7 12
7 17
7 19
7 20
7 13
7 15
7 16
7 21
7 25
7 26
16 25
19 20
12 19
1 8
4 17
9 30
15 19
9 34
4 10
29 43
0 27
9 42
9 10
0 21
6 15
9 26
8 36
9 16
17 20
11 17
24 35
10 34
3 17
10 36
10 30
10 27
20 42
10 44
10 42
10 11
10 12
10 19
10 20
10 13
10 15
10 16
10 21
10 26
0 38
11 36
36 43
8 24
3 20
11 27
24 27
21 25
12 30
0 30
6 9
0 15
12 26
5 7
17 21
12 27
4 30
27 34
19 36
24 36
3 43
6 26
15 17
15 30
13 18
3 10
6 44
7 24
12 42
21 30
16 36
6 42
16 30
0 9
16 44
16 42
16 17
19 42
16 20
16 21
40 42
12 20
29 30
11 16
27 35
12 36
36 42
0 19
10 43
18 43
9 15
15 36
18 24
18 29
19 30
25 29
2 11
42 44
0 18
19 21
21 42
0 44
21 44
9 13
2 44
21 34
21 27
21 36
3 38
13 29
16 27
20 43
0 42
2 6
2 20
2 43
26 30
15 44
4 21
12 21
9 29
27 30
4 44
24 31
8 9
17 26
0 12
0 26
34 36
34 44
34 42
4 26
13 42
12 16
13 36
9 12
15 26
