0 34
13 29
9 15
29 30
26 36
8 16
24 29
0 10
0 7
3 38
4 21
24 27
9 12
19 21
9 30
21 24
0 16
1 10
12 15
2 43
19 44
21 29
15 36
26 44
17 20
2 10
2 7
42 44
8 15
26 42
18 44
2 12
19 20
4 17
11 26
3 7
8 17
0 15
15 27
4 18
13 17
6 11
3 26
6 27
11 36
39 44
16 19
21 35
6 10
6 7
10 24
6 19
9 27
21 36
0 26
6 34
6 16
20 27
13 19
7 36
0 13
7 30
4 32
7 27
6 8
7 44
7 42
7 11
7 10
7 9
13 18
7 12
7 17
7 19
7 20
7 13
7 15
7 16
7 21
7 25
7 26
12 20
8 29
29 42
4 7
19 24
3 43
12 34
9 34
21 44
4 20
6 42
9 42
9 10
0 36
2 4
1 26
40 43
9 16
30 36
12 16
20 42
10 34
2 26
10 36
10 30
10 27
17 44
10 44
10 42
10 11
10 12
10 19
10 20
10 13
10 15
10 16
10 21
10 26
27 36
20 26
2 15
1 24
12 19
15 16
17 27
7 37
12 30
27 42
11 16
0 30
12 44
16 26
15 21
9 44
7 29
12 36
31 42
27 44
10 25
43 44
0 2
15 30
16 29
6 12
11 13
19 36
18 27
13 16
16 36
15 42
16 30
0 18
16 44
16 42
16 17
2 9
16 20
16 21
0 44
0 12
25 29
2 6
7 24
17 21
8 10
5 23
6 43
18 43
21 27
11 29
18 24
38 44
19 30
8 36
19 27
4 25
9 19
3 20
17 42
13 30
36 42
3 17
17 19
21 34
9 11
0 21
4 43
0 43
15 20
13 35
15 26
4 36
0 42
2 36
26 30
8 30
0 9
20 36
21 30
27 30
10 32
11 42
16 25
9 21
0 20
8 9
34 36
34 44
34 42
12 26
6 30
11 44
21 25
6 9
8 35
