0 34
8 32
9 15
29 30
26 36
4 16
2 29
0 10
0 7
36 38
21 23
19 24
9 26
19 21
9 36
12 44
0 16
1 10
13 26
12 29
19 44
24 44
18 36
4 36
8 20
2 10
2 7
17 21
2 4
12 42
0 15
12 18
19 20
8 17
26 27
3 7
4 43
15 36
2 15
4 13
11 17
11 12
6 19
16 27
13 36
0 20
16 19
35 44
6 10
6 7
10 24
3 15
9 27
21 36
6 26
6 34
6 16
6 27
12 19
7 36
0 13
7 30
3 38
7 27
6 17
7 44
7 42
7 11
7 10
7 9
11 43
7 12
7 17
7 19
7 20
7 13
7 15
7 16
7 21
7 25
7 26
12 20
4 29
29 42
26 35
6 13
7 43
15 34
9 34
21 44
8 16
19 42
9 42
9 10
36 44
4 17
8 25
5 43
9 16
30 36
12 16
20 42
10 34
24 27
10 36
10 30
10 27
17 36
10 44
10 42
10 11
10 12
10 19
10 20
10 13
10 15
10 16
10 21
10 26
15 27
20 26
12 36
24 35
13 18
15 16
17 27
7 37
12 30
27 42
2 16
0 30
0 12
0 8
15 21
9 44
7 29
21 29
30 42
27 44
10 25
43 44
0 11
15 30
20 30
6 12
2 11
19 36
11 16
13 27
16 36
15 42
16 30
18 44
16 44
16 42
16 17
2 26
16 20
16 21
0 44
0 19
6 29
2 6
3 24
20 21
8 18
39 40
20 43
18 43
21 27
4 24
18 24
13 30
19 30
0 29
19 27
1 29
6 42
3 6
9 17
9 11
9 31
3 17
15 17
21 34
11 42
0 21
8 10
0 43
15 20
1 13
19 26
21 26
42 44
30 44
26 30
8 30
0 9
36 42
2 21
27 30
10 32
2 42
16 25
9 21
11 21
8 9
34 36
34 44
34 42
12 26
4 25
0 25
26 44
9 20
4 7
