0 34
3 38
36 42
21 26
29 30
9 19
0 43
0 10
0 7
2 26
8 36
15 42
0 30
40 42
35 44
6 12
0 16
18 19
1 13
17 29
4 42
4 43
15 19
7 8
4 17
2 10
2 7
11 44
19 42
36 44
6 29
30 42
0 17
6 34
10 38
3 7
4 16
9 20
16 26
2 21
8 12
12 27
9 36
3 16
20 42
15 20
0 3
6 9
6 10
6 7
15 16
30 44
15 21
0 19
26 44
12 19
6 16
13 30
9 17
7 36
6 43
7 30
9 27
7 27
12 44
7 44
7 42
7 11
7 10
7 9
15 36
7 12
7 17
7 19
7 20
7 13
7 15
7 16
7 21
7 25
7 26
9 13
0 36
26 43
20 26
10 24
2 4
0 26
9 34
4 35
8 25
12 34
9 42
9 10
3 24
16 19
9 26
17 19
9 16
0 24
0 27
13 16
10 34
6 25
10 36
10 30
10 27
9 21
10 44
10 42
10 11
10 12
10 19
10 20
10 13
10 15
10 16
10 21
10 26
17 44
11 26
15 44
13 26
26 27
5 37
13 20
2 13
12 30
21 44
11 43
4 9
4 36
1 43
11 15
32 44
19 27
11 21
6 26
7 43
17 20
6 27
19 36
15 30
24 39
6 30
25 29
29 36
27 36
30 36
16 36
9 11
16 30
20 44
16 44
16 42
16 17
20 36
16 20
16 21
1 10
4 30
29 32
2 29
0 44
11 20
31 36
15 35
21 42
18 43
15 25
18 21
18 24
8 24
19 30
8 10
6 19
4 18
9 12
12 15
11 42
12 21
3 17
0 15
21 29
21 34
0 11
2 17
24 27
8 29
21 24
10 25
2 16
8 13
27 42
18 44
26 30
2 27
8 16
42 44
13 21
27 30
20 27
0 12
21 36
6 8
7 29
0 42
34 36
34 44
34 42
7 23
2 18
12 16
12 20
17 27
19 21
