0 34
21 29
9 12
11 20
35 43
8 16
2 8
0 10
0 7
10 38
6 9
25 29
18 26
2 27
9 36
27 44
0 16
1 10
11 12
15 19
0 19
8 32
18 21
16 25
17 20
2 10
2 7
3 44
2 36
12 42
0 30
15 21
6 43
17 29
19 27
3 7
0 2
24 36
11 29
4 15
13 16
0 26
6 26
9 15
2 18
6 13
15 20
17 36
6 10
6 7
10 24
12 36
3 12
21 36
6 12
21 32
6 16
20 44
12 21
7 36
0 18
7 30
3 38
7 27
8 44
7 44
7 42
7 11
7 10
7 9
12 43
7 12
7 17
7 19
7 20
7 13
7 15
7 16
7 21
7 25
7 26
12 20
0 27
4 9
13 27
2 9
21 24
15 16
9 34
21 44
18 29
19 42
9 42
9 10
20 36
4 17
4 25
5 9
9 16
26 36
12 16
20 42
10 34
17 27
10 36
10 30
10 27
0 23
10 44
10 42
10 11
10 12
10 19
10 20
10 13
10 15
10 16
10 21
10 26
0 11
16 27
19 36
24 44
4 8
17 26
35 36
7 39
12 30
26 42
2 16
30 44
12 44
4 30
19 34
0 9
7 29
19 26
30 42
26 44
10 25
19 44
9 21
15 30
20 30
2 19
11 13
16 19
13 15
26 27
16 36
15 42
16 30
13 43
16 44
16 42
16 17
0 15
16 20
16 21
0 44
21 27
4 6
6 19
3 24
6 34
29 30
40 43
6 8
18 43
19 24
13 29
18 24
11 30
19 30
8 43
6 27
4 16
6 42
0 17
9 17
11 42
31 37
3 17
13 17
21 34
29 44
0 21
4 10
7 24
20 26
1 11
9 26
11 36
21 42
15 44
26 30
8 35
0 42
15 27
30 36
27 30
36 42
13 42
20 25
2 21
1 26
8 9
34 36
34 44
34 42
12 15
29 43
36 44
8 21
20 27
4 7
