0 34
6 19
1 15
2 13
0 1
0 29
19 36
0 10
0 7
10 38
17 26
29 35
12 27
13 18
21 36
6 12
0 16
1 43
2 27
15 27
0 27
8 13
15 20
36 42
12 36
2 10
2 7
0 12
11 21
4 32
6 17
9 15
3 16
8 17
9 26
3 7
0 19
16 29
0 18
21 25
17 42
18 36
27 42
15 16
2 17
11 26
11 19
9 44
6 10
6 7
8 24
29 30
2 30
10 35
25 27
6 25
6 16
17 44
4 11
7 36
21 27
7 30
3 17
7 27
6 36
7 44
7 42
7 11
7 10
7 9
11 44
7 12
7 17
7 19
7 20
7 13
7 15
7 16
7 21
7 25
7 26
16 27
13 21
12 44
12 16
9 12
15 29
19 44
9 34
21 44
8 43
4 18
9 42
9 10
10 25
24 39
17 36
2 9
9 16
20 21
19 21
19 20
10 34
26 42
10 36
10 30
10 27
9 30
10 44
10 42
10 11
10 12
10 19
10 20
10 13
10 15
10 16
10 21
10 26
6 13
24 26
21 29
0 36
4 20
12 13
30 44
9 37
12 30
7 24
2 35
26 36
42 44
4 9
15 42
0 42
7 8
9 11
21 42
20 42
3 4
24 44
25 32
15 30
20 30
15 36
13 16
4 44
19 43
11 36
16 36
12 17
16 30
8 30
16 44
16 42
16 17
27 36
16 20
16 21
0 8
3 29
13 42
6 15
20 29
6 34
8 9
15 21
0 21
18 43
15 26
16 26
18 24
2 16
19 30
9 20
6 26
12 26
6 42
2 8
19 34
10 43
5 40
38 44
0 30
21 34
8 10
0 26
0 44
30 36
21 24
11 43
18 19
7 31
11 20
12 15
26 30
26 27
9 36
4 29
2 21
27 30
0 43
4 16
27 44
19 42
13 19
4 7
34 36
34 44
34 42
6 27
3 24
23 44
20 43
12 20
17 29
