0 34
26 36
12 42
3 43
0 36
4 11
9 19
0 10
0 7
10 32
15 16
2 36
27 44
8 32
1 12
20 36
0 16
24 35
20 26
4 8
21 30
1 13
43 44
9 36
6 42
2 10
2 7
20 44
21 36
4 24
6 17
17 27
3 17
3 4
13 21
3 7
0 42
4 20
0 18
42 44
9 13
16 19
0 15
12 15
17 36
12 16
2 6
9 21
6 10
6 7
9 11
29 30
20 34
10 35
12 44
20 25
6 16
0 26
18 29
7 36
6 19
7 30
16 25
7 27
36 42
7 44
7 42
7 11
7 10
7 9
24 37
7 12
7 17
7 19
7 20
7 13
7 15
7 16
7 21
7 25
7 26
2 19
18 27
3 26
17 42
9 15
7 29
21 24
9 34
0 19
4 30
8 36
9 42
9 10
15 44
0 2
6 12
19 21
9 16
21 44
12 21
26 34
10 34
26 42
10 36
10 30
10 27
8 42
10 44
10 42
10 11
10 12
10 19
10 20
10 13
10 15
10 16
10 21
10 26
11 16
26 44
23 40
15 20
2 4
11 42
16 27
8 43
12 30
6 13
2 11
15 36
0 5
4 36
19 44
0 1
7 24
19 42
4 42
20 42
21 25
8 17
25 38
15 30
6 30
19 27
18 21
13 18
11 44
30 36
16 36
11 43
16 30
8 10
16 44
16 42
16 17
15 21
16 20
16 21
8 16
3 10
17 29
13 27
19 29
2 26
9 30
12 36
0 27
18 43
9 26
0 29
18 24
13 17
19 30
12 20
6 15
17 44
9 39
15 27
2 12
10 43
26 27
2 44
0 24
21 34
8 11
21 38
9 44
19 24
21 29
17 19
15 26
7 31
20 27
6 9
26 30
0 21
36 44
7 8
13 16
27 30
0 30
20 29
9 12
6 43
13 15
4 35
34 36
34 44
34 42
6 27
11 30
27 43
25 29
12 26
16 29
