0 34
0 6
2 28
3 35
8 35
11 19
5 17
0 12
0 17
33 35
3 28
1 21
9 14
2 20
0 35
7 20
17 35
10 33
20 28
0 5
8 17
1 9
2 5
2 12
2 17
0 3
4 23
28 35
0 28
5 10
2 7
5 7
3 12
5 35
20 34
7 15
0 10
6 10
12 20
1 12
3 8
1 22
17 32
10 28
10 34
2 34
2 3
13 25
12 15
0 7
8 32
5 28
6 20
0 20
8 16
7 12
8 12
6 12
12 23
2 10
7 17
2 33
3 10
12 34
8 13
3 17
23 28
3 6
5 12
28 34
10 12
10 17
6 7
14 23
1 23
6 34
6 35
25 35
12 17
7 8
20 35
7 28
12 28
8 9
7 35
12 35
12 16
12 25
3 7
17 20
3 20
7 10
10 35
17 34
10 20
5 20
9 23
17 28
9 13
16 25
2 6
2 35
0 2
6 17
5 34
5 14
9 12
