8 12
0 10
34 35
2 28
1 19
6 12
5 7
0 12
7 10
12 34
8 34
0 5
17 34
5 12
10 20
5 20
9 16
6 28
3 35
2 6
3 7
7 17
7 8
2 12
3 28
2 34
2 7
23 28
3 23
4 14
8 25
1 16
12 16
17 28
12 20
7 28
8 17
15 32
0 7
1 8
12 28
5 17
2 35
3 10
28 35
3 17
0 28
2 8
9 12
13 33
25 33
14 20
12 13
7 34
0 2
7 12
2 3
5 28
7 35
2 10
6 33
12 23
2 5
0 20
8 10
10 28
5 35
14 21
7 20
17 20
10 12
1 9
12 32
6 7
10 34
3 5
0 17
9 22
9 35
25 34
20 35
11 35
12 17
0 34
5 15
12 35
20 28
6 10
3 20
0 6
17 23
0 3
10 35
5 10
0 35
10 17
1 12
2 17
6 23
3 12
13 25
2 20
17 35
8 35
6 17
6 20
9 23
