8 12
2 3
10 28
6 7
6 10
12 14
5 17
0 12
7 10
8 20
17 25
32 35
0 2
5 9
10 20
0 23
34 35
1 13
7 8
2 10
12 34
7 17
23 25
2 12
5 7
6 35
2 7
6 20
12 20
9 19
0 28
5 6
12 16
17 28
7 20
10 34
1 23
28 34
8 10
28 35
12 28
20 28
2 35
8 34
1 9
3 28
2 6
0 22
2 20
17 34
3 35
2 5
0 3
3 7
6 17
7 12
1 6
0 17
5 35
6 28
5 8
7 28
0 10
2 28
9 23
2 8
0 35
14 33
7 35
3 14
10 12
3 10
13 32
9 12
17 20
5 28
4 21
8 17
5 10
2 34
15 16
3 5
12 17
12 25
20 35
12 35
3 17
6 12
20 34
8 35
9 16
11 33
10 35
12 15
0 5
10 17
0 7
2 17
3 20
3 12
12 13
12 23
17 35
0 20
1 25
7 34
23 33
