2 28
3 35
3 28
10 25
34 35
8 9
6 7
0 12
7 10
23 33
3 5
16 23
0 2
13 14
7 35
5 6
3 12
12 14
0 35
19 23
13 15
8 35
2 8
2 12
15 33
7 34
2 7
10 35
12 20
9 22
10 20
5 7
5 12
5 28
7 20
3 10
5 34
0 10
2 10
23 32
28 32
16 21
2 35
12 28
5 10
8 10
8 34
8 12
2 20
4 7
7 17
7 28
6 28
2 6
3 20
7 12
6 17
0 17
8 28
9 16
6 35
0 20
1 14
8 20
10 34
17 33
28 35
1 20
11 12
17 34
10 12
12 23
0 7
20 28
1 25
12 25
9 23
6 20
2 34
17 28
0 3
17 20
12 17
12 34
20 35
12 35
0 8
9 35
1 9
3 6
17 35
17 25
0 5
6 10
5 35
10 17
3 7
2 5
0 28
6 12
0 34
2 17
3 17
5 17
1 12
12 13
2 3
