5 12
0 10
2 3
0 20
3 5
8 10
5 28
5 20
12 16
6 10
5 10
1 11
9 10
9 32
3 17
22 33
4 13
6 12
8 12
0 14
23 35
2 5
6 7
2 12
13 15
5 17
3 6
5 35
10 20
12 23
0 9
2 35
0 12
2 28
12 20
20 28
28 35
2 8
2 10
20 25
14 21
7 28
7 34
12 28
3 28
16 23
7 20
5 7
8 28
15 23
6 28
9 12
3 20
6 8
0 17
7 12
0 7
19 23
16 25
28 34
3 10
12 34
7 17
1 12
20 35
17 20
17 34
1 17
3 35
0 35
10 12
10 35
8 17
2 17
6 17
5 34
0 28
7 35
10 34
0 1
2 7
7 8
12 17
17 28
7 10
12 35
9 33
3 7
34 35
8 20
2 6
17 35
12 25
3 34
6 23
10 17
6 35
32 33
12 14
2 20
13 35
0 8
2 34
1 9
0 2
5 25
3 12
