5 12
5 8
2 3
1 25
2 5
0 28
15 22
6 8
17 21
3 6
10 34
12 23
9 16
12 13
3 17
2 34
9 25
6 12
8 12
2 10
14 25
2 17
5 20
2 12
13 34
15 23
23 33
28 35
3 7
12 16
7 16
2 35
0 12
2 28
12 20
0 5
8 35
2 20
2 6
10 20
1 28
7 28
9 32
12 28
3 28
6 28
7 20
9 12
6 20
7 8
0 23
0 3
5 10
0 20
0 17
7 12
7 14
10 28
3 20
17 34
3 10
12 34
7 17
14 35
20 35
17 20
5 17
0 34
3 35
19 33
10 12
10 35
0 2
0 10
6 17
5 28
2 8
7 35
1 23
8 20
2 7
34 35
12 17
17 28
7 10
12 35
8 10
6 7
5 35
20 28
5 6
17 35
12 33
3 5
32 34
10 17
1 35
4 11
8 17
6 10
0 35
1 12
13 25
9 34
0 7
9 23
3 12
