23 25
14 16
9 35
8 12
2 5
2 28
8 20
5 17
16 23
13 35
0 10
0 3
1 15
6 28
6 7
12 22
0 7
6 12
1 21
2 10
12 23
2 17
10 34
2 12
1 23
17 34
8 17
7 28
9 15
9 17
4 32
2 35
0 12
11 14
12 20
5 12
34 35
2 20
2 6
10 20
3 33
3 8
2 34
12 28
3 17
0 28
7 20
9 12
3 5
20 35
5 8
6 10
5 28
0 20
0 17
7 12
6 17
8 28
3 20
20 34
3 10
12 34
7 17
5 33
6 35
17 20
5 7
7 34
3 28
23 35
10 12
10 35
0 2
5 10
23 33
12 19
2 8
6 34
16 32
6 20
2 7
14 25
12 17
17 28
7 10
12 35
8 10
3 7
28 35
20 28
0 13
17 35
0 25
7 35
2 3
10 17
5 35
7 8
25 34
10 28
0 35
1 12
12 13
0 6
5 9
1 9
3 12
