12 13
3 8
5 20
6 12
5 12
20 28
13 16
9 33
1 6
11 20
28 34
8 10
0 28
25 32
1 23
17 23
7 10
3 7
5 17
15 22
21 23
2 17
0 2
2 12
7 8
3 35
34 35
7 28
13 15
12 23
3 28
2 35
0 12
5 28
12 20
14 20
9 25
25 33
3 6
10 20
0 3
0 8
17 20
12 28
17 35
2 20
7 20
2 8
2 5
20 35
8 12
0 35
5 7
6 7
7 34
7 12
1 12
0 10
1 25
9 16
9 14
2 28
7 17
9 32
3 10
8 17
0 23
0 7
5 35
4 12
10 17
10 35
6 17
10 12
5 16
5 10
6 35
23 35
12 34
17 34
2 7
10 14
12 17
17 28
9 12
12 35
3 5
3 12
28 35
8 28
20 34
2 3
0 34
19 34
3 17
0 17
7 35
0 20
6 8
12 33
5 6
1 35
10 28
2 6
2 10
2 34
6 10
