2 34
8 17
5 17
12 23
5 12
2 6
7 10
3 10
6 10
12 15
6 20
1 33
7 28
0 5
0 17
2 7
0 28
3 7
5 8
5 35
2 8
2 17
7 34
2 12
1 20
9 12
3 35
6 28
25 34
9 16
6 35
0 2
0 12
5 28
13 32
8 12
15 16
3 28
0 8
20 28
0 7
8 28
17 20
12 28
17 35
2 20
3 34
9 35
5 20
10 20
7 9
6 7
17 25
6 17
7 8
7 12
23 33
20 35
3 6
12 25
12 34
2 28
7 17
9 25
6 11
5 7
19 32
0 34
23 35
14 23
10 17
10 35
0 3
10 12
14 21
5 10
8 35
13 33
8 10
0 10
17 34
3 5
12 17
17 28
1 12
12 35
2 5
3 12
28 35
20 34
12 20
2 3
4 12
20 23
3 17
1 22
7 35
6 12
1 9
13 14
16 34
0 35
10 28
0 20
2 10
2 35
10 23
