16 33
13 25
5 10
23 33
5 12
9 35
7 10
3 10
3 7
7 28
13 14
8 20
0 28
34 35
2 8
2 7
28 34
7 23
6 12
2 34
0 2
2 17
12 34
2 12
3 12
1 8
17 34
9 16
3 5
12 15
2 3
2 20
0 12
1 9
20 28
5 8
8 28
9 12
0 3
2 28
0 7
4 12
17 20
12 16
17 35
3 28
19 21
22 25
0 8
2 5
0 5
10 34
8 12
8 17
6 17
7 12
14 25
20 35
12 20
1 33
3 17
7 8
7 17
0 34
10 20
1 23
9 14
6 10
10 28
11 12
10 17
10 35
12 28
10 12
0 20
9 15
5 17
10 23
5 7
0 10
0 17
13 20
12 17
17 28
7 20
12 35
2 6
1 32
28 35
17 23
25 35
5 35
5 34
3 35
6 7
5 6
7 35
6 34
3 23
3 20
6 28
0 35
6 20
6 35
2 10
2 35
12 32
