12 20
11 23
5 17
9 13
5 12
9 14
7 10
3 10
7 28
0 2
9 12
3 17
12 25
12 15
0 5
7 35
0 12
8 9
3 34
6 7
17 34
8 17
12 34
2 12
3 5
6 28
6 10
6 17
14 19
17 28
0 17
23 32
12 23
2 6
0 6
5 10
13 35
7 20
3 28
2 17
0 3
20 28
17 20
5 7
7 34
4 12
7 8
17 35
0 35
2 8
16 35
20 34
6 12
1 15
6 35
7 12
2 34
8 13
3 20
9 25
3 6
2 7
7 17
16 33
10 20
5 34
1 12
1 23
10 28
0 10
10 17
10 35
12 28
10 12
12 33
8 12
17 25
5 35
25 35
14 21
1 8
0 7
12 17
0 28
0 34
12 35
2 3
0 20
5 28
22 23
28 35
32 33
10 34
3 35
8 35
6 20
9 23
10 16
5 20
20 35
2 20
2 28
8 28
3 7
2 10
2 5
1 2
