12 20
5 20
5 17
12 16
5 12
20 34
7 10
3 34
2 34
0 34
1 23
9 35
2 3
8 34
0 2
9 28
0 12
0 5
3 28
2 7
6 17
16 17
12 34
2 12
7 8
12 23
0 20
10 28
2 35
17 28
0 17
6 20
2 5
8 12
2 10
3 6
21 32
7 20
8 17
2 17
2 6
5 34
17 20
5 6
34 35
7 35
28 35
17 35
3 8
0 28
1 7
25 35
6 12
1 25
15 22
7 12
5 10
8 13
3 10
4 33
13 23
17 34
7 17
8 23
0 10
1 12
3 20
13 33
6 7
0 6
10 17
10 35
12 28
10 12
7 28
10 20
0 3
5 35
1 9
14 32
19 33
3 12
12 17
9 12
6 10
12 35
3 7
0 35
2 28
11 14
20 35
5 7
8 35
3 35
0 7
12 14
9 23
9 25
6 28
20 28
2 20
5 28
17 25
12 15
2 8
10 16
10 23
