12 20
6 20
8 35
7 9
5 12
1 33
7 10
10 17
21 25
6 7
1 16
17 34
2 8
2 6
0 28
17 28
0 12
2 5
3 28
2 7
15 16
1 12
12 34
2 12
5 35
12 23
9 28
10 28
2 35
0 20
0 17
13 35
5 14
5 8
2 10
3 34
0 34
7 20
9 22
2 17
0 6
12 14
17 20
28 35
8 12
7 35
16 23
17 35
6 35
17 23
23 28
12 33
6 12
6 10
5 17
7 12
0 8
2 34
3 10
15 19
4 14
5 34
7 17
6 17
6 8
7 34
20 23
9 10
0 3
11 33
9 23
10 35
12 28
10 12
7 28
10 20
6 28
34 35
8 20
12 25
1 32
3 12
12 17
2 9
10 34
12 35
3 7
0 35
2 28
0 2
5 20
5 7
13 25
3 35
0 7
1 25
12 32
8 13
2 3
20 28
3 20
3 5
8 17
0 10
20 35
3 17
5 10
