12 20
4 9
5 34
7 20
6 7
0 8
17 23
10 17
2 8
5 17
0 22
0 35
9 20
10 35
6 12
17 28
0 12
3 34
6 35
2 7
5 10
8 28
23 35
13 23
5 7
8 23
0 20
2 13
7 28
6 17
0 17
9 28
28 35
7 34
8 10
3 20
28 34
5 6
2 3
2 17
3 10
17 20
0 3
9 13
3 6
7 35
1 25
17 35
5 35
2 10
1 33
12 34
5 20
1 14
7 25
7 12
34 35
9 12
2 35
10 28
6 28
8 35
7 17
23 32
3 5
0 28
2 20
8 20
0 6
9 33
12 14
12 33
12 28
10 12
0 7
2 5
8 12
20 35
12 25
3 35
0 5
15 32
12 17
2 12
1 16
12 35
3 7
12 15
2 28
17 34
5 12
6 10
3 12
16 25
2 6
0 10
3 17
20 28
2 34
11 21
8 17
12 16
1 19
14 23
7 10
10 34
10 20
