12 20
6 28
0 7
10 20
1 33
8 28
7 28
10 17
6 34
0 35
5 20
20 35
13 19
12 25
2 5
0 17
0 12
10 28
17 20
5 6
0 23
9 12
2 10
9 16
2 6
17 34
3 12
12 34
17 23
6 12
1 34
9 25
0 10
13 21
0 6
2 28
12 33
8 15
7 17
3 5
1 15
17 28
6 20
3 23
7 9
7 35
20 34
17 35
3 17
0 20
8 17
8 20
20 28
10 23
7 20
7 12
14 25
4 32
2 35
8 35
3 28
8 10
0 9
12 16
11 14
3 10
5 7
3 35
5 34
1 32
13 33
6 17
12 28
10 35
16 35
28 35
7 10
28 34
1 12
14 22
0 3
6 35
12 17
2 12
5 10
12 35
7 8
8 12
2 34
3 34
9 35
12 23
10 12
0 2
6 10
2 3
5 8
3 7
2 7
5 12
2 23
2 17
0 28
5 35
7 25
5 17
2 20
