28 34
0 8
20 34
12 34
10 34
13 33
6 23
0 12
34 35
0 7
14 33
5 17
1 4
2 20
9 14
25 28
17 35
9 16
28 35
3 35
3 20
1 34
3 17
2 12
2 17
3 10
2 6
12 13
8 35
2 3
7 28
23 35
3 12
3 28
12 20
5 6
0 10
0 17
12 23
8 17
2 8
2 5
0 35
0 20
12 16
17 28
5 10
3 25
10 22
1 32
6 35
17 23
16 19
2 34
17 34
7 12
5 14
6 8
8 20
2 10
7 17
8 12
6 10
0 5
9 20
6 12
0 2
3 7
5 12
7 34
10 12
10 17
20 28
7 20
15 21
0 6
3 23
8 9
12 17
5 7
20 35
12 25
12 28
1 33
7 35
12 35
9 12
0 28
2 28
17 20
1 13
7 10
10 35
0 3
10 20
10 28
2 7
11 12
7 23
6 17
9 25
2 35
5 28
5 35
6 7
15 32
5 8
