1 4
12 25
2 34
3 8
5 10
12 34
14 28
0 12
8 35
3 20
3 10
0 5
9 14
2 20
6 8
0 35
17 35
1 33
28 35
3 35
20 23
17 34
3 17
2 12
2 17
7 23
2 6
12 23
3 6
2 3
15 21
1 16
3 12
13 34
12 20
0 3
6 28
17 20
16 22
25 34
2 5
0 8
8 28
0 28
32 33
17 28
2 25
1 32
0 7
0 6
7 34
15 16
8 17
0 20
6 10
7 12
10 23
34 35
6 17
2 10
7 17
8 12
12 13
5 7
23 35
6 12
0 2
7 25
5 12
11 12
10 12
10 17
20 28
7 20
1 14
0 10
5 28
20 34
12 17
12 19
20 35
17 33
12 28
5 8
7 35
12 35
9 12
0 17
2 28
5 17
9 23
7 10
10 35
5 34
10 20
7 28
2 7
6 9
8 10
5 20
3 9
2 35
6 35
5 35
10 28
3 7
9 13
