0 9
0 2
0 3
0 10
0 14
0 13
0 29
0 20
0 27
0 15
40 50
0 42
29 40
15 54
0 53
27 54
14 15
2 52
25 28
16 24
24 37
2 9
2 3
2 10
2 14
2 13
15 50
2 18
2 20
15 27
2 27
2 29
9 33
2 42
2 40
2 53
15 44
2 50
15 52
3 9
3 10
3 14
3 13
0 18
3 18
3 20
3 27
22 51
3 29
13 40
3 42
3 40
3 53
3 54
3 50
52 53
21 30
19 36
7 12
16 36
8 38
31 48
38 44
23 34
4 25
29 54
31 39
5 36
40 44
33 54
4 8
20 23
1 22
1 8
9 40
9 14
9 13
9 10
2 23
9 20
9 27
9 29
0 50
9 42
9 54
9 53
24 36
9 50
3 52
10 14
10 13
27 33
10 18
10 20
10 27
8 24
18 33
10 33
10 42
10 40
2 15
44 53
10 50
9 52
12 45
13 15
12 37
37 46
4 7
19 25
13 14
22 36
13 18
13 20
2 33
13 27
13 29
13 50
13 42
13 33
13 53
13 54
0 52
14 52
10 29
14 18
14 20
10 52
14 27
14 29
23 53
14 42
27 40
14 53
2 54
14 50
10 54
16 23
15 20
19 21
15 29
15 42
3 15
10 53
15 53
13 52
19 32
21 34
8 16
50 52
4 16
18 20
22 31
18 27
18 29
18 42
13 23
18 53
18 54
18 40
9 18
31 41
23 24
27 29
20 27
20 43
20 29
20 33
12 48
31 32
20 42
43 45
20 40
20 44
20 53
20 54
20 50
20 52
20 34
32 48
5 20
24 46
11 46
8 48
23 42
25 51
27 50
7 41
52 54
29 50
4 47
18 52
16 19
23 33
18 50
7 48
4 20
3 23
42 44
33 40
29 33
27 42
27 53
14 54
10 23
12 47
0 40
29 42
14 40
29 53
14 44
10 15
3 33
12 31
31 46
35 36
41 43
31 47
33 42
14 33
33 53
0 23
32 34
0 54
18 44
39 41
40 42
40 53
9 23
42 53
42 54
42 50
42 52
1 16
11 22
27 52
50 54
29 52
19 22
5 35
50 53
16 22
53 54
