10 40
2 54
9 29
2 23
0 14
0 13
19 38
0 20
0 40
0 10
52 53
0 42
15 18
18 27
0 53
53 54
12 22
3 29
20 46
9 15
10 47
2 9
2 3
2 10
2 14
2 13
3 40
2 18
2 20
29 54
24 51
50 54
14 29
2 42
9 10
2 53
41 44
2 50
18 33
3 9
3 10
3 14
3 13
0 15
18 52
3 20
10 54
25 48
2 27
3 18
3 42
31 36
3 53
14 27
0 27
23 53
9 33
13 33
16 31
14 33
19 45
12 44
16 24
20 35
24 37
3 33
15 42
23 41
23 50
3 23
9 52
36 44
7 30
48 53
31 44
2 15
9 13
15 27
10 52
9 20
46 48
29 53
50 52
10 50
29 50
9 53
21 37
0 54
2 33
10 14
10 13
3 54
2 40
10 20
9 14
16 22
8 22
22 37
10 42
18 40
10 18
0 2
3 15
2 52
4 31
18 29
20 23
23 34
34 35
23 28
13 14
27 54
13 18
13 20
31 39
1 8
13 29
13 50
13 42
13 40
13 53
29 40
8 21
5 31
2 29
14 18
14 20
3 50
0 29
4 12
40 53
14 42
0 9
14 53
20 33
27 50
24 42
16 34
15 20
25 45
33 42
14 50
21 25
10 53
8 16
15 48
8 11
15 53
3 27
40 52
4 16
18 20
7 8
0 3
10 27
18 42
27 33
18 53
13 52
18 50
0 50
4 5
9 50
27 40
20 27
13 27
20 29
10 33
14 52
19 44
20 42
0 33
20 40
0 52
20 53
20 54
20 50
20 52
33 54
19 43
39 46
7 43
13 23
24 38
22 36
1 19
15 33
24 44
9 40
14 23
15 54
27 29
23 42
4 32
52 54
29 52
12 16
42 52
23 40
36 41
0 18
27 42
27 53
32 43
9 18
5 44
40 50
29 42
22 44
10 23
20 34
10 29
27 52
7 11
12 31
31 41
25 47
14 54
32 36
47 51
15 29
33 53
3 52
40 42
14 40
29 33
9 42
18 54
13 54
42 53
42 54
42 50
1 20
16 46
4 22
12 48
13 15
14 15
20 32
9 27
50 53
9 54
19 36
