19 44
2 54
9 29
8 45
0 14
0 13
22 37
0 20
9 33
0 10
52 53
0 42
14 54
18 27
0 53
53 54
1 44
3 29
15 18
10 40
43 44
2 9
2 3
2 10
2 14
2 13
40 52
2 18
2 20
29 54
19 36
50 54
14 29
2 42
9 10
2 53
12 21
2 50
14 33
3 9
3 10
3 14
3 13
23 29
9 52
3 20
10 52
7 41
2 27
3 18
3 42
24 31
3 53
14 27
0 27
0 23
2 33
13 33
18 40
14 23
2 23
25 32
24 41
0 33
33 53
24 51
15 42
1 11
12 34
3 40
0 52
36 43
8 34
18 33
5 46
2 15
9 13
27 33
27 52
9 20
24 34
29 53
9 23
10 50
29 50
9 53
4 44
0 54
10 23
10 14
10 13
3 54
2 40
10 20
9 14
24 46
13 40
16 53
10 42
3 33
10 18
0 2
23 53
2 52
7 51
18 29
7 32
31 41
21 36
23 54
13 14
27 54
13 18
13 20
33 42
5 31
13 29
13 50
13 42
42 48
13 53
15 29
8 31
39 48
2 29
14 18
14 20
3 50
0 29
16 20
40 53
14 42
0 9
14 53
20 33
27 50
29 40
1 37
15 20
3 52
4 22
14 50
36 44
10 53
22 36
40 42
0 15
15 53
3 27
23 42
22 44
18 20
19 20
0 3
10 27
18 42
15 27
18 53
13 52
18 50
0 50
15 52
9 50
23 50
20 27
13 27
20 29
15 16
14 52
8 24
20 42
10 33
20 40
33 54
20 53
20 54
20 50
20 52
38 46
20 45
3 15
22 39
11 12
31 34
30 44
20 35
18 52
25 38
19 33
16 46
40 50
27 29
12 31
35 44
9 22
29 52
4 36
42 52
25 43
8 47
0 18
27 42
27 53
4 32
9 18
28 31
40 54
29 42
16 19
4 37
4 8
10 29
27 40
50 52
20 48
16 40
19 22
10 54
15 40
31 47
41 47
21 48
3 23
5 12
14 40
13 23
9 42
18 54
13 54
42 53
42 54
42 50
32 48
16 33
12 16
10 15
13 15
14 15
20 23
9 27
50 53
9 54
7 25
