7 30
2 54
23 40
22 44
0 14
0 13
3 15
0 20
27 50
0 10
52 53
0 42
14 54
18 27
0 53
53 54
4 31
3 29
20 23
16 51
4 8
2 9
2 3
2 10
2 14
2 13
13 50
2 18
2 20
29 54
19 31
0 54
14 29
2 42
27 40
2 53
19 36
14 23
14 33
3 9
3 10
3 14
3 13
18 40
7 24
3 20
29 52
39 41
2 52
3 18
3 42
22 43
3 53
14 27
0 27
14 15
50 52
31 44
3 25
12 34
15 42
22 36
24 36
0 50
33 53
23 54
18 42
15 32
25 34
27 33
3 23
9 33
16 48
33 50
4 35
21 24
13 52
38 42
33 42
9 20
8 31
29 53
1 20
10 50
9 29
9 53
5 24
50 54
10 23
10 14
10 13
3 54
15 53
10 20
9 14
9 40
44 47
20 41
10 42
5 40
10 18
0 2
23 53
33 54
18 54
18 29
2 15
25 44
12 53
18 50
13 14
27 54
13 18
13 20
2 23
18 52
13 29
4 48
13 42
29 50
13 53
15 29
4 16
1 16
2 29
14 18
14 20
3 50
0 29
15 52
40 53
14 42
0 15
14 53
10 33
16 22
20 21
31 48
15 20
3 52
15 41
14 50
24 45
10 53
9 10
15 33
0 52
40 50
9 15
23 42
8 19
18 20
13 23
0 3
10 40
1 34
2 40
18 53
2 27
18 33
0 40
12 32
2 50
0 18
20 27
13 27
20 29
0 9
14 52
8 16
20 42
10 15
20 40
36 44
20 53
20 54
20 50
20 52
33 52
16 44
22 48
20 25
20 32
11 45
9 52
12 20
36 43
29 33
19 44
5 7
19 43
27 29
40 54
21 46
8 48
9 54
41 51
42 52
9 50
7 12
13 15
27 42
27 53
12 46
9 18
22 31
9 27
29 42
8 24
34 35
13 33
10 29
10 27
10 52
16 31
13 40
2 33
10 54
27 52
37 38
37 47
11 44
3 40
40 42
14 40
0 33
9 42
46 47
13 54
42 53
42 54
42 50
18 23
37 46
31 36
23 27
3 27
19 39
28 32
9 13
50 53
23 29
4 22
