21 22
40 52
13 15
0 52
7 21
0 13
23 27
0 20
11 15
23 53
10 33
0 42
15 53
18 27
0 53
53 54
18 29
3 29
9 50
40 54
41 46
2 9
2 3
2 10
2 14
2 13
18 50
2 18
2 20
29 54
1 39
14 54
14 29
2 42
8 53
2 53
4 16
15 27
3 33
3 9
3 10
3 14
3 13
41 44
33 53
3 20
13 52
7 32
8 22
3 18
3 42
36 41
3 53
14 27
22 37
0 40
23 50
0 10
15 29
20 36
10 15
28 38
12 19
20 50
52 53
23 45
18 42
0 50
14 23
24 31
33 42
22 31
4 47
20 52
5 46
12 25
0 33
23 42
16 48
9 20
15 42
29 53
24 46
10 50
9 29
9 53
19 44
9 18
16 22
10 14
10 13
3 54
13 23
10 20
9 14
9 40
4 32
9 52
10 42
20 40
10 18
0 2
50 52
18 33
18 54
20 23
50 54
12 42
36 37
9 33
13 14
27 54
13 18
13 20
14 15
27 50
13 29
8 31
13 42
29 50
13 53
4 31
2 23
4 44
2 54
14 18
14 20
3 50
0 29
13 40
40 53
14 42
0 27
14 53
24 44
2 33
5 41
10 23
24 34
3 15
12 32
14 50
15 50
10 53
9 10
36 51
16 21
2 15
9 54
30 44
27 40
18 20
42 52
0 3
15 18
33 40
2 40
18 53
2 27
7 20
0 54
27 33
2 50
13 33
20 27
13 27
20 29
15 20
4 7
31 44
20 42
29 33
10 40
23 38
20 53
20 54
37 45
18 52
31 48
16 47
22 43
3 46
9 15
16 19
3 52
32 35
19 48
13 50
39 43
15 52
0 14
27 29
12 20
19 20
8 16
40 42
0 23
52 54
2 29
20 33
0 18
27 42
27 53
11 51
0 9
8 48
9 27
29 42
47 48
29 52
19 25
10 29
10 27
10 52
1 34
1 24
34 44
10 54
14 33
8 20
14 40
23 35
3 40
29 40
18 40
34 36
9 42
25 44
13 54
42 53
42 54
42 50
2 52
33 54
16 31
5 12
3 27
22 24
36 43
9 13
50 53
14 52
25 31
