12 31
15 54
13 15
0 52
12 20
0 13
19 41
0 20
3 23
8 20
10 33
0 42
15 53
18 27
0 53
53 54
18 29
3 29
9 50
40 54
12 16
2 9
2 3
2 10
2 14
2 13
18 50
2 18
2 20
29 54
8 36
14 54
14 29
2 42
29 33
2 53
16 44
27 52
3 33
3 9
3 10
3 14
3 13
22 36
33 53
3 20
13 52
24 31
23 53
3 18
3 42
21 34
3 53
14 27
41 48
0 40
16 34
0 10
15 29
5 24
15 27
4 32
14 44
20 50
52 53
25 30
18 42
0 50
16 22
19 48
18 23
1 5
9 15
20 52
36 51
22 32
9 33
23 42
1 22
9 20
15 42
29 53
28 42
10 50
9 29
9 53
41 53
9 18
37 51
10 14
10 13
3 54
13 33
10 20
9 14
9 40
8 35
9 52
10 42
20 40
10 18
0 2
50 52
23 25
18 54
20 23
50 54
34 44
4 44
24 34
13 14
27 54
13 18
13 20
14 15
27 50
13 29
12 22
13 42
29 50
13 53
31 32
2 23
4 16
2 54
14 18
14 20
3 50
0 29
13 40
40 53
14 42
0 27
14 53
36 47
2 33
20 48
10 23
11 31
15 52
31 48
14 50
40 50
10 53
9 10
36 37
43 44
2 15
9 54
4 5
27 40
18 20
42 52
0 3
15 18
15 23
2 40
18 53
2 27
24 44
0 54
33 50
2 50
33 42
20 27
13 27
20 29
15 20
12 46
24 39
20 42
27 33
10 40
19 43
20 53
20 54
19 21
18 52
8 23
21 44
3 15
20 41
33 40
22 23
3 52
24 38
36 46
13 50
7 25
16 31
0 14
27 29
38 44
16 25
20 31
40 42
0 15
23 52
2 29
20 33
0 18
27 42
27 53
0 33
0 9
7 10
9 27
29 42
35 37
29 52
8 47
10 29
10 27
10 52
13 23
11 48
45 46
10 54
14 33
7 46
14 40
8 43
3 40
29 40
18 40
19 47
9 42
39 45
13 54
42 53
42 54
42 50
2 52
33 54
12 32
4 19
3 27
7 16
1 4
9 13
50 53
14 52
22 31
