8 43
27 52
13 15
0 52
15 20
0 13
37 51
0 20
22 23
12 16
11 48
0 42
15 53
18 27
0 53
53 54
18 29
3 29
9 50
2 23
39 47
2 9
2 3
2 10
2 14
2 13
18 50
2 18
2 20
29 54
23 42
14 54
14 29
2 42
29 33
2 53
0 15
15 27
0 33
3 9
3 10
3 14
3 13
38 44
33 53
3 20
13 52
4 42
33 40
3 18
3 42
22 31
3 53
14 27
23 50
0 40
20 34
0 10
15 54
24 37
24 31
34 38
15 52
20 50
52 53
23 31
18 42
0 50
12 48
16 41
50 54
7 31
47 48
20 52
20 36
7 23
33 52
23 53
7 32
9 20
15 42
29 53
19 31
10 50
9 29
9 53
19 51
9 18
20 47
10 14
10 13
3 54
21 44
10 20
9 14
9 40
22 36
9 52
10 42
20 40
10 18
0 2
18 52
20 23
18 54
19 24
2 54
37 45
1 36
4 48
13 14
27 54
13 18
13 20
8 21
27 50
13 29
12 25
13 42
15 50
13 53
16 36
2 33
12 44
32 46
14 18
14 20
3 50
0 29
13 40
40 53
14 42
0 27
14 53
25 35
9 15
43 44
4 34
12 36
18 40
16 46
14 50
50 52
10 53
9 10
11 34
4 46
14 15
9 54
13 23
27 40
18 20
42 52
0 3
24 41
10 35
8 19
18 53
2 27
29 50
0 54
14 33
2 50
33 42
20 27
13 27
20 29
14 45
8 31
33 54
20 42
10 33
10 40
16 32
20 53
20 54
24 36
40 54
10 15
1 44
3 23
5 53
3 40
27 33
3 52
23 40
16 48
13 50
1 16
4 5
0 14
27 29
20 46
19 21
19 22
40 42
4 20
30 31
2 29
20 33
0 18
27 42
27 53
23 29
0 9
15 18
9 27
29 42
2 15
29 52
3 15
10 29
10 27
10 52
5 43
8 44
22 24
10 54
13 33
7 22
14 40
16 44
2 40
29 40
18 33
22 39
9 42
9 23
13 54
42 53
42 54
42 50
2 52
3 33
25 41
31 32
3 27
8 28
25 44
9 13
50 53
14 52
12 41
