33 42
0 42
9 40
18 40
15 53
0 13
29 52
0 20
33 40
9 50
3 54
41 46
19 41
18 27
0 53
53 54
19 46
3 29
9 54
40 52
2 52
2 9
2 3
2 10
2 14
2 13
27 40
2 18
2 20
29 50
48 53
14 54
14 29
2 42
5 34
2 53
9 15
50 54
42 52
3 9
3 10
3 14
3 13
14 31
33 53
3 20
39 41
2 40
23 51
3 18
3 42
43 48
3 53
14 27
29 40
3 15
4 24
0 10
16 31
46 48
20 24
8 12
3 33
20 50
10 52
23 35
9 18
0 50
27 52
18 52
33 54
42 50
22 36
29 54
20 44
16 45
8 48
14 15
12 22
9 20
15 18
29 53
1 22
10 50
7 37
9 53
27 54
52 54
7 8
10 14
10 13
10 54
27 33
10 20
9 14
10 33
18 54
44 47
10 42
20 40
10 18
0 2
2 50
20 23
15 40
24 48
40 54
4 37
8 44
4 32
13 14
0 40
13 18
13 20
10 40
18 50
13 29
0 15
13 42
13 23
13 53
15 23
29 33
12 34
31 42
14 18
14 20
18 33
0 9
30 41
19 22
14 42
0 27
14 53
31 44
27 50
16 24
1 47
33 50
18 42
40 53
14 50
2 33
10 53
10 15
16 44
2 54
13 15
15 42
0 52
37 43
18 20
42 54
14 23
20 52
19 25
32 44
18 53
2 27
0 29
31 32
20 34
13 33
0 54
20 27
13 27
20 29
9 23
10 23
20 33
20 42
15 27
4 20
12 50
20 53
20 54
8 36
12 21
21 22
13 52
3 50
11 45
9 29
7 36
3 52
3 40
14 33
13 50
4 16
5 23
0 14
27 29
9 10
21 36
8 22
2 23
24 25
16 25
2 29
15 29
0 18
27 42
27 53
7 43
0 3
34 38
9 27
29 42
18 29
15 20
20 31
10 29
10 27
35 47
12 44
23 53
40 42
25 32
16 28
3 23
14 52
22 39
5 11
2 15
9 52
13 40
9 42
4 31
13 54
42 53
16 36
0 33
23 42
50 52
19 36
38 46
3 27
1 19
44 51
9 13
50 53
52 53
24 31
