33 42
0 42
14 23
29 40
15 20
0 13
29 52
0 20
11 44
9 50
3 54
52 54
1 10
18 27
0 53
27 54
43 51
3 29
9 54
9 52
2 52
2 9
2 3
2 10
2 14
2 13
27 40
2 18
2 20
29 50
36 46
14 54
14 29
2 42
12 19
2 53
9 40
53 54
4 43
3 9
3 10
3 14
3 13
23 31
33 53
3 20
20 41
18 40
12 16
3 18
3 42
16 24
3 53
14 27
8 31
3 15
5 19
0 10
22 32
0 15
16 46
11 48
3 33
20 50
27 52
8 34
9 18
0 50
3 23
42 52
27 33
42 50
20 44
10 23
21 35
12 22
13 23
9 15
16 23
9 20
50 54
29 53
19 34
10 50
44 53
9 53
2 54
15 18
4 21
10 14
10 13
10 54
23 50
10 20
9 14
10 33
18 54
1 46
10 42
20 40
10 18
0 2
2 50
14 52
22 24
40 42
0 33
37 39
15 29
12 23
13 14
7 44
13 18
13 20
15 33
18 50
13 29
31 44
13 42
14 40
13 53
18 33
0 40
52 53
4 22
14 18
14 20
33 54
0 9
40 54
12 24
14 42
0 27
14 53
31 48
27 50
4 37
1 25
16 48
18 42
40 53
14 50
2 33
10 53
10 52
35 48
29 54
13 15
15 42
0 52
5 47
18 20
42 54
40 52
20 52
32 39
31 38
18 53
2 27
0 29
16 22
22 47
13 33
0 54
20 27
13 27
20 29
40 50
14 15
20 33
20 42
15 52
31 41
24 36
20 53
20 54
8 22
29 33
19 24
13 52
3 50
2 15
9 29
34 46
18 52
10 40
14 33
13 50
34 36
25 45
0 14
27 29
9 10
15 23
21 31
2 40
8 24
30 42
2 29
41 44
0 18
27 42
27 53
20 48
0 3
38 43
9 27
29 42
18 29
20 23
25 44
10 29
10 27
5 45
19 36
7 28
3 40
16 20
4 41
12 51
3 52
7 32
7 8
2 23
4 32
13 40
9 42
16 25
13 54
42 53
8 36
9 33
23 42
15 50
23 53
36 37
3 27
15 53
20 31
9 13
50 53
27 44
19 47
