25 41
0 42
34 46
29 40
27 52
0 13
10 23
0 20
7 37
24 38
3 54
7 45
1 36
18 27
0 53
27 54
33 40
3 29
18 54
52 54
50 52
2 9
2 3
2 10
2 14
2 13
9 50
2 18
2 20
29 50
24 39
14 54
14 29
2 42
20 33
2 53
9 52
53 54
4 20
3 9
3 10
3 14
3 13
19 23
27 50
3 20
21 41
23 53
30 44
9 18
3 42
16 41
3 53
14 27
20 44
15 40
16 36
0 10
15 54
9 40
23 39
44 53
14 33
20 50
7 47
33 52
15 50
0 50
22 44
42 52
40 50
42 50
16 51
16 31
31 34
1 12
14 15
18 52
23 51
9 20
9 33
29 53
13 23
10 50
12 35
9 53
2 54
3 18
2 15
10 14
10 13
10 54
5 31
10 20
9 14
3 23
29 54
23 42
10 42
33 54
10 18
0 2
2 50
14 52
8 41
40 42
29 33
20 52
10 15
8 21
13 14
8 36
13 18
13 20
3 33
18 50
13 29
7 31
13 42
15 27
13 53
0 40
14 40
52 53
1 22
14 18
14 20
0 33
0 9
10 52
19 46
14 42
0 27
14 53
18 40
18 33
23 29
13 54
15 46
18 42
40 53
14 50
15 18
10 53
9 23
31 36
11 38
13 15
3 15
0 52
44 48
18 20
42 54
5 34
8 47
33 42
19 53
18 53
2 27
0 29
4 16
15 42
13 33
0 54
20 27
13 27
20 29
15 20
16 22
20 40
20 42
12 37
20 32
20 31
20 53
20 54
32 43
29 52
4 31
13 52
3 50
0 15
9 29
16 48
8 32
10 40
4 22
13 50
4 24
20 23
0 14
27 29
9 10
4 35
27 40
2 40
22 31
12 22
2 29
8 24
0 18
27 42
27 53
14 23
0 3
5 45
9 27
29 42
18 29
10 33
2 33
10 29
10 27
43 44
21 48
20 25
3 40
2 52
50 54
28 48
3 52
25 44
11 24
19 25
22 36
13 40
9 42
27 33
9 54
42 53
19 44
42 46
24 32
12 47
16 37
19 34
3 27
15 53
43 48
9 13
50 53
2 23
12 36
