16 36
0 42
22 23
0 33
0 15
0 13
14 21
0 20
4 5
10 54
3 54
8 20
12 34
18 27
0 53
27 40
31 32
3 29
18 54
1 36
50 54
2 9
2 3
2 10
2 14
2 13
9 52
2 18
2 20
13 15
9 50
14 54
14 29
2 42
20 33
2 53
23 53
53 54
10 23
3 9
3 10
3 14
3 13
25 41
0 40
3 20
24 30
1 25
18 40
9 18
3 42
7 35
3 53
14 27
24 41
15 53
20 45
0 10
45 46
18 50
20 22
22 51
14 15
20 50
7 8
20 40
19 44
40 54
28 44
42 52
16 23
42 50
16 42
3 15
22 44
3 23
4 16
15 29
18 33
9 20
33 53
29 53
4 12
27 50
13 33
9 53
2 54
3 18
16 48
10 14
10 13
13 54
32 52
10 20
9 14
52 54
29 40
11 16
10 42
0 50
15 52
0 2
2 50
14 52
16 19
24 25
15 54
20 52
10 15
43 46
13 14
12 32
13 18
13 20
48 53
7 34
13 29
8 47
13 42
27 52
13 53
29 33
14 40
52 53
5 8
14 18
14 20
3 33
0 9
10 52
23 27
14 42
0 27
14 53
9 33
29 50
19 22
12 24
19 31
18 42
40 53
14 50
37 44
10 53
9 15
13 23
10 50
20 44
2 23
0 52
16 41
18 20
42 54
21 37
31 47
12 21
33 42
18 53
2 27
0 29
35 37
10 18
27 33
0 54
20 27
13 27
20 29
15 20
10 40
22 31
20 42
31 43
20 31
39 43
20 53
20 54
36 44
29 52
2 33
13 52
3 50
23 42
9 29
24 34
31 36
15 18
36 47
13 50
40 50
15 50
0 14
27 29
9 10
1 4
8 48
2 40
25 46
15 42
2 29
9 54
0 18
27 42
27 53
24 32
0 3
38 51
9 27
29 42
18 29
10 33
4 36
10 29
10 27
20 23
7 48
8 34
3 40
2 52
23 44
9 40
3 52
2 15
11 48
31 44
23 50
13 40
9 42
29 54
27 54
42 53
33 40
14 33
12 39
5 22
40 42
41 46
3 27
4 19
19 38
9 13
50 53
23 33
18 52
