10 40
2 54
0 3
2 40
0 14
0 13
4 31
0 20
29 40
0 10
3 52
0 42
15 18
18 27
0 53
53 54
20 46
3 29
16 31
15 29
8 12
2 9
2 3
2 10
2 14
2 13
3 40
2 18
2 20
50 54
8 24
14 50
14 29
2 42
9 10
2 53
0 33
2 50
0 29
3 9
3 10
3 14
3 13
14 15
3 44
3 20
10 54
41 48
2 27
3 18
3 42
9 52
3 53
14 27
0 27
23 53
9 27
15 52
12 25
31 36
19 48
15 54
16 19
8 19
20 24
3 15
15 42
0 40
40 42
10 23
20 22
20 23
25 36
32 34
9 14
2 52
9 13
18 40
33 54
9 20
20 47
29 53
2 15
42 52
2 44
9 53
25 39
29 54
23 40
10 14
10 13
9 54
23 27
10 20
9 33
7 12
41 46
22 36
10 42
29 33
10 18
0 2
15 50
9 50
43 46
18 23
23 42
7 34
20 44
4 51
13 14
27 54
13 18
13 20
22 31
4 22
13 29
13 50
13 42
13 40
13 53
27 29
16 48
10 44
2 29
14 18
14 20
3 50
0 15
44 54
40 53
14 42
18 29
14 53
13 33
27 50
11 36
4 48
15 20
37 51
10 52
0 23
36 43
10 53
1 5
23 33
32 46
15 53
3 27
9 18
5 8
18 20
32 48
0 9
10 27
18 42
44 53
18 53
13 52
18 52
33 40
16 43
29 50
27 52
20 27
13 27
20 29
20 33
8 31
24 37
20 42
21 22
20 40
22 30
20 53
20 54
20 50
20 52
8 16
19 45
32 41
40 50
29 52
4 16
7 37
12 16
12 44
12 38
9 40
14 23
52 54
27 40
24 28
10 15
0 52
0 50
7 25
14 33
10 33
14 52
0 18
27 42
27 53
3 54
18 50
31 45
15 44
29 42
21 31
18 54
33 50
10 29
27 33
21 36
24 41
11 47
1 31
14 54
33 42
2 33
13 23
33 53
1 42
9 23
14 40
4 19
9 42
50 52
13 54
42 53
42 54
42 50
19 24
16 39
34 35
5 47
13 15
9 29
35 38
22 34
50 53
3 23
52 53
