10 40
2 54
9 29
2 33
0 14
0 13
32 45
0 20
40 50
0 10
3 52
0 42
10 33
18 27
0 53
53 54
12 22
3 29
32 46
29 40
16 43
2 9
2 3
2 10
2 14
2 13
3 40
2 18
2 20
29 54
1 36
14 50
14 29
2 42
9 10
2 53
14 33
2 50
15 50
3 9
3 10
3 14
3 13
15 18
3 33
3 20
10 54
5 22
2 27
3 18
3 42
50 52
3 53
14 27
0 27
23 53
27 44
13 23
25 37
21 36
31 47
0 33
8 19
22 24
21 24
3 15
15 42
0 40
40 42
3 23
36 38
19 35
7 8
12 20
9 14
2 52
9 13
15 54
15 33
9 20
22 28
29 53
2 44
42 52
23 29
9 53
36 39
0 54
16 31
10 14
10 13
3 54
15 27
10 20
9 33
25 38
41 48
16 41
10 42
18 23
10 18
0 2
9 15
33 50
39 48
18 29
20 23
4 47
20 44
25 31
13 14
27 54
13 18
13 20
4 43
4 32
13 29
13 50
13 42
13 40
13 53
29 50
33 42
10 50
2 29
14 18
14 20
3 50
0 29
14 23
40 53
14 42
0 9
14 53
13 33
27 50
19 36
36 51
15 20
8 12
7 24
9 23
20 34
10 53
22 34
29 33
11 12
15 53
3 27
9 18
8 22
18 20
4 31
0 3
10 27
18 42
44 53
18 53
13 52
18 52
0 50
21 47
9 50
27 33
20 27
13 27
20 29
20 33
31 32
1 41
20 42
19 48
20 40
12 34
20 53
20 54
20 50
20 52
31 37
20 22
25 44
10 23
29 52
16 19
35 45
1 48
4 16
24 31
9 40
14 52
9 44
27 29
5 34
10 15
0 52
23 52
16 24
2 23
18 40
10 52
0 18
27 42
27 53
40 54
18 50
7 16
0 15
29 42
7 41
18 54
33 40
10 29
27 52
37 44
16 23
4 46
5 20
14 54
23 42
2 15
44 54
33 53
11 43
27 40
14 40
8 30
9 42
52 54
13 54
42 53
42 54
42 50
42 48
24 46
12 19
31 46
13 15
14 15
8 51
40 52
50 53
9 54
52 53
