0 43
21 39
27 29
17 39
27 45
14 33
35 55
6 11
4 17
12 39
1 43
1 48
1 36
1 50
2 51
10 18
1 54
2 9
9 30
1 28
46 52
34 36
4 12
1 9
8 41
1 24
1 27
27 32
9 56
1 32
13 21
35 52
2 8
18 50
2 43
27 30
17 27
51 54
30 41
24 35
49 54
11 54
27 49
4 24
2 35
3 43
3 35
4 56
13 48
35 49
20 34
18 36
6 39
32 34
1 35
11 23
0 11
30 48
9 27
20 29
6 52
11 16
10 49
4 43
16 39
35 36
14 24
3 55
28 48
3 39
34 46
21 32
8 18
8 29
17 32
13 24
11 50
13 54
4 36
27 33
6 43
2 16
4 50
10 12
3 50
37 54
11 12
29 30
32 54
54 56
27 46
33 54
21 35
7 43
16 24
22 32
8 43
0 3
36 50
45 55
4 32
9 46
27 52
6 30
11 48
24 30
32 49
9 54
6 49
6 45
18 29
9 43
9 48
30 52
9 50
14 28
9 52
12 16
39 50
23 32
11 51
9 12
3 16
18 48
8 24
9 35
34 54
30 36
30 50
9 32
10 50
51 52
30 54
0 1
34 41
12 49
10 43
6 36
4 18
21 45
9 29
33 35
41 46
1 8
4 21
2 41
24 50
11 44
0 48
4 52
0 35
29 44
36 54
14 35
8 56
27 50
13 23
25 48
20 48
21 28
20 32
29 50
26 53
18 51
34 55
11 28
18 35
12 43
34 50
12 50
20 35
33 39
8 27
30 39
13 29
0 46
9 41
12 27
12 32
32 55
1 3
21 54
13 43
13 32
1 18
2 7
35 51
41 52
1 51
20 54
14 43
24 39
10 44
30 32
20 36
16 43
39 55
17 50
29 35
49 52
17 43
26 33
20 30
4 55
1 49
17 35
6 9
36 43
41 55
7 48
18 43
9 20
50 56
12 48
9 18
11 27
12 20
8 35
17 22
10 45
55 56
18 27
11 32
10 27
9 36
13 30
13 44
8 12
23 49
20 43
50 51
3 12
24 55
3 33
3 11
18 21
5 32
19 25
36 49
12 41
8 55
17 36
24 32
21 43
46 48
3 18
12 51
8 11
28 55
18 32
28 52
50 52
21 48
24 34
27 55
19 21
23 43
12 29
4 27
24 29
23 35
33 46
36 41
2 48
24 43
32 41
24 36
14 27
18 33
31 36
52 54
24 27
24 51
21 49
12 46
24 52
33 52
1 30
6 17
5 38
27 56
27 43
27 48
21 50
30 35
3 54
9 11
50 54
27 35
11 35
6 44
38 40
36 55
46 54
28 43
1 41
8 52
11 24
2 10
29 43
13 50
28 50
3 28
18 34
22 53
35 39
3 48
4 10
10 55
1 11
2 27
30 43
9 28
10 48
3 36
12 18
10 51
4 49
18 55
18 20
32 43
32 48
1 34
32 50
25 56
20 56
0 9
32 35
1 33
18 41
9 55
33 43
9 33
36 52
32 52
32 51
12 55
6 38
34 43
0 28
39 52
2 36
9 14
35 43
35 48
1 55
1 20
35 50
12 24
10 54
5 47
35 56
14 20
21 24
32 56
32 46
37 53
51 55
27 41
27 39
9 24
39 43
4 16
50 55
20 27
21 52
1 52
33 48
20 50
10 33
48 51
41 43
9 21
9 13
41 48
43 44
43 45
43 46
43 48
43 49
43 56
43 50
43 51
43 52
43 54
11 46
35 54
11 43
41 54
24 48
4 39
28 54
44 45
48 50
39 56
18 54
48 54
33 41
31 51
7 35
20 39
9 10
33 50
6 32
29 52
3 45
