41 54
32 41
9 17
20 30
48 52
2 41
32 33
11 46
0 18
11 50
1 43
1 17
33 55
1 50
6 24
46 52
11 39
7 25
16 45
45 50
10 24
39 53
27 44
1 9
30 39
41 52
10 27
29 48
23 30
1 32
4 12
8 12
8 50
18 50
2 43
20 28
39 48
2 32
36 49
31 50
22 28
36 46
14 32
9 27
18 24
3 43
4 54
13 25
24 39
13 27
20 48
22 33
28 35
3 39
1 35
3 9
6 20
4 53
35 49
27 55
17 49
12 32
9 12
4 43
32 39
1 13
4 6
12 56
10 17
3 35
12 50
1 36
33 50
16 44
28 43
11 30
36 43
12 29
11 43
6 32
43 56
24 48
8 28
1 27
28 54
30 32
27 50
5 56
32 54
0 9
13 33
12 49
8 35
35 36
33 34
6 54
8 43
41 50
13 35
19 44
18 36
10 32
27 52
3 46
16 26
1 54
24 51
9 54
21 50
5 43
35 51
9 43
35 48
18 55
9 50
9 20
9 52
11 54
21 52
9 30
35 54
24 38
21 32
18 51
4 24
9 35
20 43
11 48
1 56
9 32
39 43
2 48
6 35
18 54
9 28
4 56
10 43
27 32
20 45
18 43
3 54
24 52
7 54
4 51
9 56
16 54
0 36
20 55
50 51
29 35
28 50
45 49
9 48
28 30
30 52
11 18
20 27
11 55
23 28
27 39
17 50
35 41
51 55
20 35
32 36
13 14
27 51
12 43
4 48
3 14
12 20
1 41
21 41
24 35
18 48
4 28
1 18
3 55
12 35
6 27
1 29
12 36
13 43
3 32
29 53
8 36
45 48
6 9
33 48
7 43
39 55
44 52
16 56
17 54
44 46
27 30
1 30
0 1
4 50
27 36
30 43
29 52
34 44
46 48
20 39
52 56
2 36
3 28
23 39
12 33
48 51
8 27
43 45
0 30
9 18
16 23
25 52
27 45
34 52
1 51
21 46
18 27
4 13
27 49
18 21
9 49
11 51
24 26
8 24
12 54
3 50
30 41
14 50
17 43
11 20
23 43
48 50
39 52
10 50
9 55
27 29
21 36
39 54
21 43
9 34
41 45
8 33
13 18
27 41
18 32
20 41
50 52
3 56
13 51
8 54
21 55
10 54
27 54
30 36
12 18
17 52
20 24
24 29
32 51
24 43
10 46
24 32
1 52
7 8
9 29
1 4
24 27
9 14
14 43
9 36
33 54
28 39
21 27
13 37
14 22
10 41
27 43
10 34
11 36
36 50
11 12
10 12
50 54
27 35
17 35
36 51
35 46
32 55
3 20
39 41
35 55
10 36
23 35
10 20
29 43
17 29
11 32
33 56
0 43
30 55
16 27
36 54
11 35
51 56
41 43
1 48
8 52
32 48
14 51
4 30
43 46
9 40
20 21
24 33
35 52
32 43
2 12
21 34
32 50
8 9
19 37
3 41
32 35
12 48
11 24
24 34
33 43
31 33
32 34
32 52
50 55
12 39
34 35
34 43
41 55
10 35
43 52
18 35
35 43
12 27
4 32
11 21
35 50
41 48
9 39
18 30
34 50
0 48
10 56
12 52
1 2
3 18
47 49
21 49
6 18
4 9
2 50
0 38
48 55
52 54
48 49
0 21
6 43
49 55
2 6
3 27
29 54
2 11
36 55
21 48
43 55
6 48
21 24
43 48
43 49
13 44
43 50
43 51
1 33
43 54
32 49
8 32
24 55
1 24
2 46
34 46
9 11
11 29
3 33
10 18
4 16
48 54
5 11
24 50
2 55
1 49
30 46
1 38
6 29
33 35
18 56
