9 11
3 48
13 50
21 24
8 51
30 56
2 13
4 12
33 36
18 54
1 43
10 41
13 29
1 50
33 54
12 44
13 20
4 19
24 31
2 52
3 49
3 13
28 44
1 9
37 53
6 10
41 54
14 31
7 30
1 32
8 52
1 17
27 55
11 24
2 43
35 55
28 46
18 39
27 33
8 11
27 49
1 18
3 46
21 54
38 53
27 34
46 48
12 17
41 46
2 27
37 38
27 32
1 7
18 19
1 35
10 35
32 35
16 43
8 48
28 39
30 50
4 50
32 34
35 45
9 41
22 55
33 55
3 27
35 50
30 32
12 27
0 8
30 51
39 50
28 43
10 27
36 43
29 35
11 43
6 54
43 56
1 24
18 55
1 27
41 52
33 47
12 39
35 39
1 51
20 51
24 45
12 48
50 55
3 30
18 21
12 32
18 56
11 33
34 50
17 20
11 34
11 55
23 50
9 21
12 45
1 54
4 32
26 51
27 41
6 9
9 24
9 43
35 48
2 32
9 50
14 54
4 33
48 51
48 50
4 27
9 35
9 20
24 46
0 55
9 44
23 34
20 43
10 54
6 18
9 32
39 43
25 56
5 49
24 34
8 24
1 3
10 43
43 49
1 20
18 43
18 48
1 52
36 39
4 41
41 55
6 51
2 30
35 36
28 50
27 48
6 36
3 35
4 14
1 23
12 20
39 54
8 35
9 13
48 54
10 50
12 36
24 36
11 50
12 50
4 35
3 24
36 49
12 43
18 52
33 35
14 18
27 30
24 32
27 50
11 48
3 43
33 50
1 56
12 35
2 28
8 20
21 28
13 43
4 54
32 52
18 28
43 45
20 52
24 50
7 43
6 55
35 54
0 32
3 54
4 16
48 56
24 30
11 20
10 12
29 39
30 43
4 55
21 32
39 56
41 49
9 36
1 4
34 56
11 16
4 43
3 32
16 24
40 46
9 12
4 36
5 30
32 39
29 43
39 48
11 27
28 35
12 24
8 43
9 54
32 33
10 48
2 11
8 21
13 46
12 54
1 8
18 35
27 36
17 43
13 55
23 43
32 51
41 51
22 43
28 32
23 48
16 41
24 51
2 35
11 56
29 50
9 27
13 49
35 46
10 29
17 18
39 52
3 4
13 28
16 34
32 36
9 49
27 54
30 39
23 32
24 33
0 29
9 45
20 32
24 43
50 54
0 51
29 46
11 54
29 49
11 26
24 27
3 39
14 43
18 51
3 9
35 41
20 54
6 52
12 30
9 33
27 43
20 48
3 50
18 27
48 55
6 32
49 54
27 35
33 44
17 52
51 54
18 36
9 28
6 27
0 20
50 52
48 52
4 34
10 16
9 52
14 29
36 52
0 43
36 48
10 46
20 35
27 39
36 46
41 43
12 56
6 21
32 53
32 55
44 50
43 46
33 48
24 52
11 21
17 35
32 43
27 52
11 30
32 50
24 35
20 33
14 38
6 35
9 16
8 55
52 54
34 44
32 48
18 50
18 33
21 35
32 45
1 21
34 43
28 36
5 7
43 52
18 29
35 43
12 52
10 24
1 10
1 41
45 54
21 50
8 45
17 56
2 33
11 44
52 56
29 52
18 32
1 55
52 55
41 50
30 54
9 48
13 41
10 36
24 54
11 35
21 29
6 43
11 32
48 49
36 50
2 12
27 51
17 49
21 30
43 55
0 21
20 27
43 48
41 48
10 17
43 50
43 51
12 55
43 54
9 25
21 56
49 50
2 3
9 55
21 43
1 39
0 46
9 34
8 36
36 41
1 48
9 18
30 35
14 25
39 51
49 52
30 48
20 55
9 29
22 27
