21 35
21 34
10 18
44 53
6 50
4 48
30 48
8 48
17 55
6 21
1 43
18 49
35 51
1 50
30 33
23 38
12 41
9 39
19 48
20 48
10 54
4 12
18 21
1 9
2 36
12 36
8 35
9 51
21 45
1 32
33 48
13 55
33 54
28 54
2 43
35 55
2 20
17 50
8 50
30 50
14 36
3 34
8 18
12 24
12 30
14 43
9 10
6 43
13 35
29 55
27 41
27 32
3 12
18 39
1 35
35 49
32 35
2 50
12 34
49 50
6 55
0 13
11 56
39 51
32 36
11 21
18 26
4 30
35 50
8 11
12 27
32 49
32 51
36 49
33 50
36 50
36 43
32 46
11 43
32 41
28 43
1 24
11 27
1 27
11 44
12 31
4 35
6 33
30 45
20 29
1 11
48 55
13 54
9 20
4 24
12 32
4 32
27 36
43 44
43 46
10 48
4 39
1 5
46 50
2 46
27 56
2 41
21 32
9 52
18 27
10 49
9 43
35 48
16 38
9 50
6 30
0 39
3 27
48 50
24 32
9 35
2 39
16 36
29 52
4 43
27 34
25 45
9 33
3 49
9 32
9 18
20 27
8 46
45 51
18 54
20 24
21 43
43 49
34 56
18 43
20 43
27 33
10 27
4 9
0 9
50 55
24 45
35 36
23 36
27 48
1 18
49 52
41 48
9 21
20 46
3 29
7 13
27 46
22 53
4 6
26 27
35 56
6 48
12 50
28 52
2 44
49 55
12 43
17 56
39 54
28 41
12 55
16 28
27 50
9 29
3 9
17 25
10 29
12 35
11 51
1 6
11 20
13 43
13 50
30 43
16 18
18 32
24 39
3 56
7 43
20 35
35 54
30 41
24 28
1 41
1 20
36 37
9 54
5 39
28 50
6 38
24 48
30 35
6 40
33 52
35 39
9 55
0 27
35 45
52 55
21 25
21 30
3 32
9 12
1 54
18 55
50 51
29 43
21 50
34 52
29 46
32 56
8 43
28 34
1 39
11 24
50 54
51 55
27 39
29 50
48 51
18 35
30 32
17 43
29 48
23 43
1 4
10 20
27 29
12 17
48 52
41 50
32 55
11 52
33 34
3 33
9 27
9 30
27 55
1 28
18 20
51 54
24 33
32 54
50 52
22 32
8 41
27 54
8 24
4 46
1 52
33 55
7 14
28 35
24 43
20 47
49 54
13 24
20 28
3 55
27 52
10 45
1 48
10 51
11 46
8 33
2 9
32 53
14 35
3 43
3 4
27 43
24 36
18 56
23 56
1 14
39 43
11 29
27 35
3 24
9 41
39 52
9 28
30 44
14 52
0 48
8 54
39 44
24 30
33 43
24 50
32 39
11 23
0 43
0 5
2 52
11 48
33 49
10 50
24 51
43 56
9 24
32 52
9 34
29 56
6 18
22 43
6 27
16 33
48 54
32 43
20 41
7 29
32 50
24 35
30 39
45 50
18 44
1 36
21 36
35 52
19 49
32 48
24 55
11 32
4 10
11 12
4 52
34 43
13 20
14 32
43 52
0 31
35 43
34 41
30 54
2 54
11 14
1 51
8 9
20 56
10 32
13 46
1 55
10 43
4 27
11 54
30 36
12 18
10 35
41 43
9 48
12 54
18 36
3 52
11 35
16 41
9 36
35 41
41 51
36 54
11 50
16 43
8 13
17 27
43 55
8 12
21 41
43 48
52 54
10 39
43 50
0 55
17 21
43 54
16 54
1 3
23 28
2 34
36 51
12 21
17 32
3 54
1 49
12 48
35 46
36 48
21 52
3 17
13 33
37 48
18 24
46 56
24 54
4 18
51 52
