17 24
32 39
16 41
21 36
32 36
11 48
54 56
18 41
3 35
11 30
1 43
0 24
1 21
1 50
1 36
29 39
41 51
29 54
54 55
30 35
23 33
46 55
32 56
1 9
9 30
11 50
9 52
10 50
9 23
1 32
3 9
1 52
1 26
17 51
2 43
35 55
30 34
36 52
41 56
31 39
0 38
10 19
27 56
0 28
32 49
11 52
46 51
6 43
36 50
29 50
21 51
27 32
10 21
48 56
1 35
12 50
32 35
11 55
12 41
37 41
8 50
27 51
4 30
33 56
4 35
51 54
9 56
24 39
35 50
29 55
18 27
18 54
28 50
24 49
21 35
36 41
36 43
34 56
11 43
30 54
28 43
4 8
8 28
1 27
3 46
12 48
48 53
12 30
1 3
48 55
11 29
24 55
8 12
27 36
11 44
12 27
36 40
29 33
24 36
43 46
9 14
10 30
1 20
21 49
1 55
0 32
2 27
0 54
50 52
24 27
36 45
9 43
35 48
39 50
9 50
0 13
11 12
21 33
48 50
24 32
9 35
4 27
12 52
11 27
4 43
21 54
41 48
17 20
7 22
9 32
18 32
32 41
4 12
33 48
0 19
10 34
21 43
43 49
16 34
18 43
20 43
10 35
49 52
14 22
4 28
27 44
11 28
35 36
24 34
27 48
45 54
12 13
30 50
6 35
4 16
12 55
13 33
23 25
5 18
14 25
43 45
8 52
11 14
1 10
6 18
2 24
35 46
12 43
20 32
16 54
1 51
12 49
49 55
27 50
8 54
10 20
22 53
11 36
12 35
4 9
30 52
33 36
13 43
20 28
30 43
18 55
2 11
21 27
9 34
7 43
4 18
35 54
39 54
6 27
13 50
52 55
11 41
9 54
1 33
17 32
20 23
24 48
47 49
17 36
35 49
48 51
20 39
31 48
4 7
9 24
6 29
17 50
34 35
2 50
1 54
12 51
3 44
29 43
3 51
9 51
1 56
18 52
8 43
11 37
4 55
10 36
50 54
9 20
6 48
30 33
34 44
18 35
27 39
17 43
4 20
23 43
13 18
20 48
21 41
0 30
33 54
3 48
43 51
29 32
24 52
2 6
9 27
10 49
50 55
36 54
18 39
8 32
11 32
32 54
9 18
36 39
12 38
27 54
21 32
10 12
30 45
6 28
35 39
12 46
24 43
45 48
29 46
21 50
1 46
27 45
8 10
4 48
1 48
5 28
9 44
1 23
30 56
8 13
9 17
3 43
27 41
27 43
13 17
27 46
21 34
3 16
39 43
11 18
27 35
16 29
4 32
1 2
2 48
14 27
24 54
24 33
32 33
27 33
33 35
33 43
18 50
5 43
35 41
0 43
3 50
30 48
9 13
6 24
39 52
20 52
43 56
49 53
12 20
9 10
3 27
9 28
13 52
32 51
55 56
48 54
32 43
9 46
14 43
32 50
24 35
29 41
13 46
6 7
1 18
3 4
35 52
32 45
32 48
27 52
28 35
39 44
21 55
11 33
34 43
18 29
9 41
43 52
2 55
35 43
25 44
8 9
21 52
3 52
34 36
26 54
6 52
20 27
18 24
9 36
10 24
3 18
20 51
8 56
21 24
51 55
41 43
9 48
12 24
12 33
4 39
11 35
1 41
2 38
18 48
20 46
8 24
49 50
3 49
30 55
17 35
43 55
32 55
41 50
43 48
29 52
32 52
43 50
36 48
9 39
43 54
11 34
24 50
45 50
14 32
39 46
35 51
3 8
18 30
12 18
10 32
20 49
28 54
13 14
2 35
2 16
10 43
6 50
1 39
6 16
20 54
3 28
