3 55
6 10
7 56
10 11
13 30
30 54
1 8
41 49
14 23
34 35
1 43
8 56
44 54
1 50
13 52
18 30
4 8
36 55
13 40
11 44
21 36
18 54
9 17
1 9
7 11
24 54
9 52
52 54
8 49
1 32
27 55
1 39
10 20
1 4
2 43
35 55
8 9
46 48
6 9
27 39
18 55
41 55
17 24
39 44
9 33
30 41
52 56
6 43
14 20
4 11
1 6
27 32
20 36
12 25
1 35
2 10
32 35
2 32
21 50
45 50
9 51
12 22
12 27
33 56
22 49
23 31
8 35
32 45
35 50
33 35
0 3
18 48
2 30
12 20
4 13
9 28
36 43
43 45
11 43
28 54
28 43
45 48
49 50
1 27
13 51
1 12
14 48
17 39
32 39
33 39
21 24
34 55
2 18
17 32
3 33
12 48
41 50
29 36
20 28
43 46
6 55
29 30
12 49
6 48
11 48
16 17
54 56
8 54
50 52
24 27
2 12
9 43
35 48
22 28
9 50
1 10
27 51
6 32
48 50
24 32
9 35
2 52
20 55
32 36
4 43
4 50
24 36
51 52
24 26
9 32
18 32
1 51
8 48
16 34
50 55
3 23
21 43
43 49
10 48
18 43
20 43
4 35
38 46
20 32
4 54
24 41
10 35
35 36
16 33
27 48
32 49
6 17
9 30
24 46
39 55
18 34
12 50
3 29
0 10
11 41
10 27
43 53
6 41
8 50
51 54
0 12
45 52
12 43
12 41
8 29
27 37
18 33
14 35
27 50
12 18
29 32
3 47
16 35
12 35
39 50
21 52
39 41
13 43
48 51
30 43
11 33
13 24
35 46
24 45
7 43
21 32
35 54
30 31
30 49
52 55
28 32
18 56
9 54
7 34
0 25
9 10
1 24
54 55
0 53
51 55
28 50
26 35
6 33
30 48
9 24
6 52
4 27
44 55
11 52
1 54
10 18
11 46
29 43
17 50
33 48
18 23
12 52
8 43
3 12
16 36
17 21
50 54
34 54
36 51
1 2
20 21
18 35
3 39
17 43
9 20
23 43
30 39
49 52
20 24
11 12
9 39
3 35
43 51
1 11
10 52
1 20
9 27
4 24
48 52
29 50
49 54
36 41
4 29
32 54
9 18
27 33
4 48
27 54
35 39
3 54
27 49
24 33
8 32
1 55
24 43
9 36
8 30
27 29
3 27
9 19
32 41
12 55
1 48
20 35
36 44
11 50
11 13
29 39
4 41
3 43
12 29
27 43
11 36
24 48
1 18
32 33
39 43
44 56
27 35
32 46
1 52
18 21
5 35
3 9
21 33
4 56
4 10
20 27
9 45
33 43
18 50
3 56
29 51
0 43
24 34
0 32
46 50
20 48
21 55
2 11
43 56
20 49
27 41
27 36
9 41
48 56
9 12
28 49
11 28
48 54
32 43
11 34
14 54
32 50
24 35
9 13
14 19
20 54
16 46
50 51
35 52
17 41
32 48
18 27
34 52
3 36
39 46
1 36
34 43
2 53
36 48
43 52
12 54
35 43
30 50
10 33
3 18
21 46
16 43
13 21
1 46
36 50
4 18
9 21
6 34
1 3
30 36
28 30
34 39
18 51
41 43
9 48
24 55
21 27
28 51
11 35
23 28
50 56
27 52
30 35
2 38
5 24
6 14
16 27
13 18
43 55
10 24
0 38
43 48
21 56
32 52
43 50
32 55
2 25
43 54
29 48
24 50
5 13
4 36
12 45
35 51
37 49
35 41
28 52
0 41
21 29
8 14
33 46
32 51
20 50
10 43
27 44
27 30
9 11
39 54
11 32
