33 51
36 55
2 18
12 52
32 39
3 32
13 44
2 46
28 44
21 36
1 43
1 6
44 48
1 50
5 39
9 41
39 51
27 55
1 36
10 32
27 29
16 46
16 38
1 9
11 18
24 54
6 24
11 52
2 51
1 32
1 8
8 56
10 54
29 55
3 18
35 55
7 10
12 20
3 27
6 52
4 48
18 39
2 50
45 50
3 37
0 24
30 50
6 43
1 28
13 35
8 30
27 32
35 44
20 21
1 35
29 48
32 35
11 24
8 48
4 36
13 45
8 50
12 27
13 43
12 49
6 17
18 51
29 46
35 50
46 54
7 56
18 48
20 27
21 41
35 41
36 50
36 43
21 33
11 43
41 51
28 46
12 32
30 36
1 27
6 14
1 12
30 54
18 36
9 29
20 36
5 17
16 52
10 18
34 36
0 11
6 34
2 54
27 33
21 35
43 46
48 55
34 35
20 30
31 35
3 9
6 29
12 48
33 55
4 33
24 27
29 47
9 43
35 48
36 49
9 50
10 49
10 11
21 27
48 50
24 32
9 35
4 24
32 51
8 9
4 43
18 54
0 41
20 51
10 39
9 32
29 36
41 52
41 56
27 41
28 49
3 52
21 43
43 49
3 48
18 43
20 43
23 39
9 55
11 51
2 27
20 50
14 30
35 36
9 36
27 48
50 55
16 54
44 55
20 41
18 20
10 33
4 45
16 33
36 41
39 54
9 30
16 51
35 51
33 41
0 45
30 49
12 50
12 43
7 38
24 52
53 56
17 25
18 24
27 50
30 56
12 21
14 43
35 49
12 35
24 55
34 38
9 52
6 12
4 20
30 43
4 35
11 48
21 56
17 50
7 43
36 52
35 54
4 10
1 33
12 34
4 9
17 39
9 54
21 54
48 56
25 35
24 48
9 39
18 41
21 50
14 19
14 35
2 55
39 48
9 24
2 43
18 55
33 50
9 17
1 54
11 12
10 27
29 43
13 23
28 55
5 49
11 32
8 43
50 52
6 32
32 33
50 54
9 46
4 12
0 32
2 28
18 35
11 21
43 44
18 30
23 43
20 48
3 13
41 54
11 17
8 27
13 51
43 51
1 56
8 20
8 54
9 27
0 10
48 52
18 52
29 32
32 44
20 24
32 54
9 12
28 36
3 21
27 54
36 54
28 43
22 24
43 45
9 18
26 52
24 43
51 54
12 18
41 55
16 41
1 18
27 45
10 55
1 48
30 53
22 43
32 49
20 54
24 34
13 48
3 43
4 32
27 43
12 33
1 2
11 20
29 41
39 43
6 51
27 35
3 50
3 55
22 33
28 56
11 28
9 33
14 32
4 39
11 27
12 24
33 43
10 50
13 18
41 48
0 43
9 21
1 31
32 36
2 36
10 35
9 10
13 56
4 8
17 34
20 32
8 32
23 25
18 32
3 14
1 55
48 54
32 43
49 50
46 55
32 50
24 35
21 30
48 49
4 52
0 34
4 46
35 52
29 39
32 48
18 27
14 56
37 50
9 11
3 54
17 43
3 40
19 39
43 52
3 35
35 43
27 30
6 50
8 49
11 54
4 13
12 54
11 33
21 24
24 36
35 46
24 56
20 52
32 52
34 43
1 13
34 48
41 43
9 48
28 29
17 48
12 30
11 35
0 35
26 27
27 52
28 51
30 32
33 45
27 39
50 51
12 55
43 55
27 53
30 55
43 48
39 56
46 50
43 50
23 32
1 21
43 54
39 50
24 50
30 52
52 54
1 39
9 16
23 52
1 34
2 52
46 49
27 49
8 35
1 29
1 24
11 46
10 43
28 45
11 50
9 34
6 9
3 24
