5 25
21 48
8 12
3 35
18 28
27 33
3 50
36 55
23 32
12 41
1 43
30 50
3 27
12 17
36 52
9 55
2 50
31 46
33 50
8 35
34 55
32 45
6 21
1 27
9 36
24 54
4 33
4 17
6 39
10 33
27 28
1 18
29 48
50 51
1 36
18 35
13 33
11 32
0 1
17 32
27 46
24 25
16 37
21 50
35 36
9 46
20 51
4 55
20 56
32 52
10 22
27 32
11 35
27 53
1 35
1 52
32 35
20 49
6 27
1 51
1 10
41 56
10 16
13 43
20 35
14 48
10 30
2 44
35 50
1 3
3 56
54 56
32 41
11 17
8 54
14 35
36 43
28 55
11 43
20 45
36 48
12 32
50 52
50 55
29 35
32 49
4 29
33 55
3 55
1 20
2 41
11 24
6 22
24 55
43 56
6 12
18 52
14 39
13 24
30 35
48 51
1 41
14 43
41 49
29 54
24 32
12 48
3 51
43 45
24 27
28 52
9 43
35 48
8 9
9 50
28 48
4 51
11 12
48 50
2 34
9 35
39 48
9 18
36 46
4 43
54 55
14 32
18 20
8 11
9 32
12 30
13 34
20 50
3 39
18 29
21 39
21 43
43 49
6 8
18 43
20 43
38 43
1 9
0 54
6 29
4 32
28 36
24 41
45 51
27 48
34 35
30 52
24 36
9 51
16 54
4 28
2 9
8 27
4 20
18 30
13 49
9 52
11 55
9 49
33 36
2 27
12 50
12 43
29 36
1 12
46 50
12 49
2 17
27 50
17 28
27 52
8 41
48 52
12 35
27 49
33 35
13 50
27 41
32 56
30 43
4 52
0 13
41 55
9 30
7 43
4 9
35 54
14 33
26 46
35 53
30 48
44 54
9 54
1 5
9 39
4 10
24 48
48 55
9 17
8 51
20 48
11 53
35 55
24 50
24 39
2 43
9 20
7 52
33 48
1 54
23 48
24 56
29 43
3 52
36 45
41 48
36 50
8 43
4 12
39 49
30 33
50 54
10 19
21 56
3 28
11 26
1 11
14 41
43 44
21 32
23 43
0 35
16 33
2 3
27 39
12 39
11 27
43 51
1 6
6 13
21 34
9 27
21 24
35 46
41 50
18 33
12 29
11 20
32 54
9 12
24 29
9 24
27 54
28 54
21 30
12 20
35 41
18 27
39 50
24 43
5 30
12 52
8 55
30 32
39 46
21 49
23 50
1 48
9 23
43 46
1 46
37 44
10 32
3 17
3 43
11 51
27 43
1 34
10 39
10 18
2 45
39 43
27 55
27 35
24 52
21 35
1 50
27 51
10 11
3 32
20 27
44 46
36 54
46 49
33 43
32 36
21 46
34 51
0 43
1 55
47 56
12 19
13 17
10 24
18 24
4 56
30 39
20 54
36 39
23 49
34 41
29 50
33 52
0 21
48 54
32 43
21 40
18 55
32 50
24 35
18 50
4 11
9 29
45 54
30 54
35 52
29 33
32 48
12 24
48 56
41 54
28 43
8 18
17 43
9 41
11 34
43 52
32 34
35 43
13 22
6 35
14 30
2 18
18 32
12 54
8 24
9 28
6 50
45 50
13 31
21 52
18 54
34 43
11 30
2 56
41 43
9 48
33 38
20 36
3 18
20 39
16 38
6 44
7 13
36 49
35 49
10 36
1 16
27 30
51 55
43 55
16 27
0 10
43 48
11 28
18 48
43 50
7 25
6 32
43 54
32 55
0 52
9 11
52 54
0 51
3 36
29 56
3 48
32 51
4 54
9 21
8 52
34 50
1 24
32 39
10 43
16 18
4 35
10 52
11 18
27 44
