3 32
14 27
17 48
1 45
50 54
14 43
2 48
23 49
29 54
3 9
1 43
18 20
6 35
41 50
30 51
19 45
17 30
9 53
3 50
4 10
8 9
18 34
11 18
1 27
1 17
24 54
18 33
2 41
3 27
11 13
3 49
9 54
1 18
50 55
1 12
18 35
30 50
10 20
27 29
35 36
48 51
18 30
11 35
27 30
1 50
13 34
23 32
35 54
10 52
32 52
30 32
27 32
13 33
0 36
12 18
35 41
32 35
6 27
3 16
21 33
11 32
21 46
33 35
21 54
6 43
20 24
23 54
8 35
35 50
1 21
54 56
28 43
3 35
11 20
24 30
28 34
36 43
21 36
11 43
33 50
20 41
12 32
50 52
1 8
11 28
27 33
3 25
46 47
9 33
24 49
3 54
54 55
41 52
24 46
6 21
43 46
18 52
46 51
1 3
49 50
0 9
21 32
1 10
24 29
10 51
24 32
12 48
9 11
8 32
1 24
24 38
9 43
35 48
7 44
9 50
27 49
1 41
1 46
48 50
21 35
9 35
0 27
9 18
4 33
4 43
24 39
18 39
8 12
11 55
9 32
9 46
37 39
14 33
16 52
17 20
48 54
21 43
43 49
30 53
18 43
20 43
36 51
2 30
13 31
55 56
17 36
20 21
10 49
4 8
27 48
7 37
0 1
11 48
2 45
53 54
11 21
5 55
33 48
1 9
2 4
32 45
9 52
2 46
32 55
24 36
12 26
12 50
12 43
35 51
1 52
9 20
18 51
4 35
27 50
9 51
27 52
39 50
48 52
12 35
34 46
48 55
9 13
2 54
28 41
30 43
5 35
19 49
4 30
36 48
7 43
24 56
12 36
3 14
36 55
2 9
39 55
1 55
14 24
25 43
21 45
23 39
24 48
33 55
4 54
11 24
1 28
20 54
6 12
24 50
43 45
34 43
28 32
39 51
41 54
1 54
10 32
18 44
29 43
6 9
23 50
29 32
6 8
8 43
10 11
10 55
34 38
0 17
17 34
34 55
12 27
21 24
14 52
3 6
43 44
20 55
35 44
50 56
11 54
4 41
1 32
32 36
13 35
43 51
36 41
29 30
4 32
9 27
50 51
8 50
28 55
4 48
36 52
34 35
9 41
9 12
24 52
9 24
27 54
28 50
1 36
4 12
20 32
18 27
41 55
24 43
12 41
16 49
45 51
10 34
1 30
27 56
21 49
11 41
46 50
22 25
30 35
10 50
33 52
52 55
3 43
13 32
27 43
28 52
34 48
13 21
36 50
39 43
32 56
27 35
12 24
11 49
9 56
20 33
27 28
8 36
9 10
14 44
28 35
8 21
33 43
1 35
6 45
16 48
0 43
11 50
21 27
2 14
12 55
36 44
1 29
13 30
29 56
11 29
3 29
35 46
6 28
8 41
3 48
8 16
12 52
32 43
0 20
22 40
32 50
24 35
18 50
11 30
10 12
12 49
9 30
35 52
2 27
32 48
2 35
4 27
33 56
0 2
4 50
17 43
52 56
4 29
43 52
18 28
35 43
10 29
12 20
6 46
12 56
18 32
36 54
27 55
18 36
13 43
29 46
4 17
32 41
18 54
8 39
11 52
3 17
41 43
9 48
35 39
18 23
49 54
26 27
30 54
5 50
9 55
48 49
16 33
13 16
32 34
38 51
6 48
43 55
9 39
11 31
43 48
29 48
18 48
43 50
51 54
20 27
43 54
0 3
36 39
39 52
52 54
39 44
6 33
13 56
43 56
32 51
7 10
27 36
4 39
22 39
18 24
39 48
10 43
27 41
16 43
24 51
20 48
20 39
