20 39
50 52
36 41
50 54
30 52
13 35
35 52
8 21
9 52
26 28
1 43
36 48
34 36
39 46
2 13
13 48
27 34
1 20
34 39
4 48
20 35
33 39
8 9
24 27
10 35
24 54
44 48
18 21
37 52
28 56
9 54
49 54
9 18
2 48
40 54
9 55
32 52
10 21
45 54
1 34
20 27
9 56
37 43
13 56
1 50
4 28
8 39
35 54
4 52
29 32
12 51
27 32
18 36
39 50
12 21
11 18
32 35
33 55
49 55
6 33
21 33
9 29
2 3
51 55
6 43
35 56
17 32
27 45
35 50
3 50
24 52
28 43
12 34
10 30
17 27
1 33
36 43
20 48
11 43
0 56
12 48
30 35
16 43
18 48
35 44
33 41
1 18
12 54
6 34
47 49
32 33
32 54
24 49
13 41
3 52
43 46
14 43
12 45
1 27
11 28
28 29
10 12
8 48
13 49
17 31
24 32
4 45
16 41
1 24
9 21
38 46
9 43
35 48
17 50
9 50
12 18
12 32
4 36
48 50
16 25
9 35
18 24
7 51
27 54
4 43
22 43
16 50
16 35
0 34
9 32
1 8
11 36
1 10
14 49
4 54
18 55
21 43
43 49
27 52
18 43
20 43
9 11
0 18
13 55
1 11
9 13
1 41
16 27
9 12
27 48
36 54
27 41
8 30
1 51
12 35
17 49
28 51
14 50
1 9
41 54
12 41
6 10
21 44
30 48
2 23
6 8
21 26
12 43
3 31
27 56
12 30
27 36
4 35
27 50
6 32
10 14
3 20
8 54
28 54
50 55
32 41
52 54
14 33
11 52
30 43
0 20
36 50
2 55
21 55
21 50
1 39
11 17
2 4
13 27
0 46
18 32
18 20
41 48
29 30
8 32
49 53
1 48
29 51
3 5
10 55
18 27
7 34
45 46
24 50
1 13
34 43
20 32
48 51
22 51
1 54
9 41
49 50
29 43
23 30
14 35
25 52
36 53
8 43
9 33
8 18
18 45
12 27
45 55
23 25
12 29
32 51
13 54
52 56
4 12
54 56
12 39
8 35
50 56
0 35
1 32
12 36
33 48
43 51
29 46
38 41
30 50
9 27
24 55
12 24
48 55
3 48
1 30
10 27
20 30
35 41
16 32
9 24
8 24
33 50
3 55
24 33
6 9
3 30
11 54
24 43
24 48
3 9
23 27
36 44
8 34
3 18
21 24
46 51
23 28
3 35
32 49
10 44
1 6
9 39
3 43
32 39
27 43
6 52
10 39
5 21
11 24
39 43
1 55
27 35
46 54
19 29
11 32
46 50
27 51
20 50
10 54
29 35
4 50
3 14
33 43
1 35
4 55
4 23
0 43
29 38
1 36
2 43
33 52
30 49
18 35
7 9
20 36
3 11
39 52
36 55
11 34
20 55
33 51
10 32
6 51
32 43
28 48
17 20
32 50
24 35
5 6
27 46
50 51
35 36
17 24
48 54
10 36
32 48
44 45
2 21
21 32
24 41
30 46
17 43
24 56
0 22
43 52
11 41
35 43
19 43
2 9
2 28
32 36
11 21
11 27
29 50
39 48
13 43
27 33
2 12
3 29
46 52
21 35
18 52
6 11
41 43
9 48
32 34
7 11
4 9
20 56
41 56
2 6
28 49
10 18
39 54
0 52
41 50
18 50
53 54
43 55
24 36
17 18
43 48
16 29
11 50
43 50
30 32
3 28
43 54
30 39
52 55
27 44
48 52
33 35
4 27
14 32
43 56
4 39
11 51
9 36
18 39
12 20
1 46
35 55
10 43
24 30
11 35
4 24
9 20
9 49
