29 32
30 35
21 41
31 54
18 36
13 32
35 52
29 36
10 27
30 48
1 43
16 33
1 51
18 39
1 32
36 52
48 52
0 27
14 30
50 52
49 51
52 54
3 8
24 27
12 21
23 24
23 39
1 11
3 39
29 56
2 39
18 20
2 35
34 48
54 56
24 54
30 55
29 43
16 21
9 12
12 54
5 43
36 55
8 29
39 48
4 48
16 56
35 54
12 31
13 27
2 20
27 32
27 39
12 13
4 52
8 44
32 35
43 44
43 45
2 9
30 54
9 23
6 13
3 55
6 43
27 36
32 52
28 48
35 50
32 54
9 10
28 43
38 49
10 32
43 53
3 32
36 43
3 29
11 43
28 50
18 24
9 18
41 54
34 55
10 37
11 21
46 51
13 28
0 50
9 39
14 23
54 55
20 39
18 48
21 50
43 46
32 33
1 46
1 27
32 41
2 10
33 48
18 27
21 28
24 55
24 32
0 24
24 33
46 52
51 52
50 56
9 43
35 48
4 41
9 50
7 36
11 30
20 55
48 50
9 52
9 35
24 52
2 18
27 54
4 43
10 13
20 44
20 27
8 34
9 32
8 14
1 30
23 34
1 24
6 35
6 11
21 43
10 50
8 24
18 43
20 43
24 29
6 37
11 33
16 18
0 14
28 30
28 36
27 51
27 48
11 50
17 25
1 56
11 46
12 35
11 56
30 39
21 34
12 51
48 54
17 50
20 48
24 41
33 35
6 9
8 51
2 8
12 43
7 24
1 19
4 54
22 47
1 48
27 50
30 50
32 55
9 41
3 23
3 51
10 20
6 50
18 41
1 6
33 34
30 43
9 21
55 56
16 43
3 12
48 51
27 55
2 21
36 54
38 44
1 21
33 54
28 32
4 49
30 32
4 53
30 52
9 36
6 27
4 18
34 46
1 28
45 48
4 10
24 50
9 55
34 43
4 29
12 49
17 48
14 17
10 14
10 48
18 45
13 24
1 55
39 51
18 21
12 18
12 19
11 54
3 54
12 20
4 45
2 34
11 32
32 39
3 9
6 44
24 38
11 18
20 56
49 52
51 54
28 39
18 54
11 24
9 51
43 51
28 41
39 50
25 52
9 27
27 45
18 32
1 29
6 33
20 41
30 36
12 17
36 45
17 36
9 24
24 30
4 16
17 40
10 35
41 50
16 27
36 50
24 43
24 48
32 45
21 54
9 11
50 54
20 52
0 46
9 56
29 54
17 32
32 36
12 52
26 36
0 22
3 43
29 35
27 43
44 49
13 26
9 20
9 17
39 43
11 20
27 35
22 34
13 33
1 13
8 30
48 55
4 32
4 35
46 48
12 50
28 35
33 43
1 35
1 8
8 54
0 43
29 48
1 9
2 43
11 12
35 46
18 35
27 56
5 21
33 49
33 50
39 55
4 50
3 35
33 46
1 54
49 50
32 43
36 41
27 41
32 50
24 35
10 11
32 34
44 51
35 36
34 49
8 43
20 50
32 48
12 32
3 52
27 33
12 41
8 9
17 43
29 39
41 48
43 52
1 36
35 43
50 55
46 53
41 55
8 35
35 49
20 32
36 46
25 41
13 43
4 21
27 30
32 46
11 27
33 55
6 56
7 35
41 43
9 48
7 43
11 55
2 27
13 52
18 52
1 41
5 12
20 51
0 11
27 29
9 45
49 54
3 6
43 55
10 33
35 51
43 48
9 30
14 39
43 50
12 48
3 18
43 54
28 52
1 52
9 14
35 39
12 56
36 49
24 49
43 56
1 50
0 21
21 35
3 4
16 49
10 18
35 55
10 43
27 52
11 35
2 50
3 50
18 55
