0 43
1 4
4 48
24 30
0 36
2 30
39 52
1 18
2 9
28 51
1 43
41 46
0 32
1 50
10 24
20 32
11 51
6 35
24 56
3 18
24 54
10 33
9 14
1 9
4 27
52 54
32 55
21 32
11 50
1 32
32 56
35 52
18 46
18 50
2 43
30 48
33 36
23 52
29 55
24 35
10 52
10 48
44 53
9 27
4 21
3 43
21 48
4 24
0 46
3 21
9 29
0 13
9 20
12 55
1 35
37 52
9 11
16 36
38 46
12 46
41 49
12 32
9 12
4 43
8 50
6 20
1 39
24 36
24 39
33 45
12 50
10 39
17 46
28 43
18 41
3 35
36 43
21 27
11 43
2 6
43 44
24 48
6 56
1 27
32 39
44 50
27 50
39 50
32 54
5 11
25 49
11 27
33 54
7 8
29 35
35 39
8 43
8 27
25 36
9 56
41 50
4 32
27 52
1 55
20 50
1 54
30 35
9 54
36 49
28 34
17 52
9 43
3 20
9 55
9 50
27 49
9 52
27 28
24 33
30 45
10 54
23 56
9 34
23 54
46 54
9 35
1 49
33 52
27 45
9 32
20 27
34 55
11 18
33 49
0 30
46 51
10 43
27 32
4 51
18 43
1 52
9 28
48 56
16 30
0 11
12 53
24 50
4 41
2 29
10 44
35 45
18 56
9 48
6 21
35 49
8 55
11 49
2 11
11 32
35 55
29 32
27 41
35 36
9 10
26 31
13 29
18 35
12 43
27 34
8 35
54 55
8 18
13 55
11 30
1 29
16 50
1 12
3 48
12 35
3 50
5 48
6 11
13 43
3 27
18 34
1 30
17 44
34 36
1 36
32 41
14 43
10 32
10 36
12 24
4 20
16 43
45 50
6 24
21 52
12 52
17 43
43 46
2 35
34 50
16 34
18 55
20 33
13 16
13 27
11 14
20 23
21 35
21 56
9 30
9 18
30 41
30 54
18 28
3 55
6 27
4 50
18 27
9 41
14 34
21 30
28 54
6 30
10 26
49 52
20 43
35 41
32 49
4 12
8 28
48 55
30 55
48 50
10 41
12 21
32 36
20 24
13 34
24 32
21 43
1 20
17 50
3 52
18 20
36 51
18 32
8 32
50 52
43 53
49 54
33 39
9 44
18 38
45 56
1 17
48 49
2 19
50 51
24 55
14 24
24 43
18 36
27 30
9 51
21 24
4 39
4 28
24 27
10 55
28 50
17 48
12 51
13 48
52 55
12 54
33 51
14 32
27 43
22 33
1 2
10 11
21 39
29 39
50 54
27 35
0 6
1 11
1 46
27 29
7 48
12 44
3 29
12 18
4 55
14 39
29 43
21 28
33 48
14 17
29 41
11 54
39 56
33 35
11 48
18 24
9 13
1 48
30 43
32 48
12 39
8 9
6 54
20 48
6 43
12 20
11 41
32 43
32 33
9 46
32 50
1 41
8 36
5 51
32 35
18 52
11 34
3 9
33 43
51 55
23 37
32 52
21 36
13 50
54 56
34 43
30 56
8 17
43 52
36 54
35 43
35 48
27 39
20 35
35 50
38 43
3 12
20 52
27 54
8 48
33 50
31 45
22 54
12 48
29 52
2 22
13 39
9 24
39 43
21 25
27 51
7 47
27 55
0 50
2 54
36 50
23 39
11 29
41 43
19 35
1 3
7 56
43 55
43 45
17 24
43 48
43 49
28 35
43 50
43 51
8 41
43 54
16 28
35 54
12 27
13 32
4 35
2 36
18 48
4 6
36 48
36 52
20 54
48 54
24 46
35 46
3 33
32 51
3 41
3 51
10 49
16 40
41 51
