9 12
1 3
6 10
12 25
1 7
0 5
7 25
0 12
5 28
34 35
2 34
13 32
5 10
12 16
15 33
9 34
4 23
5 35
6 34
10 17
6 17
2 5
2 3
2 12
8 28
15 34
5 7
1 6
0 35
17 35
28 35
3 28
20 28
1 2
3 12
6 12
8 10
10 28
3 7
10 20
8 20
17 28
2 7
5 12
0 2
6 20
16 28
7 35
12 32
8 35
0 1
2 17
6 7
2 8
23 35
7 12
12 14
0 8
10 25
0 17
5 23
21 22
3 10
10 14
2 28
0 10
0 13
5 6
7 9
7 34
10 12
20 25
20 35
12 23
6 19
2 20
5 17
20 33
12 17
12 20
7 28
9 10
12 28
14 17
12 34
12 35
8 12
8 13
2 9
7 17
7 20
8 17
17 23
11 16
28 34
3 20
0 3
0 34
6 35
9 33
3 5
3 17
3 35
17 20
0 23
2 35
10 35
