9 12
2 23
1 20
12 25
0 2
3 23
0 33
0 12
12 23
6 35
0 6
3 8
0 17
7 17
5 34
2 6
6 10
17 20
5 10
9 23
0 28
7 34
7 10
2 12
5 14
16 20
23 28
8 10
17 35
2 25
3 7
6 8
7 28
9 25
3 12
6 12
14 35
3 34
22 32
10 28
14 34
12 15
5 20
5 12
13 17
5 35
11 32
3 10
3 17
2 10
6 20
13 35
0 10
0 7
3 35
7 12
0 35
3 5
5 7
7 8
16 19
1 16
2 20
4 20
1 3
0 20
17 28
3 9
7 20
2 35
10 12
2 5
17 34
1 12
5 28
6 7
8 13
6 15
12 17
12 20
10 35
10 23
12 28
0 1
12 34
12 35
8 12
8 20
28 35
9 17
5 17
9 33
2 7
2 17
10 17
2 28
12 33
8 35
10 34
25 35
21 28
7 35
20 28
6 17
0 34
2 34
8 28
