9 12
15 25
10 17
7 8
5 7
2 7
3 6
0 12
12 23
17 33
10 14
4 10
3 28
2 5
3 17
6 35
2 13
6 16
0 17
12 32
2 35
14 33
6 7
2 12
13 15
11 21
17 28
10 28
16 20
8 32
9 35
1 28
1 3
20 34
3 12
6 12
25 34
28 35
10 35
12 19
17 20
17 35
8 35
5 12
17 34
2 9
10 34
0 10
0 2
2 3
20 23
3 10
3 7
1 5
0 28
7 12
23 35
10 20
12 25
0 8
0 7
0 34
20 35
23 33
0 5
7 28
1 9
5 10
2 28
2 20
10 12
6 25
3 23
7 34
7 35
8 12
34 35
8 34
12 17
12 20
28 34
8 10
12 28
6 10
2 6
12 35
5 6
5 28
12 13
14 17
0 35
6 17
7 9
3 35
20 28
1 12
8 20
0 3
0 20
7 20
5 23
2 17
5 9
16 22
2 8
5 17
7 17
