6 23
5 20
2 35
0 6
2 28
2 5
0 32
0 12
9 12
6 7
2 17
3 10
8 17
3 17
5 35
4 35
6 20
3 20
1 17
10 25
19 34
10 17
8 12
2 12
13 34
1 7
28 35
3 5
10 20
8 28
3 7
17 28
7 28
3 25
3 12
6 12
5 6
0 9
2 20
5 10
23 25
17 35
0 10
5 12
5 7
23 35
0 7
8 10
6 9
7 20
21 32
0 28
2 16
3 28
6 28
7 12
17 20
1 5
6 35
10 28
28 34
12 23
8 20
2 8
7 8
7 17
7 10
20 34
0 3
12 34
10 12
2 34
17 34
14 15
3 35
12 33
7 35
0 35
12 17
12 20
12 14
1 2
12 28
5 17
11 13
12 35
12 25
8 9
5 28
22 23
0 14
9 10
16 34
1 12
2 7
10 16
0 17
0 2
8 35
10 35
2 3
33 35
20 23
15 20
6 17
9 13
33 34
