0 17
0 5
2 20
2 35
17 35
25 35
2 34
0 12
12 25
12 14
28 34
0 23
10 17
6 23
0 6
0 35
1 19
28 35
10 33
5 20
7 9
17 20
6 12
2 12
7 20
3 8
2 7
0 3
12 23
15 16
9 14
17 34
0 10
3 10
3 20
2 3
20 34
2 10
8 12
3 25
3 34
10 23
5 17
6 35
5 7
3 28
2 28
1 9
22 34
5 6
34 35
12 33
1 2
9 28
0 7
7 12
7 10
8 17
6 28
5 34
20 35
7 35
1 12
6 20
5 13
2 6
2 17
3 35
10 20
0 2
10 12
0 20
5 33
8 35
6 10
8 25
4 9
0 28
12 17
12 20
7 28
1 8
12 28
17 28
5 12
12 35
7 17
17 23
7 8
20 21
13 17
5 11
2 8
13 23
10 35
6 7
5 28
8 32
10 16
3 17
9 35
7 14
3 12
12 34
12 16
15 32
10 28
