9 34
7 17
5 10
0 9
2 17
9 15
3 7
0 12
0 8
8 23
0 7
6 35
12 34
7 34
6 25
12 13
7 35
17 22
0 20
2 28
6 10
3 5
6 12
2 12
6 17
8 28
0 35
7 14
7 23
4 32
8 12
6 34
2 35
12 23
1 3
12 32
9 12
17 34
10 17
0 5
3 17
0 17
2 3
17 35
33 35
5 35
10 20
5 28
2 10
5 23
16 19
10 28
1 17
2 5
23 35
7 12
10 14
28 34
20 35
0 10
16 25
28 35
6 7
0 34
1 35
15 20
6 20
9 10
0 3
20 28
10 12
5 17
28 33
5 20
13 21
5 8
6 28
2 25
12 17
12 20
1 7
7 10
12 28
3 28
5 12
12 35
7 8
11 20
14 16
2 6
8 20
1 12
3 35
2 23
2 34
8 10
3 8
34 35
9 17
0 2
13 33
3 10
3 12
12 25
17 28
7 20
2 20
