2 9
10 34
11 33
0 8
1 16
21 32
10 20
0 12
3 7
17 20
0 17
2 23
3 20
10 28
7 8
0 28
2 10
1 5
2 17
2 20
3 19
3 10
6 12
2 12
5 35
28 35
6 34
5 17
5 28
9 12
3 9
2 8
3 5
20 22
20 34
7 17
0 2
6 20
9 35
2 6
5 10
17 28
7 20
8 10
12 34
2 35
5 32
7 28
23 33
13 35
13 28
9 23
0 10
2 15
10 35
7 12
7 16
8 35
0 1
14 25
13 15
1 12
8 23
1 34
7 34
5 7
6 23
0 5
7 10
28 34
10 12
7 14
12 16
12 23
6 25
3 35
20 28
34 35
12 17
12 20
14 28
12 25
12 28
2 3
5 12
12 35
17 34
17 35
0 35
6 10
3 28
12 33
9 17
7 25
8 20
8 12
0 4
6 17
0 6
3 17
6 35
8 17
3 12
2 5
7 35
0 20
10 17
