7 28
12 33
23 35
34 35
11 23
6 35
3 28
0 12
2 7
0 32
7 35
23 33
25 28
5 9
3 6
9 20
0 1
7 8
8 20
12 16
2 25
5 8
6 12
2 12
5 34
7 10
6 7
13 22
33 34
1 7
1 17
20 28
10 35
0 3
2 17
17 28
8 28
2 8
9 17
28 35
8 17
3 16
5 35
3 7
12 34
3 17
5 10
3 34
10 23
5 17
20 35
17 20
0 10
28 34
6 10
7 12
1 2
3 23
5 7
6 20
0 14
12 25
32 35
13 15
9 34
12 23
2 35
0 5
0 17
0 34
10 12
7 20
6 8
2 20
13 14
2 10
0 35
8 10
12 17
12 20
0 28
5 16
12 28
5 20
5 12
12 35
9 12
17 35
0 2
3 10
12 19
2 3
9 25
2 6
10 17
8 12
15 35
20 34
7 14
4 21
1 6
7 17
3 12
2 28
10 20
6 17
10 28
