8 10
3 8
16 20
1 17
0 5
5 35
0 34
0 12
7 20
0 3
2 23
17 35
1 12
3 17
0 2
1 32
6 33
23 35
28 35
0 8
6 28
2 5
6 12
2 12
7 34
1 7
20 33
6 7
6 10
17 20
2 28
3 9
7 28
20 35
3 7
23 28
5 9
5 20
2 35
2 34
1 28
28 34
2 14
12 19
12 34
5 17
13 20
10 23
13 33
17 25
10 35
7 10
0 35
0 20
0 10
7 12
21 23
2 17
25 35
6 34
3 35
12 25
6 35
5 8
10 17
12 23
3 5
2 25
2 7
14 22
10 12
6 20
17 28
9 17
5 10
2 3
2 10
3 28
12 17
12 20
10 20
8 15
12 28
3 10
5 12
12 35
9 12
12 16
8 17
11 16
34 35
5 7
0 13
6 14
20 34
8 12
0 17
4 15
9 28
7 35
7 9
7 17
3 12
10 34
0 6
8 28
8 32
