0 28
2 5
2 20
6 23
3 6
7 32
1 17
0 12
10 35
6 7
5 6
17 35
1 12
0 2
9 28
2 8
2 35
0 17
2 7
2 17
10 17
3 5
6 12
2 12
10 16
0 23
3 35
7 10
14 32
2 34
5 35
15 17
7 34
8 34
12 13
10 33
9 35
6 35
7 28
7 35
3 28
20 25
1 28
14 25
12 34
2 10
5 17
3 10
11 25
2 16
2 6
0 35
1 13
20 35
23 35
7 12
10 28
13 20
0 8
5 28
0 5
12 25
3 20
7 8
0 3
12 23
17 34
7 20
3 21
20 34
10 12
5 23
7 17
14 15
2 33
0 34
6 20
5 10
12 17
12 20
19 22
3 4
12 28
6 17
5 12
12 35
9 12
16 23
3 17
12 33
10 20
0 9
8 28
8 35
0 7
8 12
5 20
8 10
9 17
17 20
10 34
8 9
3 12
6 28
1 7
28 35
28 34
