5 10
6 28
3 8
3 25
2 28
1 12
8 25
0 12
20 34
2 5
23 35
5 33
28 35
0 2
2 8
3 10
2 17
17 28
34 35
17 34
5 17
7 20
0 9
2 12
7 17
28 33
0 5
16 17
12 15
17 35
3 7
4 17
14 35
20 35
3 12
6 12
9 12
1 8
6 10
10 17
1 6
11 22
6 35
5 12
20 23
0 17
2 10
2 7
1 34
10 20
3 28
12 16
5 23
5 35
23 28
7 12
7 34
9 14
0 6
6 9
1 13
8 32
2 35
7 28
7 10
0 3
2 34
13 35
21 32
20 33
10 12
12 25
25 34
0 20
5 14
10 23
6 34
3 9
12 17
12 20
7 8
0 15
12 28
2 20
12 34
12 35
8 12
0 35
0 10
8 20
0 7
2 6
7 9
7 35
3 17
10 28
8 17
10 16
10 35
17 20
6 7
13 19
12 23
2 3
20 28
5 28
3 5
