3 13
12 16
1 20
10 14
5 24
5 12
8 19
0 21
20 24
19 21
10 24
16 22
1 12
8 13
8 10
14 20
22 24
1 21
3 22
0 10
0 13
0 16
6 21
13 24
15 18
13 18
1 10
2 21
6 22
5 20
2 12
12 14
2 15
0 6
1 16
17 22
18 21
17 21
1 22
13 19
10 22
15 20
6 20
3 20
16 20
5 13
10 17
12 18
8 15
2 20
1 13
13 14
8 21
5 16
4 21
15 21
3 21
10 12
10 13
13 15
2 18
2 10
0 20
8 16
18 20
10 20
10 21
5 19
6 12
12 13
19 20
2 24
0 17
12 24
1 17
12 20
12 21
12 22
9 13
5 10
6 13
17 20
1 19
0 12
13 20
13 21
13 22
5 21
14 24
1 6
2 5
8 12
13 16
12 19
20 22
10 16
12 15
6 10
16 24
2 13
1 2
9 21
10 19
3 9
8 24
9 12
8 20
20 21
6 19
14 21
21 22
21 24
1 8
