18 19
6 24
0 10
17 20
5 13
8 24
3 21
15 20
9 21
12 16
6 20
2 13
1 21
16 21
1 20
8 20
15 21
21 22
1 2
1 5
8 19
2 8
2 10
15 22
3 13
12 17
3 12
2 9
6 10
0 21
0 5
1 12
18 22
6 13
1 10
10 19
10 18
8 10
5 12
0 12
14 24
19 20
20 24
2 22
5 10
1 14
16 20
8 12
9 13
1 22
1 13
5 20
8 21
0 13
2 21
9 24
2 12
10 12
10 13
13 15
5 8
2 20
16 22
10 24
12 14
10 20
10 21
20 22
19 22
12 13
13 24
12 18
17 21
4 16
10 16
12 20
12 21
1 6
10 22
12 15
12 22
14 21
13 14
6 12
13 20
13 21
13 22
13 19
5 21
2 19
0 24
5 17
13 17
6 16
8 13
0 20
15 17
19 21
14 20
18 20
6 21
3 20
1 15
0 8
1 16
6 19
12 24
20 21
13 16
3 10
18 21
21 24
16 24
