13 17
8 24
0 2
6 9
5 13
2 10
3 21
8 22
15 22
16 19
0 20
2 13
1 21
16 21
1 20
8 20
2 14
21 22
2 3
19 24
0 12
1 3
10 22
19 20
17 19
2 24
22 24
15 21
8 16
0 21
18 21
1 12
18 24
6 13
1 10
13 18
3 10
10 19
6 22
10 15
10 18
5 20
20 24
6 21
5 10
6 16
16 20
8 12
13 14
2 12
1 13
5 12
8 21
0 13
2 21
10 24
12 22
10 12
10 13
13 15
12 15
2 20
12 14
0 10
1 6
10 20
10 21
20 22
8 10
12 13
13 24
12 17
17 21
0 24
10 16
12 20
12 21
5 8
9 20
16 22
1 16
14 21
17 20
6 12
13 20
13 21
13 22
13 19
5 21
5 16
1 5
0 8
1 15
1 14
8 13
9 12
6 17
19 21
14 20
6 20
12 18
3 13
2 4
5 22
15 20
1 19
12 24
20 21
13 16
18 20
9 21
21 24
12 19
