0 13
12 14
1 20
2 15
17 22
3 20
17 20
0 12
20 24
13 19
10 24
15 21
1 21
5 21
22 24
6 20
9 21
21 22
5 13
10 18
16 24
3 21
12 19
13 24
15 22
3 10
1 10
0 22
8 20
16 20
2 12
1 12
12 15
10 15
9 12
3 8
6 21
8 13
5 8
5 17
10 22
14 20
19 20
5 20
18 19
2 8
12 17
6 19
8 24
6 10
1 13
0 19
8 21
14 21
2 21
15 24
5 12
10 12
10 13
9 13
18 20
1 6
2 10
1 19
18 21
10 20
10 21
20 22
6 12
12 13
0 20
1 18
16 22
12 24
1 22
12 20
12 21
12 22
10 19
17 21
5 6
14 17
1 24
13 14
13 20
13 21
13 22
2 20
16 21
13 15
1 5
8 12
13 16
0 5
0 21
10 16
10 14
6 13
3 6
2 13
19 21
1 16
8 16
2 16
13 18
2 24
12 16
20 21
0 2
9 20
8 10
21 24
4 13
