0 13
6 10
13 24
8 16
9 13
19 22
6 13
18 21
0 12
8 17
5 15
16 24
1 21
16 21
1 20
8 20
0 8
21 22
5 12
2 19
2 12
1 8
10 18
14 20
1 16
14 21
15 22
15 21
10 17
0 21
17 21
1 12
10 24
13 17
3 13
5 13
2 13
10 16
0 6
5 20
1 15
3 17
20 24
6 21
13 18
3 21
16 20
8 12
2 18
12 16
12 19
1 22
2 24
10 19
2 21
0 16
0 10
10 12
10 13
13 19
10 22
2 20
6 20
1 2
1 19
10 20
10 21
20 22
22 24
12 13
4 12
9 12
17 20
0 20
6 8
12 20
12 21
13 14
12 22
5 10
6 19
15 20
1 14
3 16
13 20
13 21
13 22
18 24
5 21
5 8
5 22
8 21
9 24
18 20
1 10
8 10
6 12
6 14
1 13
2 22
12 24
13 15
3 20
9 21
2 10
5 24
12 15
20 21
13 16
19 20
19 21
21 24
12 14
