0 13
8 16
13 24
19 22
13 18
12 16
6 13
18 21
0 12
5 8
2 22
9 10
1 21
16 21
1 20
8 20
1 24
21 22
5 10
6 24
2 12
1 18
12 18
3 20
10 16
14 21
1 17
15 21
5 13
0 21
17 21
1 12
10 24
9 19
13 17
1 5
2 13
9 12
6 16
5 20
1 16
2 24
20 24
6 21
5 16
3 21
16 20
0 22
2 8
6 12
13 19
12 15
14 22
10 19
2 21
0 24
0 10
10 12
10 13
1 8
10 22
2 20
6 20
12 19
4 17
10 20
10 21
20 22
2 5
12 13
14 20
8 12
15 16
0 20
6 19
12 20
12 21
14 18
3 22
6 10
12 22
15 20
13 14
12 14
13 20
13 21
13 22
15 19
5 21
8 13
5 24
8 21
1 22
18 20
1 10
8 10
12 17
0 8
1 13
2 6
12 24
13 15
17 20
9 21
2 10
3 10
15 24
20 21
13 16
19 20
19 21
21 24
3 13
