0 13
14 22
13 24
1 8
13 18
5 12
6 13
18 21
2 18
18 20
13 15
2 14
1 21
16 21
1 20
8 12
2 3
21 22
2 6
8 24
2 10
10 16
3 10
12 14
0 1
19 20
17 19
0 12
5 13
8 22
2 21
1 12
6 10
10 19
13 17
15 21
2 13
12 18
0 20
5 20
5 22
8 20
20 24
6 21
9 12
3 20
16 20
12 17
12 16
6 12
13 19
0 10
0 21
1 24
1 19
4 21
1 22
10 12
10 13
0 8
10 22
2 20
6 20
1 6
1 16
10 20
10 21
20 22
8 10
12 13
14 20
19 21
15 17
2 15
15 24
12 20
12 21
10 24
6 24
5 10
12 22
5 15
13 14
14 21
13 20
13 21
13 22
12 19
5 21
8 13
2 24
8 21
16 19
10 18
5 9
3 12
0 19
22 24
1 13
6 16
12 24
15 20
16 22
9 21
5 16
17 21
1 10
20 21
13 16
17 20
3 8
21 24
9 13
