14 20
14 21
13 24
10 19
13 15
19 22
13 19
6 21
8 24
5 20
22 24
8 13
1 21
16 21
1 20
2 10
5 13
21 22
9 10
18 24
1 18
13 16
5 8
10 16
1 3
1 24
1 19
15 16
13 14
12 24
2 21
1 12
15 21
6 13
1 13
6 12
13 18
12 19
15 20
1 16
3 21
12 15
20 24
10 17
0 12
6 22
16 20
15 24
5 12
4 21
3 13
18 21
10 15
1 22
2 13
8 10
0 13
10 12
10 13
6 10
2 5
2 20
6 20
9 20
0 6
10 20
10 21
20 22
1 2
12 13
0 20
19 21
2 22
3 10
12 17
12 20
12 21
3 12
19 20
5 10
6 24
17 20
14 17
16 24
13 20
13 21
13 22
2 12
5 21
12 16
2 6
8 21
10 22
12 14
18 20
9 13
8 19
0 21
0 5
8 17
0 9
8 20
12 22
0 14
16 18
17 21
8 12
20 21
5 19
8 22
2 16
21 24
1 10
