3 19
14 21
13 24
10 19
13 15
1 14
0 13
6 9
2 10
5 20
14 24
8 13
1 21
16 21
1 20
2 24
9 13
21 22
5 8
13 19
5 19
8 24
1 18
10 16
8 18
1 19
2 22
15 19
0 10
12 24
2 21
1 12
15 21
6 13
1 13
6 21
12 17
12 19
14 20
6 16
3 21
6 12
20 24
5 24
0 12
16 17
16 20
2 16
5 12
18 21
3 13
4 12
1 24
3 24
2 13
10 18
13 18
10 12
10 13
0 6
2 6
2 20
6 20
15 20
5 10
10 20
10 21
20 22
10 17
12 13
0 20
19 21
1 3
10 15
12 15
12 20
12 21
10 22
19 20
10 24
5 13
9 20
1 15
8 16
13 20
13 21
13 22
2 12
5 21
12 16
14 22
8 21
8 10
12 14
18 20
9 21
5 6
0 21
0 22
13 17
17 20
8 20
12 22
8 22
1 22
17 21
8 12
20 21
16 22
0 2
13 16
21 24
1 10
