5 20
13 15
13 24
13 19
5 15
1 6
3 20
6 20
6 15
2 12
13 18
8 13
1 21
8 19
1 20
5 22
10 15
21 22
16 21
15 21
12 14
2 21
12 16
10 22
5 24
8 21
9 22
6 12
14 21
14 18
21 24
1 12
8 12
6 13
1 13
2 18
14 20
12 24
16 19
10 17
2 22
1 5
8 10
13 14
1 2
0 24
12 18
12 22
8 22
6 21
12 17
0 21
1 3
18 21
2 13
0 1
3 21
10 12
10 13
5 10
15 20
20 24
20 22
1 17
16 24
10 20
10 21
2 20
2 14
12 13
0 20
12 19
3 13
5 13
1 24
12 20
12 21
6 10
10 16
10 24
4 13
19 22
9 10
17 21
13 20
13 21
13 22
0 12
2 3
22 24
6 19
19 20
6 16
16 20
0 10
12 15
13 17
19 21
9 21
9 12
2 8
8 20
0 5
18 20
10 19
5 21
0 16
20 21
8 24
8 16
13 16
17 20
1 10
