5 20
13 15
13 24
13 18
8 12
2 22
9 20
6 20
9 16
19 22
17 18
1 6
1 21
14 16
1 20
6 10
2 12
21 22
16 21
14 21
16 24
1 5
12 16
13 19
12 15
13 17
1 8
8 24
2 17
5 10
21 24
1 12
0 12
6 13
1 13
14 22
14 20
12 24
1 2
5 19
19 21
16 22
8 21
2 21
10 22
6 12
9 21
12 22
17 21
4 12
12 17
0 21
16 19
18 21
2 13
5 8
3 21
10 12
10 13
0 6
15 20
20 24
20 22
6 21
8 18
10 20
10 21
2 20
10 16
12 13
0 20
9 13
10 19
5 13
10 14
12 20
12 21
12 14
10 15
10 24
0 13
10 18
2 10
15 21
13 20
13 21
13 22
3 13
22 24
1 22
8 13
19 20
2 3
16 20
1 24
0 15
0 17
12 19
5 6
2 19
0 1
8 20
5 24
18 20
8 10
5 21
3 12
20 21
6 24
8 15
13 16
3 20
1 10
