0 6
12 14
2 22
5 13
13 16
0 16
0 21
16 22
20 24
2 12
2 4
15 21
1 21
16 21
1 20
6 20
5 21
21 22
10 15
8 16
9 10
3 21
1 17
13 24
6 13
12 19
3 13
3 10
8 20
18 21
13 14
1 12
10 22
15 19
2 14
2 5
6 21
18 24
9 12
17 20
12 16
19 20
13 19
1 10
10 19
0 2
16 20
0 13
9 20
1 8
1 13
19 24
8 21
14 21
2 21
1 16
12 15
10 12
10 13
8 17
16 17
2 20
15 20
10 16
22 24
10 20
10 21
20 22
10 24
12 13
14 20
5 18
9 21
1 14
8 10
12 20
12 21
1 22
5 10
0 19
12 22
0 20
6 10
6 12
13 20
13 21
13 22
2 10
17 21
3 12
3 8
8 12
5 20
13 17
8 13
5 6
18 20
13 15
1 24
2 13
19 21
1 15
0 12
6 19
5 12
6 24
12 24
20 21
13 18
5 24
8 22
21 24
18 22
