3 33
10 18
2 32
15 44
3 10
43 61
53 59
38 62
10 63
21 24
2 14
11 59
37 48
37 44
11 15
25 32
32 59
1 49
25 47
35 45
15 38
1 38
11 60
14 37
32 37
9 39
49 56
9 14
33 48
47 53
26 30
12 38
5 38
9 54
40 43
20 48
37 52
24 61
48 56
18 37
48 63
46 59
10 51
48 53
51 59
5 48
57 61
42 56
21 62
19 21
27 46
38 53
38 56
15 22
21 23
59 61
14 32
14 16
43 60
10 33
57 59
15 35
47 59
3 32
7 15
45 53
25 30
51 55
14 35
42 53
14 59
20 45
45 61
53 63
10 52
22 46
55 59
38 61
9 18
31 59
37 61
39 53
38 54
10 48
47 60
30 37
21 61
26 52
28 42
53 54
19 40
32 61
52 53
48 58
20 59
28 61
26 53
32 39
10 16
44 61
48 54
33 37
16 47
52 54
7 54
