37 51
10 24
11 37
7 26
5 10
16 53
14 48
12 54
52 63
10 20
53 54
9 10
53 61
15 55
5 51
37 61
11 33
23 38
26 37
47 52
46 48
10 60
21 56
47 48
31 39
21 52
14 39
38 45
39 56
40 59
30 62
10 47
18 61
28 42
22 24
47 60
58 59
21 53
14 38
35 45
21 48
33 45
46 53
37 56
15 32
32 59
7 53
59 63
15 40
44 61
53 59
48 51
42 53
46 57
26 53
16 20
19 48
32 53
27 45
3 37
14 32
38 59
11 59
37 49
19 38
37 43
21 30
44 59
59 61
3 18
38 61
20 48
38 48
10 61
10 25
16 43
49 59
30 48
43 59
18 54
2 22
9 54
3 54
47 61
35 56
32 61
15 53
37 62
14 55
38 52
1 57
9 32
35 63
33 38
25 48
9 61
2 15
14 25
14 33
15 59
1 52
60 61
32 54
32 42
28 44
