20 22
28 60
18 53
23 59
37 53
33 61
3 54
38 61
15 47
15 61
53 54
10 53
53 61
7 59
45 55
26 42
11 32
37 48
32 37
52 54
38 47
2 9
18 21
7 43
38 39
14 32
16 37
45 46
15 39
24 61
16 57
52 58
37 56
10 42
32 51
5 32
39 44
43 61
14 33
48 63
10 38
33 56
14 26
40 53
38 54
42 59
21 59
19 59
9 12
30 47
53 59
51 62
1 38
19 20
21 38
35 62
10 59
44 53
9 27
48 60
5 15
38 59
48 52
38 51
25 52
21 53
35 37
31 61
2 63
47 59
32 59
21 61
40 60
10 61
30 54
14 37
35 57
49 53
18 28
10 48
1 33
11 46
16 32
47 48
24 48
10 46
15 53
3 14
48 54
3 48
10 15
56 61
20 55
11 59
25 37
14 45
26 56
14 25
9 37
32 45
30 52
22 63
43 59
48 49
44 61
