30 60
15 60
32 61
23 59
20 46
15 30
38 49
12 37
47 61
26 38
9 53
10 59
19 39
7 14
14 45
2 42
10 25
38 48
32 37
30 33
15 48
1 38
11 61
18 52
21 48
1 14
16 53
43 48
35 63
7 18
10 56
32 63
22 37
53 59
51 54
45 54
20 53
28 59
25 48
27 40
33 60
39 56
14 37
32 38
32 45
48 59
46 61
5 11
53 55
47 59
24 59
59 62
3 48
54 57
38 56
21 62
20 47
32 42
35 37
3 56
3 44
31 42
10 51
2 52
14 52
26 53
37 45
14 61
49 61
5 51
33 63
21 54
37 59
28 55
32 43
21 33
16 38
38 61
47 58
47 48
19 59
9 40
16 52
37 53
38 57
53 54
15 53
18 53
10 35
25 61
24 53
48 61
10 21
52 59
11 44
22 26
9 46
37 44
9 48
15 54
43 61
15 39
10 32
14 59
10 61
