16 21
37 51
3 63
33 37
30 61
44 63
15 45
25 59
53 59
9 53
10 20
10 26
38 60
28 38
47 62
38 46
10 35
38 48
20 24
1 53
40 48
47 52
38 61
47 61
32 48
10 59
32 61
37 53
21 51
15 22
37 45
14 59
52 59
15 49
47 59
14 40
10 32
43 47
21 59
39 42
12 61
3 51
9 56
48 61
2 60
32 37
19 61
5 11
38 59
11 53
16 43
10 56
22 54
9 60
2 55
37 52
33 61
9 58
15 48
27 37
15 43
18 32
45 59
26 39
37 59
48 49
30 52
15 25
33 57
20 48
14 46
32 53
39 54
33 54
28 56
14 61
16 59
59 61
19 46
53 62
42 44
32 55
42 52
54 57
14 32
45 48
38 56
18 53
7 10
21 53
10 37
7 21
31 54
3 26
24 53
14 54
30 38
35 48
14 63
18 48
23 35
44 53
11 38
25 61
1 5
