11 38
38 51
24 56
5 33
60 61
38 60
2 38
25 32
15 47
32 57
23 39
37 39
37 38
14 16
47 59
16 37
35 56
38 61
37 63
21 53
3 10
49 58
37 61
61 62
48 59
10 59
1 32
9 56
42 51
32 46
45 48
9 25
15 25
26 48
11 53
48 53
38 52
14 48
21 28
7 47
12 54
19 43
27 56
20 48
18 52
21 54
32 44
46 47
10 53
11 20
59 62
42 53
32 61
3 53
55 61
35 53
9 48
19 22
45 59
26 59
30 43
32 33
32 39
45 53
10 52
31 43
49 51
15 44
47 48
1 40
26 52
2 14
59 61
37 54
28 59
20 61
33 53
10 61
59 60
33 59
37 42
37 55
52 53
54 57
14 63
10 44
21 30
18 54
7 15
14 21
37 48
14 59
54 61
9 45
22 46
16 40
48 61
3 38
24 59
10 18
14 35
10 30
15 38
53 63
5 15
