38 46
16 33
24 43
19 26
14 37
39 61
38 58
10 38
38 43
7 20
48 60
9 30
38 56
14 57
21 53
37 38
5 37
32 59
23 37
37 53
33 59
49 53
7 21
16 62
10 11
42 59
33 39
18 59
28 47
1 53
22 48
37 48
25 59
57 60
11 59
56 61
51 55
14 48
30 32
31 62
47 49
10 48
2 37
20 30
53 60
22 32
3 14
15 54
20 40
46 61
10 61
47 53
24 27
3 32
15 48
14 25
47 48
19 32
44 59
10 18
5 32
39 53
12 53
45 53
1 38
38 48
3 59
25 33
45 63
53 63
52 59
10 54
15 52
21 54
42 48
54 61
26 43
52 61
28 35
32 46
32 61
18 37
42 61
10 51
44 54
9 10
48 61
26 47
15 59
9 11
16 37
21 44
15 45
14 45
35 52
51 56
40 61
52 54
56 59
21 61
15 35
2 55
38 59
14 63
9 53
