19 37
52 61
46 54
10 59
33 52
10 57
43 59
3 38
43 53
10 14
48 61
47 59
15 53
32 59
53 59
10 21
28 48
18 56
48 55
14 53
2 48
11 37
33 38
11 46
14 45
37 59
31 59
30 61
33 53
38 42
22 48
14 51
40 47
30 38
20 54
47 54
35 48
2 5
23 48
39 59
9 38
54 59
9 10
22 26
25 26
33 42
16 24
44 47
25 39
1 10
37 53
1 20
15 45
14 16
48 51
18 63
45 61
7 59
24 61
3 32
38 49
11 21
21 52
53 60
14 56
9 21
15 63
32 58
10 48
14 52
45 47
10 32
37 40
21 43
15 18
37 54
28 38
52 59
3 5
35 53
15 61
60 62
12 61
37 44
32 53
27 61
32 51
42 56
16 32
35 61
9 37
15 20
39 53
7 48
19 26
46 60
49 55
54 57
38 53
32 63
25 61
59 61
44 62
37 38
30 56
