37 45
37 39
15 45
59 61
20 52
38 61
43 49
14 59
26 61
10 37
23 38
1 59
53 60
24 32
22 25
21 44
15 59
37 61
15 55
43 51
30 48
11 53
38 46
1 32
32 54
10 38
43 48
32 59
20 53
10 42
9 59
37 48
33 37
28 56
20 38
35 39
27 44
19 39
56 59
3 54
37 56
19 59
5 14
32 47
21 53
12 54
33 60
54 62
7 15
47 48
18 61
3 10
15 38
16 38
9 48
42 52
28 33
9 37
35 48
3 59
11 37
7 21
52 59
53 59
11 35
21 61
53 63
30 56
46 47
14 16
52 58
2 10
61 63
48 51
26 53
47 54
25 60
10 52
53 61
16 54
25 31
15 48
40 61
9 42
14 47
5 57
14 51
44 57
10 53
49 61
33 59
2 45
10 18
24 46
21 26
22 32
14 48
38 63
38 53
32 40
14 61
45 55
32 62
18 48
30 53
