15 25
48 61
3 61
18 59
16 51
21 40
39 58
14 59
39 59
10 37
10 38
10 19
11 14
25 56
14 24
26 39
10 54
26 37
24 37
51 61
30 48
11 38
23 37
3 53
43 53
30 59
44 48
43 61
33 38
21 37
52 59
37 59
38 53
37 38
18 20
35 61
32 44
19 61
10 46
25 59
20 59
35 57
5 14
48 53
16 21
40 52
33 51
7 53
7 15
20 53
32 47
32 56
21 43
42 47
37 45
1 52
9 47
45 53
48 49
15 56
5 53
26 60
27 53
37 55
35 42
46 60
11 48
45 56
9 10
9 52
2 61
38 60
14 63
48 63
38 59
38 54
30 62
32 53
21 57
42 54
3 31
28 48
47 55
9 32
10 22
61 62
16 22
54 63
12 48
10 61
33 54
1 53
28 44
18 48
2 38
33 59
32 49
59 61
14 52
32 61
46 47
15 54
15 32
15 59
14 45
