44 53
44 46
30 38
32 35
47 48
39 63
15 47
40 51
16 42
30 59
10 38
32 38
32 51
24 48
22 38
10 30
53 59
25 57
37 52
14 33
9 58
11 21
15 53
9 31
48 53
1 37
12 33
14 61
20 37
32 48
38 54
55 59
46 55
37 61
7 52
32 62
15 21
38 61
35 45
24 53
21 53
54 59
11 54
28 53
37 59
26 61
51 53
3 48
18 49
3 39
47 56
52 56
43 63
18 37
45 52
5 56
9 10
53 54
35 38
14 16
5 59
37 60
27 32
22 60
21 42
10 45
40 48
53 60
10 59
2 33
15 61
19 43
56 59
19 37
26 52
54 61
39 46
32 59
21 25
45 54
25 61
48 49
10 48
9 20
11 14
16 61
14 53
18 57
10 47
1 59
2 61
23 47
20 26
38 48
38 62
33 59
32 61
15 59
15 44
7 14
10 43
14 42
28 37
48 61
3 63
