48 52
39 53
38 47
9 38
37 38
3 14
19 53
14 53
14 44
48 49
35 59
44 61
45 53
32 33
38 48
38 43
52 61
15 27
48 61
20 22
30 39
53 59
40 42
30 55
37 61
38 52
26 61
3 61
53 63
45 48
49 63
14 56
46 60
39 61
5 61
32 38
11 21
32 52
35 42
15 61
26 54
38 62
10 58
32 53
10 32
51 53
21 54
25 51
18 57
37 56
5 59
43 45
16 54
10 59
18 59
37 51
10 18
31 57
21 60
20 53
54 61
10 12
28 55
9 30
14 46
10 53
48 54
16 37
14 60
11 52
24 46
48 59
25 43
37 47
2 7
26 62
37 42
1 28
22 32
23 32
35 47
3 59
1 15
20 37
54 59
9 56
33 56
21 63
19 47
44 59
15 25
45 59
14 59
15 48
7 10
37 59
15 21
33 61
40 53
32 47
2 38
9 10
16 48
11 48
24 33
