10 59
21 52
32 55
49 53
52 55
32 48
21 28
37 54
10 60
61 62
3 14
56 61
31 42
46 54
23 37
18 27
45 61
10 37
21 53
1 40
11 59
15 45
22 26
15 53
12 59
5 61
53 56
48 59
15 44
20 32
9 38
47 54
7 59
14 43
30 47
48 62
42 61
22 32
19 48
54 61
48 56
33 53
42 59
24 39
53 59
21 56
25 43
30 49
10 63
33 54
19 33
20 39
37 38
1 58
16 63
59 61
38 63
35 57
38 53
33 61
32 51
11 61
32 59
15 43
32 45
35 53
16 60
14 48
26 37
30 38
25 28
10 38
2 48
39 53
2 20
5 37
38 46
25 47
47 48
9 37
15 54
46 59
45 52
14 44
40 61
18 52
14 51
3 53
24 37
7 48
44 57
3 10
9 14
37 53
9 10
18 59
14 32
11 38
15 61
10 48
21 47
26 60
52 59
16 51
35 38
