14 48
10 62
30 37
39 53
44 53
9 33
14 38
32 46
14 46
3 63
28 35
25 45
15 59
37 39
16 54
53 60
47 52
12 43
37 60
44 52
21 42
15 21
14 56
7 38
58 61
21 25
38 59
43 57
5 53
37 59
33 52
33 56
37 61
9 32
26 54
38 61
10 56
32 48
22 49
30 48
15 53
30 61
54 59
16 22
51 57
61 63
47 48
10 14
24 56
43 61
2 20
38 44
32 45
15 32
38 48
16 47
33 45
9 14
24 53
9 10
48 59
32 47
27 40
40 48
31 42
53 59
25 61
10 48
53 63
15 37
23 54
38 52
26 42
3 59
2 10
19 20
3 18
10 47
48 51
10 39
18 54
21 32
1 55
1 37
59 62
18 59
38 53
11 51
19 37
53 61
38 60
59 61
26 48
32 59
35 61
15 61
11 28
49 53
20 37
21 59
52 55
14 35
5 7
11 54
45 46
