14 59
37 42
30 59
15 33
35 44
25 27
35 60
9 38
46 47
59 63
7 9
25 43
15 59
9 14
54 59
18 53
1 52
12 32
21 37
20 53
22 49
20 48
15 45
32 37
10 60
21 51
38 61
10 14
28 53
14 48
11 32
11 14
18 61
53 62
22 56
37 38
38 63
23 48
2 59
16 30
10 53
30 61
7 54
16 40
14 37
10 43
10 38
39 57
10 40
21 61
32 54
10 56
1 37
2 38
32 33
11 28
33 61
14 57
24 59
37 59
21 48
19 47
54 61
49 63
19 37
26 53
48 55
47 52
26 46
32 58
32 56
5 48
48 54
3 51
21 47
24 48
3 31
15 55
20 61
9 10
5 18
25 53
48 56
37 46
44 62
42 59
45 60
39 59
33 38
15 48
38 54
45 59
52 53
43 52
26 61
15 61
3 47
51 53
39 61
32 53
42 52
16 61
53 59
35 38
44 45
