47 61
22 46
30 35
52 53
7 61
33 48
12 45
19 48
46 56
10 32
5 59
15 19
38 60
28 57
5 54
32 55
1 14
2 10
21 60
20 53
22 53
11 52
52 58
39 45
10 40
21 56
38 39
7 10
37 53
11 43
38 47
28 53
53 61
32 62
15 33
37 59
38 61
23 44
16 37
10 45
15 48
59 61
3 63
31 32
37 56
26 52
38 53
33 46
54 59
21 53
37 47
37 63
10 25
38 59
30 44
48 49
15 32
14 56
53 59
37 61
27 51
30 54
3 14
16 18
14 43
2 26
9 48
25 47
42 54
1 59
20 48
52 61
32 38
47 51
18 32
48 53
35 55
15 18
20 59
10 54
9 14
14 53
38 49
9 21
59 62
37 42
24 63
51 61
11 61
24 48
26 38
32 59
39 60
40 48
14 35
25 48
21 54
10 59
42 57
9 61
15 37
16 61
3 43
33 59
44 45
