52 53
14 19
53 62
15 53
9 10
3 22
9 44
45 54
14 54
10 54
10 53
58 61
31 48
7 59
38 45
19 37
16 56
26 47
26 61
20 38
48 53
44 53
48 51
44 45
24 54
59 62
18 56
2 11
48 59
43 55
38 56
38 59
14 61
20 33
10 59
7 38
59 61
15 32
15 48
18 37
32 47
3 48
53 60
51 63
40 61
16 61
30 37
49 57
30 60
32 33
15 37
22 38
10 39
59 60
35 47
37 46
33 37
10 32
43 57
5 48
53 61
39 59
32 38
11 43
1 21
18 40
15 35
47 61
37 63
10 61
38 52
14 27
32 53
3 46
39 48
37 48
5 24
25 37
21 56
12 25
14 23
32 45
28 35
9 61
32 55
21 47
42 53
2 59
52 59
42 48
14 59
26 63
14 38
20 46
25 28
9 51
16 52
21 53
1 54
11 33
52 54
42 59
10 21
15 30
49 61
