1 59
21 61
39 60
15 53
33 38
46 48
3 61
52 55
38 44
37 47
11 59
47 62
5 48
7 18
45 51
46 57
18 47
21 60
1 35
25 59
10 56
15 44
32 56
54 61
19 48
49 54
25 45
11 37
38 42
37 48
21 33
5 38
48 59
3 53
14 54
38 48
37 61
32 40
48 56
10 52
7 12
47 59
33 52
20 56
15 61
19 61
9 26
21 54
52 53
24 59
9 11
42 45
2 10
32 49
10 16
22 37
43 44
10 53
57 60
35 54
53 61
53 59
32 39
30 38
14 48
18 42
14 35
47 61
48 62
10 15
14 59
14 38
10 32
51 59
26 27
43 48
53 63
38 53
32 61
28 51
37 53
32 63
20 30
21 38
32 37
9 58
16 31
2 54
43 61
25 53
22 40
45 61
16 24
15 20
30 63
9 53
10 59
3 55
26 59
33 37
37 52
15 59
14 23
14 46
28 39
