14 59
11 15
20 32
12 33
33 61
48 59
39 61
53 60
21 26
31 38
38 57
59 62
2 15
20 33
15 59
3 57
18 56
61 63
15 56
25 48
10 16
21 38
2 53
59 61
45 48
22 49
48 53
16 37
32 53
42 53
24 38
35 47
46 59
9 14
11 14
52 61
47 53
32 59
5 38
14 44
35 45
37 47
27 52
48 54
10 44
32 56
5 53
21 37
3 61
9 24
32 37
39 42
43 48
21 32
10 14
37 48
40 53
42 55
1 11
14 51
25 61
51 55
32 38
37 52
35 54
48 49
37 45
47 61
23 51
28 59
7 21
10 26
10 19
10 53
33 63
30 53
18 63
38 61
30 32
3 15
26 52
44 52
14 16
39 59
22 48
59 60
38 43
28 54
43 61
7 53
30 40
61 62
38 47
20 48
18 37
19 58
10 59
45 60
37 54
10 15
25 54
9 46
9 54
1 46
56 59
