56 59
11 23
32 55
10 62
48 57
32 59
21 48
14 53
10 42
32 62
15 53
37 61
21 61
33 60
1 30
18 53
11 14
10 37
21 49
19 57
49 59
38 52
10 59
20 45
12 19
33 47
26 38
27 35
3 48
32 37
3 10
1 39
11 54
14 24
44 48
15 47
61 63
25 35
39 52
22 61
25 51
33 45
18 63
48 53
53 59
26 56
32 53
40 48
32 63
32 38
30 40
20 43
37 43
14 58
9 53
59 61
5 43
31 56
38 60
45 51
16 37
47 53
32 42
3 54
10 35
37 46
25 33
15 46
14 47
16 38
28 37
10 53
7 39
60 61
2 38
5 10
46 48
18 22
48 54
9 15
54 61
44 59
45 52
37 52
14 38
52 59
47 61
15 51
24 53
38 48
16 61
9 61
9 14
21 53
38 59
54 55
20 28
7 44
21 59
54 59
30 61
37 59
42 56
15 26
2 48
