35 51
10 59
37 58
37 61
2 11
16 32
53 54
10 38
14 61
20 43
21 63
39 62
38 61
37 47
18 61
10 46
14 59
33 55
23 42
26 40
15 53
2 53
7 18
60 62
38 48
20 22
27 43
9 14
7 42
33 49
32 63
18 44
9 59
1 48
15 26
3 30
32 59
25 44
15 49
25 57
30 56
3 48
15 45
28 30
32 53
22 26
37 38
47 59
56 61
14 45
32 37
32 54
19 52
5 35
25 59
21 61
33 40
14 48
51 56
16 59
21 56
10 48
48 61
33 47
10 55
38 53
42 54
15 20
37 60
32 61
37 48
38 59
11 19
1 10
37 52
31 57
14 53
28 38
12 24
47 52
53 61
9 24
15 46
3 60
48 53
43 52
5 45
47 48
32 39
16 21
48 59
38 54
11 63
10 52
9 53
14 54
39 51
53 59
10 61
37 59
38 45
35 54
44 53
59 61
21 46
