14 28
24 25
9 59
37 61
43 59
15 38
7 32
1 47
18 42
30 51
45 59
1 10
38 61
37 53
11 52
18 62
14 59
37 54
12 45
38 48
19 23
20 55
10 38
26 62
22 33
26 56
37 44
48 51
9 60
54 61
7 30
32 61
20 33
52 54
21 47
5 48
27 49
21 46
10 61
9 55
32 60
16 48
40 60
15 53
42 58
15 37
28 61
38 53
9 49
48 53
37 43
19 45
32 48
3 14
10 57
35 39
52 53
25 59
11 44
56 57
48 61
38 45
52 59
10 53
21 32
2 21
33 54
20 35
15 21
32 53
37 48
38 59
10 59
32 38
31 47
46 51
14 61
26 39
14 37
2 39
53 61
11 14
44 56
10 54
5 54
40 63
48 52
3 42
16 59
15 61
53 59
24 47
15 22
47 53
25 46
10 32
43 48
18 35
16 63
37 59
30 56
3 63
14 53
59 61
33 38
