24 61
48 61
47 59
58 62
33 53
16 32
15 59
21 46
16 31
37 38
52 57
20 26
14 57
10 46
1 9
7 22
59 61
53 54
35 37
25 45
10 32
33 48
2 25
10 48
19 46
30 43
14 54
48 53
24 54
37 59
3 60
15 61
10 37
26 32
33 40
39 60
19 61
47 52
11 49
44 49
18 52
53 59
56 59
48 59
16 55
1 35
56 63
21 32
37 60
12 61
32 53
37 53
38 48
10 53
2 15
47 62
35 40
18 54
61 63
48 56
14 48
9 27
11 15
37 45
22 45
5 51
37 48
54 61
10 59
47 53
32 38
18 21
7 9
15 21
38 53
20 55
38 47
42 63
5 39
30 32
53 61
32 42
23 44
3 25
10 38
20 28
26 42
15 52
3 59
11 14
9 21
38 61
37 39
51 54
10 61
44 51
28 56
52 59
14 59
14 53
43 48
43 45
33 38
38 59
14 30
