1 57
48 61
22 44
10 48
53 60
15 59
37 54
30 61
20 63
26 56
44 55
20 52
9 53
14 38
40 42
30 52
59 61
21 32
37 38
14 32
10 32
10 54
33 61
9 15
28 30
42 54
32 44
48 53
10 37
32 59
15 55
39 59
14 24
14 60
19 42
47 59
28 40
5 35
3 24
7 56
35 48
53 59
21 49
48 59
46 63
7 58
48 51
26 37
18 37
1 16
10 53
37 59
21 25
20 51
11 54
26 52
27 43
21 57
3 23
15 56
10 61
37 61
45 62
39 49
32 38
15 31
38 48
19 52
37 53
2 45
33 38
14 25
9 11
45 47
38 53
9 43
32 47
11 61
15 33
12 16
53 61
16 18
3 32
33 46
51 60
10 22
5 61
14 18
10 59
37 48
48 56
38 61
35 38
61 63
14 59
47 52
47 53
2 43
54 59
21 53
25 62
46 53
39 45
38 59
48 54
