42 46
1 27
18 25
9 48
38 59
26 63
59 61
15 59
37 61
16 42
37 43
37 39
32 61
48 52
51 52
2 18
9 46
11 28
14 61
20 47
44 60
37 48
37 47
15 54
19 52
14 48
14 54
48 53
20 35
22 56
53 55
37 59
5 59
24 37
20 48
10 61
32 37
14 51
33 45
21 61
23 24
25 33
15 53
48 59
3 61
38 53
10 56
32 48
42 61
53 54
21 52
10 53
21 38
12 49
46 60
45 59
9 47
2 57
16 31
9 11
7 59
10 59
30 32
10 44
38 61
40 47
11 40
25 62
35 62
14 33
3 7
18 51
39 54
28 56
1 54
30 58
10 39
15 21
5 63
30 48
15 38
49 53
14 38
35 55
19 38
3 43
44 63
14 59
56 60
32 33
48 61
53 59
37 53
10 47
15 52
10 54
32 53
26 57
53 61
32 59
26 38
43 45
22 45
21 32
16 38
