21 54
15 21
5 45
16 33
26 62
21 53
59 61
18 43
46 53
37 59
14 61
47 59
5 58
28 60
53 54
20 49
30 52
10 45
40 48
2 63
19 57
3 56
32 61
48 52
27 32
11 46
26 47
48 53
15 19
20 39
47 61
48 61
3 44
9 53
45 51
9 59
10 37
15 53
26 30
12 46
32 47
32 55
22 44
14 59
21 23
35 52
51 52
14 37
31 33
43 60
2 20
14 16
25 40
18 38
30 33
14 38
33 48
10 48
7 24
3 38
10 16
14 48
9 49
45 63
24 48
54 60
10 38
11 42
39 56
1 48
15 59
37 42
10 63
11 56
48 59
35 53
10 61
52 59
18 22
9 51
15 37
54 61
43 59
37 54
38 53
21 25
14 39
10 53
15 61
1 7
37 38
53 59
28 62
32 44
42 47
32 56
32 59
55 57
53 61
35 38
38 61
37 61
32 37
25 54
38 59
