21 39
19 45
53 59
16 44
3 42
10 54
32 59
9 48
38 56
25 55
10 53
11 53
48 54
15 59
11 55
37 59
25 42
35 52
37 48
49 63
46 61
48 59
51 54
26 48
15 61
15 38
9 60
10 31
45 59
37 39
16 33
30 59
38 47
37 53
21 59
21 60
16 18
5 20
15 53
20 30
7 46
10 48
19 51
57 63
52 62
37 61
38 53
1 51
47 53
14 43
30 53
45 56
1 56
3 63
24 43
43 56
3 61
32 33
2 37
12 26
32 45
32 52
32 48
33 59
32 61
9 44
10 14
5 40
32 53
7 26
38 40
25 39
22 28
14 15
37 38
38 48
38 61
48 53
14 48
28 57
10 59
14 61
23 33
18 54
10 32
14 59
47 54
2 21
9 27
37 47
42 60
20 35
21 37
54 58
22 52
15 18
46 52
59 61
53 61
14 24
35 47
44 49
11 61
10 38
61 62
