20 39
32 53
1 62
9 52
14 38
5 53
14 37
37 47
15 37
3 56
19 28
24 60
7 43
3 10
12 30
24 61
51 55
10 39
10 37
21 59
57 62
14 63
7 49
9 11
1 25
2 33
9 53
22 39
42 63
21 25
11 60
14 21
18 47
48 53
16 59
11 28
46 52
44 53
14 59
15 35
10 61
9 46
2 25
26 37
40 60
30 56
37 53
37 59
20 58
3 15
27 44
47 48
16 43
14 15
32 48
26 43
38 54
14 32
33 38
10 53
20 54
10 59
56 57
47 61
45 52
42 61
32 59
47 53
38 53
16 52
48 59
15 42
38 61
18 51
30 59
54 55
38 59
48 61
35 54
26 63
38 48
32 38
37 48
10 40
10 48
53 54
21 38
35 49
54 61
33 61
51 56
33 48
59 61
5 31
21 48
32 37
45 59
18 45
53 61
32 46
32 52
23 59
19 45
22 44
15 61
