20 44
44 45
33 53
22 61
10 21
26 53
37 59
32 33
32 61
14 48
32 48
37 48
10 15
53 61
16 37
9 32
14 20
1 21
46 47
25 35
53 59
35 52
26 46
21 42
42 53
23 47
21 61
9 63
25 58
40 57
56 59
38 59
11 47
26 55
38 61
10 59
14 59
10 61
14 38
3 24
45 53
56 61
32 59
39 43
1 51
48 52
19 63
40 51
53 55
5 18
30 39
49 54
33 37
25 60
15 48
37 56
9 33
3 48
9 15
18 28
32 53
38 54
37 61
52 63
14 37
43 60
15 54
42 46
21 59
38 48
48 61
38 53
32 45
37 54
3 47
10 43
59 61
48 53
15 62
30 61
31 39
10 54
38 51
10 52
14 53
38 44
2 12
5 37
10 38
11 52
27 62
7 19
16 22
18 57
11 60
2 20
47 59
28 30
48 59
24 54
16 59
14 35
15 45
7 49
32 56
