14 30
11 35
15 62
32 57
35 45
37 59
15 37
3 48
26 54
52 63
7 48
58 61
11 49
37 38
14 61
9 19
9 37
15 59
2 42
10 38
19 62
25 52
10 45
10 48
28 59
14 53
20 33
32 37
15 21
33 55
18 44
1 9
9 43
22 37
56 60
33 49
32 38
21 35
40 51
14 59
5 43
46 47
15 52
38 59
21 30
21 45
42 63
37 61
25 53
32 61
23 56
39 56
5 51
38 61
1 47
53 60
53 56
20 37
28 43
33 54
21 53
38 54
32 48
32 53
10 32
26 57
42 48
39 61
25 59
52 54
14 51
24 31
3 18
32 59
3 61
48 53
14 38
14 47
11 22
10 61
53 61
48 59
12 47
10 60
10 47
16 54
38 53
16 39
2 46
27 54
53 59
26 44
10 59
48 61
16 55
15 45
7 59
38 48
24 46
37 48
40 44
18 20
52 53
59 61
30 63
