35 72
17 63
36 91
52 69
36 93
35 57
68 76
41 80
23 77
19 36
2 42
10 66
30 42
77 91
48 61
4 89
19 43
37 39
35 88
18 36
45 81
47 94
36 68
38 46
41 77
65 88
36 55
41 78
58 87
35 52
35 87
36 51
8 42
30 59
54 63
1 32
19 83
32 77
39 46
3 73
22 55
2 18
49 82
23 32
14 90
23 36
35 43
23 54
42 64
21 58
35 65
14 40
18 23
1 22
29 79
29 30
50 94
36 85
36 58
46 52
2 7
32 35
32 36
5 31
13 36
41 43
65 77
30 77
32 54
64 73
35 36
43 86
9 36
6 8
25 62
32 40
36 47
23 35
45 58
36 54
18 73
21 81
10 36
43 93
41 57
21 57
67 70
19 52
7 83
12 36
28 54
52 65
35 81
13 35
32 46
28 42
13 45
5 52
32 43
14 48
26 76
46 53
2 28
39 52
13 92
2 40
17 43
31 32
71 95
5 62
40 50
45 92
31 54
31 48
26 72
40 47
1 57
10 35
30 74
6 48
56 71
78 86
32 59
16 77
