13 36
45 52
18 35
43 59
42 77
79 81
32 73
36 88
42 66
62 76
1 41
8 92
12 86
2 63
14 72
9 36
41 77
36 89
36 47
30 85
2 53
30 58
30 55
22 40
51 90
35 43
43 45
78 87
32 40
36 45
22 73
36 58
23 94
23 31
5 18
45 77
48 68
5 43
48 72
1 19
57 70
35 52
21 35
23 32
19 28
23 36
59 86
23 54
7 83
10 95
30 63
18 93
8 32
14 38
32 46
40 41
41 71
14 48
35 54
13 52
10 35
32 35
32 36
35 91
65 83
26 61
50 64
42 46
32 54
19 32
35 36
19 31
35 64
10 46
36 65
21 77
36 78
6 74
42 82
36 54
54 57
58 62
55 88
41 92
31 35
2 39
42 43
54 77
39 93
6 35
31 46
40 81
32 43
17 18
32 77
50 94
25 52
13 58
21 47
28 87
67 73
28 36
37 49
39 65
4 56
36 76
46 77
26 43
36 80
2 40
29 30
57 81
13 65
52 71
7 29
3 17
23 47
52 69
1 2
36 91
52 68
16 36
5 48
35 57
