5 46
53 67
1 30
13 31
62 88
14 91
14 36
36 93
43 74
1 47
68 83
39 64
13 36
28 54
61 69
35 52
7 55
5 19
36 62
36 70
2 86
28 45
36 65
29 63
48 64
36 58
52 87
10 48
40 81
52 54
23 93
18 43
2 94
35 65
13 87
30 66
57 90
32 52
28 63
68 95
36 79
47 77
21 80
23 32
21 43
23 36
22 86
23 54
19 35
37 83
22 46
32 42
56 81
8 52
45 77
36 82
43 72
30 32
23 35
32 50
77 88
32 35
32 36
5 36
30 58
52 57
9 36
40 59
32 54
35 71
35 36
13 41
2 77
2 43
12 40
3 43
65 78
51 76
35 73
36 54
4 71
19 36
35 77
41 76
35 78
45 92
18 55
32 58
30 42
18 65
40 42
46 52
1 41
40 92
2 41
32 77
45 47
46 89
32 39
14 18
10 49
19 57
41 43
35 57
29 94
8 26
31 73
17 72
31 59
36 50
16 81
48 54
6 91
23 58
25 85
7 35
6 36
48 73
31 77
39 42
38 46
26 42
10 17
21 35
