31 65
72 93
48 55
40 41
4 36
5 58
2 46
19 36
10 41
36 45
35 63
8 55
18 54
14 18
16 36
35 52
67 88
9 82
30 77
36 53
6 52
18 45
54 57
48 86
43 87
5 13
35 83
21 57
2 3
35 54
19 77
32 86
21 42
58 77
41 80
38 64
47 59
39 78
10 21
30 91
30 66
14 77
13 74
23 32
36 58
23 36
8 71
23 54
91 92
36 62
35 39
43 46
13 58
47 78
28 65
40 71
26 48
52 65
32 40
31 72
28 36
32 35
32 36
30 42
32 65
29 73
1 2
37 49
32 54
32 46
35 36
40 94
13 35
22 89
56 90
62 76
46 50
41 48
7 30
36 54
36 81
2 39
35 43
23 43
32 43
17 83
19 35
22 45
51 52
43 57
32 52
29 77
10 25
14 19
17 40
36 93
50 94
23 59
31 42
42 52
41 70
63 68
12 81
18 36
36 92
77 95
5 61
36 76
85 88
46 64
26 57
31 35
6 7
2 77
35 87
28 42
35 47
1 45
36 69
32 73
1 23
79 81
52 68
43 73
