69 76
59 68
26 50
30 41
39 56
21 36
46 57
19 35
32 41
45 77
71 73
86 91
18 73
14 32
8 16
35 77
51 95
9 49
30 77
36 53
57 93
18 45
23 57
68 93
36 64
13 41
35 83
13 81
37 41
35 54
46 77
17 32
19 52
1 58
42 74
1 63
5 35
7 26
41 47
3 19
32 46
14 77
54 65
23 32
36 58
23 36
58 78
23 54
39 43
92 94
21 35
42 61
13 58
22 35
4 38
40 94
40 62
31 52
2 66
36 72
36 39
32 35
32 36
40 46
31 32
65 87
1 2
2 55
32 54
12 28
35 36
40 86
13 35
29 30
36 79
57 76
8 89
63 77
62 87
36 54
25 73
2 43
35 52
43 54
32 43
48 65
36 48
72 88
52 90
45 52
7 52
22 43
52 82
19 47
31 47
48 92
50 78
17 43
5 31
42 43
30 46
30 55
42 81
18 36
36 59
32 77
36 65
6 36
36 67
29 40
70 71
18 35
28 81
10 64
23 83
10 42
2 5
45 91
36 80
6 21
23 28
10 85
35 88
14 48
