55 73
59 62
7 90
28 45
8 64
36 39
40 48
6 48
46 53
18 35
41 86
70 82
26 58
36 61
42 43
35 77
38 40
36 85
46 52
66 74
16 39
2 79
45 54
21 51
9 14
2 40
2 10
36 65
48 58
23 35
30 52
12 43
26 69
1 56
46 81
13 68
25 42
10 52
30 46
28 39
36 93
45 47
65 95
23 32
31 36
23 36
31 81
23 54
1 92
18 46
35 47
3 36
17 55
59 87
4 89
77 87
41 78
78 80
57 77
10 31
14 35
32 35
32 36
1 42
30 32
2 32
7 22
50 91
32 54
13 77
35 36
23 81
13 35
41 83
71 72
19 73
19 31
29 49
35 76
36 54
30 63
40 43
35 52
54 77
32 43
32 58
18 36
36 47
35 88
21 43
36 86
36 67
37 52
41 64
35 45
58 63
36 68
13 43
14 29
50 72
5 65
76 77
65 92
36 57
42 71
32 77
18 94
36 91
19 48
40 42
83 94
5 19
32 73
17 52
6 41
43 57
52 93
21 22
23 57
2 5
28 30
35 62
8 54
32 88
