14 56
5 13
6 54
1 52
47 63
40 71
17 36
41 72
18 77
5 19
2 30
22 29
35 43
36 69
49 91
46 95
23 31
7 35
36 38
40 64
19 43
31 73
36 47
39 66
30 52
42 77
48 77
17 52
25 52
45 46
35 62
8 81
13 83
5 40
36 88
28 30
14 32
32 52
40 51
48 87
13 21
36 58
64 67
23 32
18 36
23 36
43 78
23 54
68 81
7 26
45 58
18 32
86 93
59 70
50 58
19 36
23 77
36 76
35 54
30 43
16 36
32 35
32 36
8 50
28 54
2 32
42 52
2 42
32 54
55 93
35 36
79 89
19 41
4 91
29 68
43 92
10 40
9 46
13 77
36 54
26 76
28 35
2 10
32 42
31 35
22 32
57 63
1 94
80 90
62 78
14 81
21 65
35 48
18 48
21 45
36 57
57 65
36 73
32 43
23 65
35 52
10 43
65 88
35 73
58 85
35 45
35 55
42 94
39 41
46 83
3 77
12 82
31 72
59 87
36 61
39 57
30 37
36 92
47 74
1 53
46 86
41 71
2 41
6 77
