19 65
18 65
86 92
59 72
46 77
46 47
43 80
7 42
19 92
21 46
36 37
35 78
35 65
21 53
1 32
40 42
7 50
71 72
45 52
36 83
23 43
30 32
18 59
22 58
77 94
10 43
31 52
36 81
2 17
35 39
61 76
35 77
52 62
12 14
1 69
1 4
36 49
10 36
22 41
36 88
35 87
73 87
79 91
23 32
36 89
23 36
35 52
23 54
30 58
31 57
5 35
6 29
21 65
48 68
52 91
19 56
43 45
13 36
30 41
16 42
48 54
32 35
32 36
42 43
36 90
13 35
45 76
5 13
32 54
6 41
35 36
32 57
30 77
23 35
32 52
5 64
47 86
30 83
3 82
36 54
42 66
36 57
29 88
39 58
45 77
2 48
38 41
32 63
40 55
40 94
36 63
2 32
32 43
28 55
52 93
46 81
17 26
39 43
14 58
9 93
8 50
85 95
2 73
46 70
47 48
31 36
25 77
41 77
35 57
13 81
62 64
51 67
68 74
10 28
26 36
14 19
40 73
54 71
8 35
31 78
23 28
18 36
18 54
2 40
