17 35
31 36
59 77
14 43
40 46
43 57
13 52
56 71
18 41
21 35
37 52
36 83
31 90
3 36
31 73
30 32
38 80
32 77
28 32
29 66
23 65
2 63
35 87
2 77
46 50
58 64
36 94
1 10
30 77
12 21
47 62
35 43
18 87
36 39
21 78
22 52
36 59
10 58
41 77
8 32
7 41
35 94
19 93
23 32
42 69
23 36
35 52
23 54
22 39
57 65
40 73
36 61
1 13
6 26
30 89
16 64
19 31
39 65
74 88
46 86
48 54
32 35
32 36
18 57
52 76
35 58
50 72
32 42
32 54
2 5
35 36
30 42
13 43
23 35
25 81
36 86
26 72
19 36
36 70
36 54
2 43
45 47
7 68
2 42
29 30
43 65
8 91
55 76
5 48
71 91
54 93
17 19
32 43
42 81
10 41
36 81
28 35
46 49
9 47
36 85
18 35
67 79
40 88
40 78
5 95
14 77
28 40
52 54
36 48
41 45
55 68
63 92
32 45
52 82
57 73
4 53
14 23
6 13
77 83
35 45
46 51
36 58
48 92
1 62
