19 72
41 52
52 54
2 42
1 30
38 41
37 81
23 26
10 45
63 77
21 89
7 64
9 16
17 21
31 55
6 8
77 78
32 77
32 58
18 65
28 36
36 45
8 50
6 64
41 46
47 81
30 78
36 47
68 74
35 57
10 35
29 35
76 88
4 90
1 18
29 36
18 58
22 45
36 67
2 69
36 92
1 71
5 48
23 32
36 80
23 36
14 40
23 54
14 32
19 54
35 52
5 31
2 22
18 36
48 83
36 88
13 35
31 35
32 46
32 52
13 26
32 35
32 36
65 91
40 77
3 70
10 58
59 87
32 54
54 73
35 36
52 73
48 52
23 35
30 87
39 51
14 35
57 81
55 56
36 54
61 65
59 73
2 57
42 77
2 43
25 46
85 92
30 86
52 86
39 41
62 94
13 36
35 43
46 71
13 45
31 43
43 53
21 63
28 46
68 79
43 57
40 42
42 66
35 76
12 43
32 41
47 95
17 30
32 94
5 42
36 62
23 58
50 91
28 77
36 65
7 35
36 82
83 93
40 93
36 49
43 72
40 48
19 39
19 77
