7 68
30 41
32 43
47 57
43 46
9 41
5 30
14 36
8 29
12 78
40 94
41 93
6 28
6 83
66 85
35 72
46 94
32 52
10 65
26 79
71 77
18 23
22 36
1 77
18 28
40 47
39 42
32 73
52 64
52 95
35 76
30 40
2 80
21 42
13 73
5 35
19 31
19 87
36 61
41 57
49 86
36 53
23 81
23 32
43 67
23 36
30 89
23 54
14 17
2 45
25 87
5 18
55 91
48 58
35 71
32 46
18 62
31 54
32 42
54 77
65 77
32 35
32 36
36 57
52 57
3 16
36 70
83 92
32 54
31 45
35 36
52 58
36 65
23 35
28 48
7 36
88 92
8 81
36 76
36 54
10 39
31 35
2 52
1 74
42 52
45 62
32 88
36 51
13 35
22 41
21 90
13 36
35 77
50 58
26 63
54 59
35 43
21 65
40 72
58 86
46 77
2 30
39 50
2 59
1 37
19 35
19 32
10 40
17 91
13 68
29 93
4 45
43 63
43 64
43 73
36 48
42 82
47 56
46 55
38 69
36 78
36 81
14 35
48 77
