19 54
29 52
18 35
35 87
40 42
47 58
40 77
30 83
25 39
2 21
30 42
29 91
35 43
7 80
14 35
36 56
13 77
36 89
36 47
30 81
4 8
13 58
32 46
18 50
5 69
35 77
13 57
2 50
10 88
36 57
32 58
2 58
23 77
21 45
36 48
16 82
6 18
32 52
41 43
57 92
72 77
65 91
86 90
23 32
36 45
23 36
1 64
23 54
61 74
48 52
5 40
18 23
1 63
14 19
32 73
30 45
26 55
31 93
35 54
52 81
10 37
32 35
32 36
35 55
2 38
52 88
63 71
6 31
32 54
43 46
35 36
19 31
36 68
13 36
32 40
14 48
2 46
43 64
22 30
36 54
19 35
28 47
3 36
62 83
35 65
36 53
42 70
54 93
41 66
32 76
78 85
10 46
12 49
42 51
32 77
17 35
46 59
43 48
77 79
39 65
21 43
28 36
23 39
8 41
40 68
36 71
43 95
72 94
65 67
26 41
31 52
22 36
17 87
5 57
78 94
36 59
9 73
7 86
1 76
42 52
28 35
41 73
62 92
45 81
