14 57
21 97
62 83
35 95
19 36
22 80
0 91
49 90
9 24
10 24
44 97
73 95
63 87
20 30
2 71
33 95
50 59
22 87
14 47
64 83
70 97
53 96
0 31
69 71
45 97
14 18
48 64
45 57
14 90
31 67
57 63
38 45
10 57
82 83
40 70
73 97
67 81
77 88
23 44
70 91
10 81
13 67
19 45
9 62
14 59
4 87
35 83
14 92
61 96
2 44
18 48
10 44
0 45
36 75
62 97
42 70
1 61
56 67
52 66
7 91
33 55
21 42
36 91
51 83
13 16
35 45
56 83
38 94
50 95
31 63
52 78
55 82
0 59
35 88
33 56
41 95
2 50
31 91
2 87
75 91
38 70
19 52
51 95
5 83
18 52
67 91
31 56
25 76
62 72
1 45
7 42
38 91
4 25
38 83
41 76
31 83
6 69
10 61
33 59
15 19
57 68
63 67
40 71
2 77
14 26
5 88
9 38
11 57
22 62
50 52
50 60
48 80
33 57
61 62
31 95
6 45
43 70
57 90
49 75
59 78
31 84
9 48
18 82
90 96
33 86
53 61
23 31
15 33
9 88
33 96
5 57
57 88
37 81
20 45
10 83
57 96
50 70
25 69
1 68
48 57
79 82
48 55
58 68
5 64
4 62
9 96
48 72
5 96
48 51
25 26
59 61
49 53
56 72
52 67
13 45
14 72
20 50
2 67
55 63
25 57
44 61
43 83
8 57
61 75
50 71
52 68
40 96
5 91
35 87
84 86
31 43
61 95
41 70
45 80
18 54
2 68
35 38
6 75
4 84
72 96
61 68
5 59
14 53
31 70
32 43
52 84
35 52
5 18
86 87
32 87
1 51
31 62
54 86
63 83
6 61
5 6
33 52
21 32
24 82
51 77
67 69
34 70
2 53
31 76
0 18
33 45
2 84
31 59
40 67
72 98
56 57
72 87
2 64
67 79
6 91
44 66
17 56
5 78
9 55
44 62
96 98
33 87
51 88
26 63
35 68
6 16
10 62
35 41
20 98
50 96
6 73
30 81
1 62
32 57
28 82
42 63
16 61
57 61
4 67
61 82
61 92
9 70
10 33
35 50
67 77
3 72
39 83
10 72
54 71
5 16
56 71
10 56
5 53
18 49
18 81
10 96
38 40
51 75
17 57
17 31
26 32
7 20
71 75
18 66
66 92
2 45
57 59
48 96
52 85
6 98
38 54
81 96
30 79
29 52
2 5
0 87
44 82
56 79
32 35
18 67
56 61
35 62
42 64
14 67
2 25
23 27
52 95
2 75
32 78
25 67
62 66
77 98
17 88
57 76
59 97
33 63
76 86
3 38
18 77
34 58
1 47
60 92
43 97
44 67
36 44
63 80
19 56
2 38
30 53
17 50
42 44
10 90
59 79
61 85
53 58
56 66
67 96
26 60
49 77
13 25
40 83
1 57
32 51
2 60
4 52
62 84
73 82
24 33
56 73
0 22
36 84
18 35
18 57
23 96
53 97
38 57
70 96
40 73
14 35
40 97
61 86
48 97
10 52
21 33
19 53
26 51
10 94
88 96
24 88
50 87
32 81
9 10
52 73
57 94
24 91
29 84
20 61
15 30
58 91
14 51
53 86
0 36
22 48
35 72
36 61
35 63
63 78
4 9
2 96
14 79
52 61
2 47
43 95
30 65
31 75
18 97
27 62
56 97
22 33
10 97
53 63
50 58
31 69
14 83
56 76
54 97
34 53
35 92
55 97
6 48
15 61
41 49
65 97
14 66
90 97
68 85
19 70
56 91
44 50
43 84
21 63
37 86
50 97
69 79
21 45
3 42
11 48
43 75
15 82
