47 97
24 87
50 61
61 87
30 68
53 80
5 44
90 97
81 97
40 45
47 67
38 78
5 61
43 95
44 61
14 34
91 98
24 75
84 85
37 69
66 96
62 86
63 73
70 77
32 96
32 82
56 84
8 96
67 96
31 61
9 82
23 68
31 65
19 62
2 45
38 91
1 9
60 90
18 26
38 87
10 20
18 63
52 83
33 62
5 33
87 88
31 88
33 83
61 97
30 64
31 52
17 52
0 67
4 43
79 83
53 56
31 67
32 56
13 63
26 97
32 44
7 59
35 45
9 56
18 35
35 86
69 70
19 24
38 63
2 52
15 41
40 90
56 83
2 83
17 82
51 72
2 97
38 73
43 91
9 55
14 22
55 94
29 80
50 88
5 49
31 35
20 70
52 88
10 87
6 41
14 61
33 95
18 51
11 30
20 56
5 56
48 82
57 75
53 84
41 79
42 83
36 48
58 91
88 97
60 72
4 62
60 71
44 77
51 77
2 42
2 98
84 91
6 66
66 91
31 85
43 69
36 57
67 82
52 75
66 71
63 64
51 90
22 52
48 96
26 94
14 73
5 20
30 96
55 63
14 55
1 32
18 71
14 54
25 56
25 90
20 67
11 96
27 86
19 50
48 51
16 57
52 84
2 37
42 55
51 61
39 87
33 86
21 97
18 96
57 80
53 83
10 90
17 53
45 48
26 86
52 79
7 83
32 67
4 48
25 91
5 38
31 73
0 5
22 53
40 96
35 48
45 50
40 83
76 96
24 67
34 76
10 32
18 80
6 38
36 49
68 75
72 87
16 18
57 63
53 82
9 59
33 38
18 67
61 96
35 40
6 70
21 45
23 44
0 50
10 33
1 54
23 51
44 57
48 49
35 66
22 68
0 53
14 52
4 96
57 68
18 59
86 92
4 33
2 54
33 97
31 51
14 56
10 19
57 83
10 21
14 35
45 84
6 76
4 86
2 63
50 97
30 61
33 64
0 81
35 69
50 52
53 67
61 75
22 67
48 68
2 66
83 88
54 57
47 70
35 79
2 10
36 45
59 70
72 83
26 95
33 67
10 49
6 57
70 72
48 53
5 70
88 91
13 96
15 64
15 84
3 52
0 86
20 48
2 38
35 76
25 87
25 79
73 95
31 83
63 67
2 18
10 77
35 57
24 84
21 38
59 75
87 91
35 58
0 41
13 81
83 91
70 97
1 87
50 57
48 61
43 76
2 14
52 56
10 14
62 92
10 61
9 51
28 61
42 96
71 81
63 78
45 71
32 62
57 62
57 82
33 75
50 60
10 59
13 57
85 97
42 69
18 76
33 72
35 44
16 95
50 77
3 48
56 96
59 88
2 67
17 97
62 70
2 78
75 83
64 67
34 35
25 95
45 97
67 98
57 72
43 67
50 54
25 97
53 92
31 70
1 15
62 72
40 61
31 79
35 92
55 58
61 63
30 56
31 68
49 95
10 63
25 43
6 56
44 65
15 96
94 97
2 62
45 78
57 81
57 61
2 22
10 57
79 91
31 75
50 70
50 96
3 63
9 45
14 87
26 49
59 95
14 44
18 81
17 45
68 97
62 91
18 56
14 71
9 97
9 38
59 62
6 31
19 52
0 6
9 18
31 72
57 67
61 73
45 56
44 72
42 57
1 75
57 96
19 77
1 33
61 69
52 58
61 95
6 14
42 92
10 97
78 98
36 66
44 56
62 84
91 96
44 59
41 61
21 82
40 63
16 36
58 82
24 32
4 27
5 50
53 77
38 81
5 40
56 59
33 51
57 71
19 82
23 31
7 53
62 73
33 70
52 61
5 52
29 43
36 98
62 88
50 95
21 35
5 57
