9 14
5 40
24 62
35 87
39 67
79 87
88 91
11 63
1 97
25 86
57 97
1 10
33 63
30 62
57 84
87 95
3 50
31 87
44 53
50 83
61 70
78 96
90 96
55 69
43 91
18 87
48 64
1 70
20 73
34 67
63 91
0 10
10 35
95 97
42 61
48 97
67 81
48 70
11 44
87 88
14 56
13 67
19 45
9 62
16 43
50 54
67 94
59 85
61 96
63 88
7 80
13 70
56 75
52 67
5 97
3 62
15 95
67 91
14 70
57 72
5 7
56 88
36 51
32 91
21 61
35 61
10 56
38 55
33 50
31 63
25 90
0 31
41 60
7 63
33 49
31 41
4 50
31 75
10 44
55 77
55 63
19 82
48 50
83 86
44 66
53 67
2 97
52 69
10 62
68 72
14 94
51 97
25 87
31 78
18 75
61 83
6 69
10 61
30 59
35 67
10 97
66 91
40 57
2 77
14 26
14 52
50 79
2 57
22 62
14 50
0 86
48 53
22 98
42 62
23 40
6 45
18 63
57 90
21 52
14 57
31 84
51 61
18 82
58 96
78 86
2 53
32 68
26 88
1 5
33 86
5 57
45 67
32 76
27 57
10 83
23 96
9 94
2 5
33 71
44 60
14 92
31 55
40 58
18 36
4 62
9 61
51 84
5 96
16 51
48 66
47 70
23 53
20 64
48 62
2 13
18 65
20 38
2 88
48 56
80 82
44 61
25 83
59 95
47 75
35 38
35 52
76 77
69 91
61 71
84 86
20 52
67 95
2 37
59 62
18 54
14 90
35 76
48 81
73 83
72 96
45 61
5 59
6 22
2 33
10 57
17 61
52 64
43 66
21 57
86 92
44 96
31 79
15 76
63 83
53 71
38 52
35 58
45 59
21 82
9 84
45 84
38 70
18 53
31 76
1 41
33 45
63 67
31 59
40 84
6 70
1 79
10 18
55 56
57 85
14 96
54 64
17 75
50 78
9 49
2 43
52 61
33 87
9 51
17 88
67 75
32 77
21 44
19 67
20 66
9 50
0 45
81 95
1 62
29 57
28 62
36 83
17 96
57 61
76 96
35 82
61 73
5 73
33 75
35 42
40 67
25 82
33 60
25 92
54 88
35 57
56 83
75 86
56 95
18 59
57 81
38 96
68 97
51 62
2 63
15 31
57 67
52 68
66 71
4 15
14 98
45 48
8 70
30 96
49 73
49 57
2 59
81 96
16 72
52 72
5 50
64 75
44 52
95 96
40 60
19 72
24 56
67 69
32 42
14 95
40 51
23 51
30 90
18 91
2 26
25 49
31 52
43 48
31 72
6 33
2 83
63 95
18 61
19 59
10 45
2 56
53 81
36 96
43 97
45 52
31 36
6 97
17 38
4 38
18 50
9 91
19 44
14 44
59 82
26 61
53 98
19 56
10 68
45 91
30 68
37 63
56 57
72 87
45 57
0 97
54 68
32 61
70 82
2 10
70 73
22 72
36 84
35 45
9 58
6 27
48 49
38 79
24 83
16 18
35 77
34 43
57 98
77 97
10 52
33 41
6 96
6 88
24 35
15 91
24 58
5 70
32 97
32 67
73 92
52 53
83 98
47 84
20 53
4 6
29 79
4 33
36 53
0 57
33 48
35 97
50 61
35 85
78 97
38 77
31 34
56 80
14 42
2 87
43 90
33 96
22 33
38 42
62 65
56 61
22 56
35 96
53 63
5 21
0 82
56 79
2 71
66 75
4 13
57 92
0 87
80 81
32 52
41 44
5 83
26 57
24 25
3 68
31 50
61 91
56 62
26 38
42 72
51 91
50 97
71 83
69 97
30 83
18 71
10 70
82 97
