57 59
44 57
62 95
50 75
65 97
59 95
1 47
71 97
21 67
1 76
31 77
2 41
2 56
25 55
5 25
67 72
78 94
0 72
9 64
75 96
45 73
88 91
14 29
33 84
50 56
52 53
2 75
35 63
13 23
18 83
49 70
14 87
6 61
18 67
2 87
50 70
10 52
10 61
49 81
34 63
50 61
38 44
57 95
4 45
6 38
56 78
53 97
14 70
22 33
6 20
31 35
81 84
61 65
66 71
24 91
53 55
2 68
2 6
31 96
0 84
26 31
41 77
55 71
77 97
51 77
1 80
19 45
23 27
50 96
43 56
48 97
2 33
26 42
2 48
73 78
62 67
32 36
15 33
25 72
50 88
40 79
37 91
35 86
9 61
10 80
11 61
66 91
25 42
72 90
81 96
24 43
18 57
56 82
47 51
6 31
41 56
6 13
2 79
24 52
56 62
59 61
38 77
1 10
14 45
15 42
4 69
62 96
30 40
57 82
10 31
38 96
79 83
62 76
24 55
67 70
4 18
30 72
53 96
9 95
35 75
18 59
45 50
18 62
58 67
52 60
1 96
95 98
38 64
45 56
5 10
5 67
62 66
67 83
38 70
3 94
2 63
36 54
32 52
23 63
21 54
56 91
16 58
5 6
32 97
64 70
45 90
33 52
58 62
67 82
38 83
10 35
0 17
2 44
5 83
32 56
84 97
14 97
62 84
25 88
91 92
20 45
18 87
5 92
22 66
8 61
45 52
35 52
14 91
14 51
22 63
17 18
1 59
77 86
57 68
81 97
10 66
4 83
52 75
19 53
49 75
10 59
0 56
41 57
2 9
10 84
40 76
33 61
62 88
55 63
20 48
42 63
6 57
61 96
2 67
2 86
18 32
20 61
48 70
67 69
14 49
52 57
50 87
10 79
31 45
87 97
31 98
48 90
38 87
35 82
33 70
35 40
56 83
5 57
53 56
5 96
57 96
82 97
26 33
2 72
50 71
44 48
4 5
51 97
9 53
13 45
24 92
45 81
71 72
61 86
10 22
6 33
0 49
2 42
63 76
28 44
82 88
50 69
61 76
51 59
30 59
44 82
2 51
50 84
33 97
35 69
90 96
4 81
50 83
35 57
43 62
9 90
72 82
25 90
62 69
16 63
14 19
56 67
48 95
19 38
36 57
19 57
51 57
18 94
42 59
21 38
31 97
11 87
5 48
48 75
54 73
10 67
36 67
7 96
26 80
57 91
21 44
43 61
52 86
68 92
57 71
75 76
14 67
71 82
91 98
2 5
52 70
54 57
16 44
52 83
66 73
3 68
5 52
5 64
7 33
34 86
40 63
16 43
14 60
4 58
35 61
51 80
40 96
85 97
35 79
25 97
87 95
31 33
10 78
18 72
87 88
91 95
57 92
3 83
82 83
57 61
22 70
9 40
18 73
33 63
52 67
15 83
79 96
10 68
67 68
9 84
29 32
57 67
42 70
43 96
54 83
18 50
38 41
31 70
35 96
19 98
61 75
34 35
27 38
48 96
31 73
75 91
35 97
78 79
63 64
14 31
50 59
53 68
36 43
21 48
53 83
15 88
7 52
19 36
9 73
83 85
87 96
18 20
0 31
32 87
30 36
35 45
35 48
32 95
14 48
14 72
31 57
22 61
18 26
33 56
53 63
17 31
66 98
9 44
25 53
33 59
24 45
51 61
15 56
57 60
52 61
85 91
30 49
32 84
30 97
17 91
20 68
55 69
47 53
61 88
51 95
21 39
44 70
1 62
57 63
0 60
43 88
37 62
6 14
0 81
86 97
44 86
33 53
10 26
40 62
17 77
13 61
44 56
23 50
31 58
