5 57
0 49
62 95
45 96
6 21
56 95
18 19
36 57
21 67
1 76
33 63
52 58
50 83
42 77
19 61
67 72
18 96
0 72
16 42
44 75
45 73
59 64
79 86
33 84
50 56
53 77
2 55
17 63
36 45
82 97
5 67
34 76
40 78
18 59
18 38
42 70
10 32
34 61
48 90
81 82
50 61
38 40
56 84
71 91
38 97
33 43
56 94
42 54
32 63
9 72
37 50
10 96
4 59
66 71
31 91
53 55
1 40
6 81
52 98
34 59
36 41
35 56
2 45
26 51
35 61
14 95
16 19
41 61
31 96
33 97
53 75
2 59
4 20
48 60
70 73
10 67
52 78
26 63
53 72
1 88
6 96
62 75
35 73
40 57
29 75
14 31
66 91
10 14
40 72
21 97
23 81
6 18
32 35
51 63
31 35
41 88
6 57
2 10
24 52
56 63
22 61
48 57
1 10
4 61
62 97
25 56
71 82
30 45
76 82
2 11
38 69
4 31
43 51
45 83
47 50
18 40
69 72
53 56
48 55
75 96
50 84
2 68
57 62
28 71
38 90
61 77
69 88
14 64
10 78
15 82
5 83
35 83
49 53
2 38
42 57
2 63
63 96
35 63
63 95
14 48
44 91
16 18
62 66
33 73
52 64
45 90
6 59
57 91
56 82
38 83
4 86
62 69
13 57
23 83
30 59
78 97
82 87
62 84
32 66
32 43
4 54
52 87
67 92
31 48
8 50
45 59
35 80
14 88
51 98
0 82
35 67
5 35
17 48
2 97
81 97
68 96
10 58
57 75
19 33
67 75
20 61
0 1
21 48
2 98
48 84
14 77
2 42
44 88
55 63
27 72
62 72
67 86
57 88
58 67
16 86
1 52
56 61
25 64
51 75
44 66
17 41
83 87
18 54
43 58
36 81
52 67
67 97
5 61
1 14
6 87
56 70
76 87
18 57
26 68
49 96
37 60
68 97
7 32
35 40
50 85
57 66
3 19
51 69
53 61
13 31
95 96
9 76
31 84
61 86
2 22
2 80
31 79
25 91
5 56
35 59
68 94
15 20
2 17
24 33
22 30
79 96
2 79
14 84
33 61
35 42
24 97
10 44
32 83
84 85
80 92
59 90
10 72
51 70
62 91
63 70
56 62
18 33
38 92
47 71
30 57
45 87
50 52
55 97
18 25
25 41
31 97
2 67
5 91
48 61
6 88
11 70
35 36
44 60
5 6
24 91
49 97
61 97
84 86
51 66
22 95
4 62
5 87
57 82
73 87
70 78
52 70
43 83
44 83
48 83
36 61
44 65
5 52
10 23
7 72
57 86
60 96
10 56
14 33
24 80
35 57
67 91
52 63
26 97
35 79
38 85
25 73
31 33
0 57
49 57
15 87
91 97
39 92
3 15
79 82
45 70
10 54
57 90
5 18
45 64
67 83
15 48
50 95
3 31
56 57
9 43
22 29
57 67
69 94
71 96
31 83
18 50
38 95
22 31
35 96
19 70
61 75
0 79
14 38
50 96
67 73
33 91
49 61
23 65
30 68
87 97
56 59
68 71
43 57
38 53
53 83
13 97
7 75
19 67
9 86
5 76
58 87
25 70
0 51
9 21
30 83
32 45
56 96
32 98
14 36
31 77
57 96
14 67
18 70
25 33
2 53
20 54
14 20
9 44
27 45
10 62
68 81
9 51
10 81
5 40
52 61
18 91
31 92
52 53
52 95
24 62
20 88
44 55
53 70
61 88
13 95
26 48
44 90
9 77
9 63
2 33
96 98
14 62
33 50
0 53
45 52
21 77
33 96
10 26
61 62
9 17
43 47
6 52
44 50
31 50
