70 90
25 35
48 82
83 84
38 71
16 18
1 77
36 82
2 51
41 45
33 92
4 72
14 76
35 57
5 45
43 57
5 71
92 95
61 87
2 56
20 50
45 52
31 72
5 33
33 38
2 62
2 53
18 33
52 62
67 91
15 52
22 76
38 84
57 67
32 91
31 73
19 43
50 56
18 31
56 87
10 56
50 62
2 35
16 21
57 81
24 33
65 78
82 86
15 68
34 44
11 22
67 79
35 98
48 90
96 97
55 62
18 45
25 47
70 98
85 96
43 64
16 22
50 84
87 98
61 83
17 71
16 75
25 61
35 77
5 84
59 75
39 84
6 17
52 87
13 70
2 5
10 23
20 36
0 63
55 69
40 92
33 97
45 75
50 95
50 75
26 67
45 56
21 50
48 71
35 62
80 97
2 83
33 85
2 96
44 87
35 96
56 92
44 72
15 65
1 60
43 48
53 57
38 88
36 51
90 97
25 29
45 78
19 83
60 61
38 83
14 31
79 97
35 69
33 70
10 68
9 49
26 43
19 63
68 91
58 67
55 70
2 48
26 70
54 76
18 61
59 61
6 75
48 58
6 25
1 53
70 83
17 41
4 56
1 14
6 11
90 95
10 54
52 57
14 67
25 72
61 79
6 57
14 42
87 96
33 52
53 75
57 64
45 57
40 75
31 82
4 86
82 97
48 97
78 83
0 2
7 97
4 68
70 88
25 77
33 63
10 88
8 61
64 71
50 96
31 48
2 61
9 10
26 35
18 87
10 67
63 76
59 72
21 28
33 42
66 97
61 62
84 91
50 72
27 87
9 52
83 96
42 73
30 86
14 17
57 96
14 32
17 73
44 70
38 63
59 97
68 97
9 33
5 22
6 96
6 23
61 97
18 41
77 86
5 62
1 24
40 41
20 55
18 20
22 63
14 61
68 90
13 67
5 94
57 62
5 30
18 56
0 18
58 83
19 35
36 49
56 83
50 71
45 63
37 57
15 63
67 82
1 90
43 52
61 91
77 81
38 67
47 97
56 84
78 97
57 61
3 70
32 57
75 92
10 32
0 33
80 88
51 62
61 71
9 56
66 86
76 95
51 61
13 52
33 96
9 61
36 57
44 76
33 48
32 56
41 49
34 52
10 51
44 51
0 62
44 67
23 45
49 57
7 63
31 57
57 85
6 38
14 35
54 58
50 73
14 52
44 53
29 50
35 79
5 82
10 45
31 44
36 50
19 57
31 68
5 91
18 30
52 61
55 87
38 62
88 91
2 52
67 81
19 82
14 50
31 56
42 61
0 59
10 21
35 48
42 53
5 53
2 69
53 91
4 44
10 83
32 94
2 88
35 42
14 72
3 91
18 59
4 96
51 59
0 57
56 96
66 73
21 72
45 48
53 70
49 96
30 97
62 67
63 67
10 25
18 48
64 70
30 57
18 67
32 53
24 72
55 75
24 67
56 97
10 24
9 83
2 81
51 57
69 98
31 96
57 79
77 96
20 54
31 86
20 91
40 96
40 45
60 66
40 43
9 64
67 94
81 86
91 95
36 91
49 97
6 18
26 87
83 97
59 70
38 95
81 95
62 82
67 83
77 88
10 66
1 80
7 59
63 96
31 51
3 43
14 30
48 63
19 69
14 80
69 83
31 60
56 59
24 75
31 52
37 91
2 45
56 57
0 66
13 22
2 44
53 78
9 88
38 47
61 81
23 52
53 54
6 84
9 68
21 35
52 58
62 79
32 42
52 97
82 88
31 35
38 51
26 95
4 32
44 79
15 73
95 96
14 96
53 72
33 50
5 35
34 86
59 63
2 40
31 63
62 84
10 87
40 98
27 66
61 95
61 73
