14 40
45 96
70 75
69 77
44 67
33 96
61 86
4 77
57 85
4 45
2 95
1 14
9 62
57 78
24 51
35 60
63 69
17 56
11 42
3 14
22 79
42 94
44 56
30 55
25 52
18 61
66 97
90 97
36 83
35 96
0 91
0 34
10 76
36 41
48 95
61 64
68 83
52 77
1 98
31 75
26 68
86 96
0 23
18 31
18 49
58 76
7 95
9 33
59 96
42 63
30 75
35 91
50 67
5 67
10 24
61 80
31 92
57 67
66 71
17 38
30 56
43 50
5 86
22 41
67 77
56 57
83 92
10 35
45 87
82 91
25 38
31 52
6 67
18 82
68 91
77 96
53 96
57 63
35 51
57 96
1 18
21 85
49 62
9 83
0 72
35 68
44 61
75 81
6 38
60 88
53 71
51 53
50 53
14 48
18 25
67 97
79 96
35 62
13 63
44 45
10 56
14 91
5 76
10 48
82 88
36 97
13 84
2 24
0 62
21 48
57 87
2 69
52 65
34 97
43 90
45 79
52 96
50 57
19 48
57 98
16 57
31 67
31 86
9 58
45 48
53 59
2 77
22 43
87 91
3 61
5 87
20 96
50 72
10 90
65 72
20 63
40 88
37 62
13 57
52 63
40 92
58 80
20 56
1 67
2 30
61 73
16 82
49 52
29 31
31 44
14 23
33 50
66 88
33 48
9 32
42 84
6 14
61 71
32 75
10 82
60 90
29 70
15 79
31 97
61 97
35 79
18 48
2 52
19 51
57 97
52 57
19 61
15 35
45 66
57 83
54 72
14 78
36 59
47 83
72 96
2 70
10 98
5 38
41 59
49 95
24 95
6 95
56 67
21 34
56 97
69 73
10 86
24 40
44 95
2 37
45 55
32 48
50 61
70 97
53 84
44 57
21 64
33 81
22 71
42 51
19 45
19 67
14 38
52 84
69 81
67 95
63 91
2 18
56 72
5 94
43 68
2 31
58 83
35 56
68 70
25 58
17 82
30 91
63 70
18 73
20 31
61 62
41 62
15 75
35 61
10 54
6 64
61 82
20 62
38 50
1 78
51 56
40 98
10 15
5 73
59 63
31 91
23 67
0 84
10 25
47 87
63 87
25 33
88 96
17 32
5 66
59 85
1 83
59 61
81 83
30 70
4 67
52 53
17 35
14 57
32 72
55 61
55 98
51 52
91 96
59 87
54 71
62 96
44 80
39 57
20 33
10 95
50 55
18 50
18 53
64 96
9 61
84 87
57 88
5 16
2 33
9 95
6 45
9 70
71 72
51 97
11 35
45 53
40 66
71 92
19 55
57 86
64 72
33 56
62 83
0 18
27 60
91 94
10 33
24 57
52 87
22 25
43 88
33 82
32 52
75 97
7 18
50 70
18 40
63 88
33 83
26 50
5 56
45 81
14 76
61 67
8 97
1 45
36 81
80 92
57 84
44 86
25 62
0 44
6 70
61 75
3 82
53 57
83 88
72 97
5 43
67 83
2 23
42 75
70 79
14 36
83 96
2 4
35 52
36 91
51 63
45 61
10 19
33 43
6 63
78 84
67 87
31 35
51 62
18 32
52 79
70 86
14 82
54 91
44 62
4 47
59 90
48 62
40 61
10 69
21 56
22 38
32 66
26 97
50 63
4 28
14 54
2 97
6 50
48 50
52 81
2 87
48 56
48 97
44 96
38 67
4 97
2 53
38 56
21 83
56 96
35 59
15 38
49 90
57 73
26 49
2 73
53 76
41 73
43 77
31 62
9 14
5 35
26 42
31 57
31 59
31 38
53 61
26 70
38 84
27 75
5 68
2 9
7 78
13 97
33 76
6 32
33 68
16 33
