40 43
49 91
9 50
41 82
9 63
33 44
28 91
56 73
25 57
52 79
62 77
67 77
88 96
35 80
26 35
57 79
19 23
4 63
21 51
58 62
31 81
19 59
9 54
10 83
54 86
55 97
5 82
18 95
79 95
53 64
50 73
49 59
53 98
6 45
26 38
23 36
34 95
18 22
45 66
83 97
56 67
0 33
71 92
1 7
33 97
17 42
2 31
61 68
49 97
55 68
48 70
45 57
51 91
24 97
68 79
60 97
10 87
18 57
22 71
19 38
19 53
66 97
14 76
9 45
7 96
7 20
19 48
63 91
88 95
57 76
42 43
5 18
6 95
61 90
83 87
56 68
10 61
19 94
24 33
72 84
6 37
48 92
55 84
39 61
33 85
48 91
33 81
48 88
9 62
20 61
14 32
2 81
21 96
3 18
52 63
52 83
45 67
6 22
21 56
62 66
35 54
14 62
25 61
62 90
5 53
33 49
3 64
35 62
2 80
5 67
1 57
15 45
38 61
55 69
32 67
31 83
26 56
57 87
43 47
53 85
18 70
30 88
2 20
1 59
48 96
67 95
2 25
33 61
44 62
44 61
14 30
51 86
68 75
14 97
42 63
16 48
43 67
10 84
31 58
22 24
2 13
43 98
40 59
5 52
52 56
1 52
53 54
35 36
35 45
51 90
57 67
61 84
33 45
29 49
10 59
38 52
53 82
75 83
40 83
10 41
43 62
57 75
57 61
30 97
53 68
6 53
5 70
16 82
50 51
45 59
63 87
18 63
32 87
18 35
9 52
4 97
15 57
88 98
0 56
10 22
50 83
17 82
37 82
10 35
42 47
71 84
5 91
36 96
8 71
52 59
52 64
30 53
50 91
38 83
5 42
51 65
14 38
59 71
2 61
2 44
60 72
32 57
63 76
31 77
27 73
61 94
53 67
2 38
38 51
83 96
38 64
44 65
45 78
51 77
77 86
38 72
10 62
0 21
6 59
32 83
14 92
64 75
32 56
0 97
70 81
41 97
9 97
48 79
18 32
35 76
50 96
10 13
6 96
63 96
31 45
76 83
14 50
66 84
66 75
23 69
53 56
67 90
5 87
13 33
25 71
36 45
78 82
14 91
14 95
20 52
5 72
2 88
31 57
70 82
78 85
35 70
15 70
23 97
21 45
40 62
61 62
2 9
0 9
25 31
60 67
10 73
57 83
5 33
22 40
31 68
38 56
26 80
72 75
79 87
48 57
31 98
51 67
52 66
5 86
3 44
25 45
56 78
69 73
63 67
91 97
56 94
0 36
17 59
14 18
61 82
52 73
59 96
18 90
31 33
69 77
18 24
1 76
10 44
15 35
31 72
42 44
36 55
2 34
2 96
4 11
36 70
18 52
62 63
35 48
57 96
33 91
49 88
67 73
24 43
31 88
29 84
16 33
6 11
14 66
31 50
2 98
4 57
10 17
34 57
33 70
25 91
2 50
14 70
78 84
57 77
35 87
35 88
6 86
90 91
10 24
25 50
27 75
31 92
63 80
35 57
10 52
32 91
50 61
5 96
14 61
67 72
50 68
70 97
48 52
61 81
4 95
57 72
47 61
14 41
50 82
58 86
81 83
26 30
30 61
44 79
63 75
50 75
38 53
60 96
43 48
52 55
57 69
56 71
56 87
4 40
33 86
18 42
13 31
2 87
62 96
17 87
10 81
21 72
2 75
62 95
31 97
58 70
35 63
19 51
50 86
1 44
61 97
56 61
9 95
44 56
15 26
16 20
96 97
6 83
0 18
67 96
20 57
32 40
58 72
40 56
2 35
54 67
4 44
41 70
92 96
1 96
0 57
69 84
48 67
