38 73
3 59
9 40
48 77
31 75
0 68
30 43
67 78
18 73
25 69
35 53
33 59
9 83
36 56
26 52
81 91
17 44
18 83
35 60
61 77
77 96
0 58
33 62
4 61
15 72
66 77
42 48
25 53
35 72
2 48
45 54
17 21
27 95
45 92
45 86
25 87
18 62
61 90
5 9
42 49
43 71
38 47
32 83
45 73
38 88
14 52
9 61
10 35
18 59
9 42
21 97
20 56
14 34
14 59
10 55
1 57
52 81
43 83
23 51
44 63
41 50
9 67
0 55
21 91
25 56
15 61
52 84
81 85
19 44
14 57
57 61
18 57
32 60
6 33
56 69
35 98
63 84
29 96
33 56
64 83
75 76
70 72
13 73
85 97
23 61
1 84
5 91
48 70
48 87
3 53
14 50
50 57
70 73
40 73
1 34
22 84
52 56
24 63
44 95
10 50
6 43
48 83
51 59
70 78
67 71
57 70
50 53
11 57
42 68
51 58
2 20
87 88
6 11
70 81
61 91
35 52
0 5
14 55
2 95
48 66
53 97
63 82
80 88
17 31
10 28
3 48
0 52
44 45
52 87
53 69
0 10
18 45
70 97
35 40
61 98
4 38
7 54
52 96
2 56
56 63
9 23
6 19
31 96
5 72
14 62
2 57
5 58
54 67
26 41
30 66
2 82
4 60
16 29
18 79
33 76
55 87
75 96
85 95
86 91
10 71
5 83
36 70
10 31
45 62
54 83
45 71
4 84
2 81
25 38
18 52
18 40
18 32
41 91
21 50
4 75
22 33
16 24
19 68
53 75
31 66
18 61
31 82
2 52
19 83
19 61
57 96
21 30
38 68
48 69
45 87
62 97
33 67
0 91
45 51
13 97
40 50
5 6
52 82
44 88
96 97
61 82
10 33
59 97
33 50
2 67
61 97
2 63
81 88
70 96
26 79
33 68
35 48
41 61
16 31
31 91
14 83
31 45
31 72
44 96
68 78
1 52
71 94
42 75
59 84
10 57
51 90
57 66
44 92
39 42
35 57
63 87
7 61
6 61
67 79
26 62
50 62
5 92
20 38
41 52
38 48
6 40
2 18
20 83
32 57
22 57
43 56
33 97
49 95
22 56
50 58
57 77
51 62
31 83
9 62
37 76
35 50
9 44
44 64
6 96
52 79
20 76
75 79
38 87
72 87
10 72
56 97
31 51
2 31
61 70
91 96
44 67
4 62
19 66
53 83
68 96
57 59
35 82
0 27
56 88
56 61
36 86
57 63
49 67
48 61
22 91
67 80
40 84
54 75
38 71
50 67
33 57
32 87
36 59
47 80
57 78
49 53
33 70
60 91
5 43
6 86
34 94
76 97
5 26
30 97
33 53
1 50
2 55
43 84
5 10
63 71
64 66
44 56
36 72
90 98
65 72
92 95
57 62
10 80
10 18
2 65
22 61
67 86
42 83
32 50
82 92
24 96
67 68
35 96
35 38
53 56
9 97
67 82
57 69
14 24
35 51
31 95
62 76
19 63
2 96
50 61
45 59
1 37
5 94
56 82
32 75
25 51
32 96
15 95
33 43
52 86
35 55
10 91
25 84
48 57
15 90
70 86
59 67
17 95
21 35
26 57
14 30
64 82
45 58
45 67
1 70
32 97
17 36
31 61
10 14
78 96
7 57
18 35
5 52
23 31
14 97
53 62
33 96
24 51
62 67
14 25
6 53
38 97
86 98
2 62
8 67
18 24
20 31
79 81
4 97
2 13
14 40
2 36
63 88
10 30
14 95
88 90
13 75
15 98
56 64
87 97
47 79
77 88
16 63
72 73
49 77
63 69
90 96
63 83
49 91
