33 83
45 57
17 67
49 63
73 87
67 97
4 91
57 62
23 79
0 83
35 70
25 44
56 75
2 67
9 71
33 53
88 90
3 57
32 51
31 98
58 63
38 67
11 68
35 72
44 67
76 87
44 72
26 62
20 87
68 71
88 92
32 94
5 67
8 56
56 57
41 83
51 87
13 17
2 69
5 94
62 83
38 41
31 82
33 82
20 97
88 96
22 98
61 96
52 57
10 83
48 96
31 36
24 31
18 72
4 30
63 68
50 87
50 98
1 24
66 71
6 82
27 33
43 79
19 61
35 90
39 52
11 31
10 43
38 42
87 88
62 70
56 62
34 97
20 76
36 55
9 57
61 76
28 79
63 72
9 22
32 33
54 97
31 92
18 82
31 61
5 66
52 97
0 59
14 54
18 59
44 65
73 77
5 48
61 67
70 71
52 85
22 67
10 17
32 61
6 48
9 48
14 44
2 57
32 60
5 83
14 92
25 75
70 79
2 62
2 44
50 97
59 97
84 87
26 95
14 53
58 83
2 97
41 81
18 85
15 87
52 65
18 56
58 80
45 84
20 57
6 55
59 61
48 62
33 57
52 53
3 6
90 91
50 96
19 36
9 50
70 98
67 96
52 82
75 86
17 70
4 24
43 70
25 33
2 4
38 51
52 70
1 35
35 50
52 61
1 40
17 21
35 95
31 81
61 95
42 97
52 59
81 96
16 41
64 79
2 88
82 96
59 64
0 30
21 67
16 63
42 66
30 33
49 91
72 94
9 10
57 84
14 77
18 67
50 77
35 86
51 54
44 62
76 83
20 75
38 95
31 40
9 51
2 35
31 63
13 52
2 50
21 70
18 69
57 96
78 97
31 66
47 62
75 83
6 56
54 96
19 45
50 61
14 83
31 72
10 51
5 56
1 14
35 67
25 63
51 66
5 97
48 50
36 45
60 95
25 57
35 56
9 18
2 55
84 95
45 73
21 36
75 91
50 78
53 84
18 75
35 82
10 35
73 97
15 38
14 55
36 43
32 54
9 91
2 10
61 83
7 14
40 62
55 61
2 52
44 57
43 63
4 33
43 45
78 88
60 96
21 77
10 84
18 44
96 97
47 84
2 53
53 91
77 83
76 95
25 37
61 90
33 56
25 60
30 67
6 33
10 34
50 86
2 43
24 53
30 97
18 66
49 53
5 44
70 82
19 86
10 67
35 87
10 57
20 78
57 69
64 96
6 62
18 31
86 96
57 76
68 92
5 62
33 86
10 15
41 51
38 82
14 96
18 48
53 79
49 68
61 91
61 84
63 73
67 87
0 38
35 61
61 73
26 57
1 61
40 81
15 45
0 81
52 95
58 78
45 69
16 97
72 83
68 83
45 56
13 44
49 71
42 48
0 45
81 82
57 87
45 85
50 63
63 75
35 96
14 57
22 33
10 69
55 77
6 31
52 83
50 79
1 42
59 91
18 42
19 44
25 61
22 24
61 63
63 91
53 75
7 91
2 59
14 63
45 47
27 48
5 57
67 81
15 36
22 58
86 88
50 56
1 71
14 91
53 72
56 92
59 90
19 96
32 72
56 72
29 33
14 62
5 35
7 42
34 80
53 59
23 45
0 4
13 56
57 95
10 96
61 66
48 84
23 96
38 52
64 88
48 56
38 77
32 62
67 98
10 14
29 30
4 6
48 88
43 56
26 97
9 59
0 16
6 57
33 40
26 91
31 68
3 70
21 31
19 23
51 64
2 96
37 52
33 97
38 75
10 40
18 26
2 70
24 68
31 51
5 90
40 97
56 91
71 73
40 53
57 67
61 80
32 52
35 48
62 69
49 57
80 86
95 97
38 45
5 70
