15 28
5 26
14 21
15 18
18 20
5 21
2 29
11 12
11 23
2 23
6 14
6 11
0 5
7 10
10 22
20 28
5 18
9 14
11 14
2 20
15 26
1 23
1 17
7 15
2 5
7 19
5 24
17 26
14 19
3 18
2 14
23 29
3 21
4 11
21 22
8 28
15 29
21 26
12 15
2 11
3 11
11 18
7 13
9 26
0 8
5 7
1 7
7 21
22 26
23 26
6 7
11 22
24 27
3 9
9 18
24 26
11 15
8 17
3 22
20 26
12 21
15 20
9 23
27 29
21 23
3 17
3 12
8 25
10 15
9 19
3 7
14 15
0 19
9 12
13 29
7 12
5 12
5 23
0 7
1 3
12 28
1 19
8 20
24 28
11 21
11 26
7 11
1 12
7 17
3 29
3 20
19 24
10 20
11 28
3 10
1 15
5 8
1 2
2 9
13 16
15 21
5 11
7 14
19 26
3 15
2 18
12 26
1 9
14 26
11 20
1 8
8 14
14 18
12 20
1 14
13 22
21 28
0 11
2 7
0 24
10 26
12 23
14 16
10 11
3 26
3 19
0 15
22 29
21 24
1 11
8 9
20 22
2 26
2 21
14 20
7 9
2 12
26 29
0 2
0 3
7 20
7 23
11 17
10 13
8 22
5 6
5 14
11 13
7 22
5 17
8 21
11 25
0 17
7 29
19 20
20 25
12 18
13 17
5 25
5 10
3 24
6 21
15 22
1 10
