5 17
22 26
20 21
18 26
11 18
0 3
14 23
12 23
2 11
3 11
12 20
4 17
2 28
14 15
11 23
0 24
3 24
19 26
0 1
2 7
9 13
5 22
14 21
15 21
15 19
3 29
20 28
8 12
0 26
20 25
2 13
19 24
21 28
8 21
11 15
7 24
20 29
5 20
10 15
0 18
8 11
1 26
19 23
3 26
11 16
3 19
7 21
1 10
5 12
22 28
7 20
3 5
19 21
12 28
6 9
3 9
7 14
3 18
2 15
10 23
2 29
11 29
7 23
3 20
12 21
5 8
13 26
7 22
6 7
5 7
5 18
15 22
15 20
2 22
11 13
1 14
7 29
14 18
0 5
17 26
3 8
9 23
1 20
17 24
5 15
2 18
17 23
11 12
7 17
3 14
9 21
3 12
3 7
1 7
10 19
1 24
1 22
5 9
8 10
14 27
2 3
9 10
7 8
14 20
19 22
0 21
6 11
15 26
10 20
11 20
5 26
21 29
17 21
2 20
11 14
13 17
14 26
5 23
8 14
1 8
11 26
7 11
3 6
2 26
21 23
7 26
0 14
5 24
12 15
1 11
2 25
1 5
20 26
3 28
0 7
11 22
11 28
9 26
9 22
11 25
10 13
7 18
10 11
10 12
12 25
8 15
14 29
21 26
13 15
8 22
1 27
12 14
1 16
7 9
15 29
6 15
11 24
12 19
17 18
9 11
7 12
0 29
2 5
2 21
