1 27
5 7
8 29
5 26
5 25
11 19
6 26
10 21
16 20
21 29
8 23
3 15
23 29
9 13
7 21
3 17
11 18
9 11
26 28
5 20
2 23
6 11
14 24
3 9
3 26
15 24
1 11
14 17
5 18
8 19
3 29
18 23
10 20
7 23
7 28
18 20
2 11
2 21
3 5
2 24
17 20
3 6
19 22
3 14
5 9
0 28
5 23
8 14
12 13
2 13
11 24
14 21
2 26
3 8
7 18
18 22
11 15
9 17
13 14
5 21
0 15
1 5
14 19
11 12
7 10
3 7
1 2
20 22
20 26
1 15
0 14
8 17
14 26
19 26
12 24
15 29
3 12
7 9
22 23
0 5
6 12
5 8
0 21
12 22
7 20
10 11
12 28
20 23
25 28
9 12
9 22
3 21
15 20
3 19
10 14
3 13
0 12
8 11
10 27
20 21
11 26
13 28
1 22
2 7
2 18
10 29
15 18
11 20
21 25
10 19
1 7
5 12
3 10
0 11
5 11
2 12
6 7
11 14
21 26
2 15
7 29
7 11
14 20
1 21
3 11
11 22
1 3
1 8
2 17
20 24
1 13
12 15
9 21
7 17
5 15
15 22
10 26
1 14
7 12
2 5
4 21
17 26
18 26
9 23
7 8
2 14
11 16
0 22
1 24
8 9
24 26
15 19
11 29
0 29
7 15
7 26
0 26
11 17
12 26
23 25
19 20
7 22
14 28
15 21
