19 29
14 20
20 25
17 29
6 11
11 19
16 26
7 8
14 25
2 20
2 19
8 19
5 22
14 26
2 7
12 29
0 15
19 26
3 24
7 26
21 23
8 23
3 27
20 26
3 13
14 19
5 7
3 5
5 17
9 21
2 9
8 21
11 21
2 13
11 15
7 14
11 12
9 13
0 20
17 18
11 26
7 28
20 22
8 10
18 21
3 11
6 7
15 28
0 23
11 23
1 21
15 24
14 24
2 14
18 23
9 12
6 12
5 28
18 26
15 22
11 16
1 7
2 29
3 29
1 11
24 25
8 14
1 3
1 15
7 20
6 22
1 28
10 11
1 2
2 21
7 22
17 26
9 11
7 15
3 18
13 21
9 15
3 10
2 5
3 26
8 17
1 14
12 19
1 17
15 21
5 23
2 15
7 23
7 12
13 14
15 18
19 20
23 26
12 24
10 12
5 6
11 28
11 29
7 21
10 19
20 23
2 11
7 17
12 20
14 18
7 18
5 11
10 26
7 24
7 11
0 3
9 29
10 17
13 26
12 14
8 11
4 15
8 9
11 22
5 29
5 24
5 20
0 10
1 5
11 14
11 20
3 22
1 8
0 5
0 22
0 29
5 26
9 26
12 28
20 21
8 15
12 15
21 27
1 22
7 10
3 7
22 26
12 23
21 25
18 28
9 22
3 20
3 21
2 26
5 13
3 14
14 17
9 20
1 24
3 12
0 2
0 11
10 21
15 26
