19 20
7 28
0 24
14 20
0 21
11 23
5 20
9 20
3 5
26 29
14 19
8 18
3 23
18 26
9 29
19 21
1 26
7 19
11 22
15 26
8 17
10 21
11 28
3 7
12 13
0 7
7 10
1 11
3 26
1 19
13 21
8 15
5 11
1 20
11 13
7 23
11 12
3 17
1 5
3 6
11 21
5 7
3 20
3 15
17 22
3 11
9 17
12 14
12 26
24 25
21 26
3 9
10 14
17 23
5 10
14 22
7 22
9 15
8 26
5 23
3 21
7 26
12 18
8 29
11 19
0 25
1 15
5 16
22 29
1 14
15 20
2 25
8 24
3 18
5 13
2 22
18 19
11 14
7 11
5 26
20 26
7 9
11 29
10 15
14 17
8 21
0 26
12 23
8 11
2 15
1 28
2 12
2 7
2 23
11 26
15 24
1 9
14 24
12 20
0 20
7 15
9 22
9 11
7 21
23 25
9 12
2 11
18 20
15 17
21 23
1 18
11 24
10 18
7 14
11 20
11 17
22 24
7 17
2 26
5 28
2 21
3 22
5 12
0 11
6 12
2 10
3 28
10 29
13 15
12 21
13 20
3 29
2 6
9 26
5 8
3 10
14 21
10 23
14 29
0 1
6 7
11 18
13 22
20 22
0 8
1 7
16 26
5 19
7 29
20 27
5 15
7 8
0 14
15 21
2 14
1 6
2 28
21 28
14 15
4 12
2 5
19 27
3 12
24 26
