4 7
8 17
8 9
18 20
10 11
11 16
7 18
12 13
13 18
11 12
12 15
5 26
0 2
0 20
15 23
12 29
8 14
8 28
23 28
1 11
11 20
5 15
11 15
21 24
2 14
3 8
0 15
1 12
2 26
19 20
10 22
14 21
7 11
13 21
19 22
8 12
15 26
3 26
9 17
7 29
1 20
7 21
8 23
21 29
0 26
11 28
9 29
5 12
9 14
11 23
7 10
14 15
20 21
17 24
3 22
20 29
6 7
5 10
10 28
3 7
14 22
2 7
12 20
11 25
14 24
5 13
7 14
0 19
25 26
15 21
12 28
1 14
2 11
21 23
23 26
5 14
5 11
11 14
7 24
17 26
0 9
5 20
9 15
7 15
7 22
7 19
3 24
12 26
1 9
5 28
20 28
15 20
6 22
7 27
11 29
1 15
3 11
11 17
2 18
12 19
2 3
3 18
0 17
0 5
7 9
1 7
2 5
18 19
5 24
7 26
5 17
6 14
12 21
14 26
16 26
6 11
3 19
11 26
1 22
8 21
7 17
24 26
3 27
3 29
5 23
19 26
11 21
20 26
12 22
1 24
9 10
2 20
0 3
1 3
10 25
7 8
3 14
3 15
17 23
9 12
10 14
2 8
1 2
10 29
2 6
5 22
3 13
20 25
1 23
11 22
15 18
21 22
8 20
0 11
1 26
9 19
18 21
2 21
13 23
11 18
2 15
10 21
3 5
13 29
