11 18
23 26
20 26
9 29
10 29
5 26
11 13
6 19
1 23
10 12
8 11
3 26
12 24
15 23
2 26
3 18
10 26
1 9
11 22
13 19
7 10
0 5
21 23
18 22
3 20
1 17
1 20
11 12
6 24
15 20
2 8
15 19
7 11
5 11
0 3
12 26
13 20
3 27
10 11
12 15
7 16
20 21
24 26
2 7
15 26
5 23
17 18
5 21
1 11
2 11
14 29
10 19
6 12
2 15
2 21
9 13
3 21
3 17
11 21
7 23
7 29
10 15
5 19
11 15
1 15
7 17
3 11
2 5
7 12
14 23
0 9
15 16
18 24
0 17
8 29
1 22
1 7
11 19
9 22
3 12
5 20
0 21
8 21
2 9
21 25
20 29
7 14
22 23
6 7
14 17
8 14
4 20
12 22
5 7
2 19
20 24
0 12
10 13
12 23
11 24
12 20
9 14
14 26
18 21
5 10
14 20
14 22
12 17
14 18
7 20
25 26
9 11
5 18
2 14
11 23
8 9
3 29
8 12
21 22
7 21
1 8
1 2
11 26
5 14
1 3
0 2
7 27
2 24
17 26
11 28
10 28
19 22
3 15
6 28
0 8
1 29
2 18
15 22
15 21
11 17
3 7
5 29
8 15
11 14
8 26
7 9
3 13
3 9
3 5
5 13
7 26
1 25
7 19
0 28
21 26
14 15
11 20
26 28
3 28
20 28
7 24
14 21
0 25
5 22
