5 68
30 55
41 57
37 68
8 54
6 77
77 90
81 88
50 93
59 91
31 79
6 57
32 59
10 46
42 47
52 77
22 23
36 87
2 65
5 45
1 26
35 36
36 54
43 52
62 71
19 73
21 36
35 86
52 94
17 30
19 30
43 58
3 69
7 91
4 88
36 73
36 89
35 40
40 94
35 92
41 62
66 77
18 35
12 45
18 54
32 78
30 63
18 23
51 55
8 41
36 81
36 38
52 72
41 52
48 57
5 23
2 49
21 54
29 64
2 36
2 17
32 43
13 35
32 40
10 39
36 58
7 46
36 40
9 47
35 63
26 36
1 32
31 81
32 64
23 77
19 32
2 56
32 35
77 78
22 86
14 36
36 43
28 70
25 65
54 61
52 82
36 93
13 43
35 58
42 58
76 95
42 45
80 92
46 50
30 46
54 74
35 39
48 72
10 35
32 36
23 47
14 19
48 83
28 40
28 32
52 73
35 53
32 39
29 35
14 31
45 83
23 65
48 67
41 87
21 71
1 43
31 42
36 42
16 36
13 57
46 65
18 77
43 76
13 85
