39 46
36 49
35 65
19 92
14 36
32 35
10 36
22 35
12 42
4 65
35 43
35 40
13 21
6 87
46 93
32 36
55 57
30 51
5 8
23 45
76 92
63 86
2 85
31 32
1 36
7 31
5 57
36 77
52 57
42 56
35 47
36 55
10 58
52 77
32 78
13 64
18 48
48 70
30 83
41 65
29 94
21 43
5 71
13 42
30 58
18 36
8 32
41 54
1 50
76 95
23 30
39 40
52 61
36 62
35 50
32 62
36 52
31 48
32 71
40 73
66 69
36 79
1 46
35 93
68 73
23 88
36 90
41 77
38 58
41 78
59 72
65 81
19 40
43 91
9 39
14 32
36 89
21 47
23 36
35 52
2 58
18 26
10 81
3 17
80 82
45 91
43 48
19 32
54 59
28 32
52 68
45 54
19 45
2 72
42 86
7 81
54 67
46 64
16 22
13 54
14 94
2 26
57 74
36 40
36 53
25 43
6 77
29 77
23 35
77 83
35 46
31 35
77 87
30 42
18 28
36 43
36 47
28 88
63 73
32 43
35 37
2 23
41 52
17 54
