10 13
36 91
52 57
31 65
17 54
18 92
19 28
72 81
29 40
54 55
35 42
43 63
10 77
32 76
23 87
6 36
52 86
26 46
32 43
23 36
32 40
43 77
26 72
1 17
32 47
1 36
5 40
7 86
35 54
31 32
30 83
13 46
42 54
52 88
2 16
2 18
25 51
32 69
9 28
36 88
39 41
1 43
10 82
23 83
36 90
21 48
32 45
35 89
14 53
48 77
31 67
63 68
47 73
78 81
28 62
49 68
19 58
8 41
43 58
36 38
23 48
19 85
13 35
66 94
30 35
36 50
32 61
41 43
42 77
14 32
35 43
39 94
3 35
40 42
48 58
30 64
30 91
52 70
41 87
36 93
46 54
46 71
57 65
45 57
4 14
35 45
2 19
36 79
5 12
2 77
62 81
41 77
40 58
46 92
36 65
36 77
35 71
7 35
35 52
36 73
13 50
18 55
6 59
21 80
45 47
36 39
42 57
35 64
37 76
52 73
23 74
18 22
52 78
2 59
30 93
32 36
5 29
22 32
23 54
36 56
35 65
21 95
31 36
8 36
