23 30
36 47
52 57
41 69
48 65
13 47
4 19
35 64
2 31
5 85
54 88
43 58
57 89
2 65
28 78
6 32
43 62
46 83
46 50
41 56
26 35
43 54
35 54
23 66
93 94
30 78
25 65
23 81
77 80
2 32
21 36
43 74
35 71
1 35
10 71
35 52
14 29
28 41
21 32
28 36
17 36
30 40
36 82
23 77
31 42
32 38
32 39
42 92
14 53
48 77
35 58
1 63
10 22
52 93
86 92
48 68
32 73
31 76
5 58
36 40
23 35
67 72
5 77
21 73
45 47
17 52
18 46
30 55
45 91
46 87
18 77
18 19
3 43
40 42
9 36
40 41
29 58
16 32
41 54
52 95
46 86
52 59
35 65
36 61
30 77
76 83
8 39
36 43
19 62
35 36
55 81
2 77
36 57
49 50
19 48
13 45
52 54
7 88
32 35
8 31
7 12
59 91
22 35
32 36
1 40
13 39
42 57
36 90
37 45
43 73
2 51
18 35
26 54
64 70
42 68
36 87
32 63
23 32
36 72
6 94
10 79
36 81
14 36
13 36
