35 54
1 83
1 54
2 29
13 32
5 18
16 26
19 35
57 73
12 54
50 91
36 57
19 36
21 39
22 35
40 77
41 81
18 79
17 36
36 76
35 41
30 47
43 54
36 81
36 51
47 58
23 81
2 6
46 68
64 69
36 52
36 82
22 23
52 72
8 40
7 45
23 43
35 71
55 58
14 46
32 63
48 50
45 76
8 35
52 57
53 65
35 93
39 46
62 92
30 36
2 54
35 43
32 36
36 58
36 37
4 29
14 42
23 42
5 77
19 77
23 63
30 40
32 45
47 77
52 92
10 36
2 32
9 93
13 52
21 43
31 42
10 32
32 87
54 59
1 70
26 30
14 25
7 19
28 36
18 35
17 43
36 71
39 42
58 80
85 88
30 38
35 62
31 41
48 68
36 61
23 36
49 78
43 52
31 32
35 45
32 77
55 94
13 73
6 65
67 94
32 65
66 77
21 59
42 43
64 74
28 78
41 46
3 48
28 95
56 77
18 86
46 72
32 40
10 41
52 87
83 86
48 65
35 73
31 36
40 91
13 57
2 5
88 90
35 89
