77 86
19 51
58 69
1 65
23 52
21 71
32 48
2 57
2 52
18 36
2 32
35 46
13 18
47 91
32 77
68 73
26 42
35 48
57 71
18 54
1 43
40 63
4 41
52 70
14 41
32 73
78 90
23 36
35 62
1 30
28 72
36 54
54 59
36 50
31 80
52 66
65 73
38 92
52 53
8 43
35 68
39 87
54 93
21 36
16 32
41 87
12 45
41 78
32 83
17 31
36 81
32 81
22 23
43 79
43 88
26 43
40 41
6 64
35 36
6 9
23 85
37 65
50 67
14 35
3 35
39 77
28 57
35 74
36 47
30 63
17 91
10 77
21 94
43 52
32 45
32 42
10 65
39 58
56 61
36 49
36 86
19 32
57 62
36 95
22 89
7 25
23 35
13 81
36 40
29 72
10 13
36 45
46 64
30 94
59 82
18 58
31 42
43 55
29 88
45 46
2 46
28 92
36 58
5 93
40 54
5 55
42 77
31 35
8 30
47 48
36 42
2 30
32 52
19 76
23 40
36 46
35 77
36 77
13 35
14 54
5 7
19 36
35 76
48 83
