30 87
13 66
32 42
32 49
21 36
42 54
36 74
32 67
40 46
22 90
23 52
17 31
35 46
19 88
42 52
8 32
32 36
32 50
5 95
7 92
6 10
2 50
32 35
5 73
21 72
3 56
35 52
23 51
2 59
43 78
43 45
42 91
1 30
46 55
65 94
2 36
23 30
21 35
57 58
35 77
28 36
41 54
62 73
17 36
36 83
32 69
2 77
36 73
13 29
18 35
32 57
77 93
31 52
45 61
6 47
7 18
1 18
40 48
36 89
40 87
36 38
28 35
63 77
58 65
19 30
4 80
23 54
48 70
36 54
57 92
36 53
58 63
64 81
14 31
30 35
22 46
35 37
36 57
23 39
1 16
54 85
35 76
25 48
12 47
45 71
40 42
32 52
68 86
26 32
19 48
52 68
5 78
31 76
55 88
8 35
13 82
43 64
39 71
36 47
9 19
23 81
36 65
29 40
36 77
18 43
10 65
41 52
28 45
77 91
39 41
35 83
14 77
13 86
14 54
26 93
36 43
43 46
59 94
35 41
36 72
41 43
58 81
62 79
2 10
