39 47
31 41
2 41
54 57
35 46
8 28
43 58
43 90
35 63
2 64
23 37
36 73
19 77
29 36
10 81
69 93
32 72
35 58
19 26
18 46
30 80
54 82
32 73
65 87
7 13
23 35
4 77
36 48
35 54
36 58
32 35
12 22
21 79
13 49
5 88
59 63
89 95
30 35
32 45
21 32
14 66
46 54
32 52
1 51
57 86
65 77
31 64
35 52
36 52
3 42
39 68
9 18
42 43
19 41
36 45
39 78
13 31
36 71
23 47
32 36
14 77
43 85
36 72
18 32
5 91
36 62
41 92
35 36
28 47
56 88
8 26
48 77
28 83
10 65
30 61
40 54
58 87
2 32
17 32
5 52
30 40
32 94
2 35
48 73
19 48
40 59
42 62
36 43
46 86
18 42
16 55
50 54
1 29
43 46
6 10
68 81
36 55
38 57
43 83
36 70
35 77
65 67
36 76
22 40
14 35
52 74
21 36
23 42
7 36
36 92
57 93
40 91
52 71
52 53
1 13
23 94
30 41
45 78
2 50
35 81
25 45
23 77
6 31
17 76
