50 57
46 48
46 57
35 40
14 89
25 36
5 77
5 32
13 80
72 77
18 54
13 69
9 36
36 45
47 57
32 51
35 55
40 59
65 86
50 81
10 41
41 43
43 45
54 78
29 32
30 36
35 72
54 58
57 77
42 87
7 73
32 35
35 91
2 30
31 36
23 63
28 52
36 48
63 83
32 55
36 77
54 88
32 64
66 68
22 26
6 71
23 64
21 46
19 77
35 59
47 65
71 92
42 46
36 76
35 93
39 78
32 43
17 18
10 49
1 5
40 65
1 36
40 93
32 39
21 45
18 31
47 76
36 74
31 38
62 87
12 41
1 13
26 35
36 52
6 30
21 65
35 73
29 58
46 81
42 86
7 42
19 36
14 16
32 36
28 58
42 48
35 92
2 36
18 23
52 94
30 56
17 67
10 22
36 81
45 52
39 82
8 41
40 94
43 95
8 43
36 83
52 85
61 62
30 41
23 58
32 48
35 43
19 23
28 32
36 53
36 54
52 88
37 77
2 73
2 91
3 79
2 35
14 31
19 70
35 54
23 90
4 52
13 77
43 68
