36 48
41 52
18 94
71 78
35 36
52 95
59 70
62 74
14 23
49 54
13 68
6 73
42 45
40 72
63 82
28 35
65 66
47 52
30 36
32 40
57 86
32 76
6 42
45 59
7 55
41 50
1 18
7 78
32 83
35 42
36 37
2 87
26 77
23 72
2 77
35 92
36 52
79 86
41 64
19 53
3 57
8 51
32 69
31 77
2 36
23 30
10 39
40 46
26 90
8 17
29 68
36 63
2 83
36 40
2 35
1 39
32 36
19 93
18 40
31 54
10 87
23 45
22 46
36 76
36 57
19 47
43 50
35 80
4 65
38 91
32 58
36 77
5 94
21 77
10 28
31 91
32 35
35 46
35 62
45 64
32 43
46 54
22 52
21 65
14 32
9 29
41 48
31 36
36 81
12 52
16 42
32 88
23 42
81 85
36 56
36 54
43 46
39 89
25 58
30 92
13 36
43 58
17 35
13 41
18 36
5 73
30 43
67 77
48 54
35 55
43 52
28 58
32 48
43 93
35 88
14 81
30 35
5 61
57 77
13 71
23 65
47 54
1 73
19 21
