39 54
41 59
43 63
5 77
35 77
38 93
4 83
35 47
14 94
9 54
42 91
50 59
42 45
32 93
48 71
73 92
36 85
28 46
31 77
40 58
32 57
17 95
83 92
65 72
5 43
43 73
14 48
32 81
6 21
36 68
39 86
32 87
26 58
23 28
26 46
32 78
14 52
16 43
1 57
2 53
3 32
8 35
22 36
36 64
7 10
19 81
36 52
48 51
36 90
10 23
35 41
10 32
32 72
36 40
23 35
43 62
13 68
36 45
2 17
31 54
5 29
18 57
2 30
62 77
30 57
36 88
35 63
41 49
41 76
1 35
52 58
2 54
25 94
32 40
32 45
6 66
19 42
77 86
35 65
45 46
8 36
35 36
22 30
21 74
21 71
30 52
1 89
31 36
47 91
18 36
23 42
65 80
23 46
40 81
36 56
47 73
43 77
50 58
35 70
13 52
13 36
12 29
35 37
35 52
32 65
35 76
30 36
19 67
13 39
40 64
41 82
42 54
31 78
18 54
46 52
7 77
19 36
2 61
55 87
18 48
23 43
55 69
79 88
28 36
