21 40
35 39
45 55
2 39
65 86
71 77
49 56
32 41
6 35
2 73
31 37
32 54
41 91
31 36
29 36
93 94
4 36
52 58
28 89
36 52
1 19
39 58
32 66
77 83
40 48
30 40
9 77
63 92
23 45
28 59
23 95
12 22
35 81
48 57
36 68
2 36
7 40
81 93
23 42
70 72
5 32
43 65
64 81
36 83
78 87
32 79
18 35
43 52
50 52
23 73
48 52
10 76
30 76
13 41
30 42
29 47
35 57
2 80
2 10
35 64
77 90
18 54
18 72
19 32
36 74
36 43
36 46
32 35
17 87
42 88
8 36
17 63
13 28
57 65
14 45
5 26
62 68
16 46
3 36
36 65
36 55
6 19
22 73
38 47
32 51
48 59
31 53
43 78
46 86
14 41
25 35
52 54
57 85
40 43
10 42
32 92
32 91
1 13
30 43
46 67
35 58
45 54
19 36
30 54
14 54
31 77
13 21
42 52
5 35
77 88
7 35
32 46
8 35
26 77
1 23
43 94
18 82
21 71
41 61
58 69
36 47
36 62
23 35
36 50
