23 36
36 85
57 58
32 48
48 77
32 41
39 45
5 35
36 46
22 73
22 43
54 76
64 79
56 71
13 90
45 46
36 77
21 54
66 83
23 32
52 94
1 63
18 32
6 29
7 93
39 77
40 45
36 40
36 42
8 81
17 47
31 65
13 42
7 41
77 81
10 39
18 40
52 58
57 92
35 86
55 87
23 65
41 45
30 46
43 50
1 19
35 77
2 43
25 31
14 52
1 50
12 48
64 68
35 53
38 43
36 72
31 35
21 69
2 3
17 35
43 61
65 73
46 72
13 36
74 80
30 91
19 29
35 93
42 54
36 52
52 78
32 67
23 95
48 87
13 14
36 82
32 86
19 91
76 92
2 36
43 94
28 58
21 36
36 49
52 81
37 42
28 35
8 35
5 88
2 65
31 36
51 63
59 78
28 40
10 18
68 88
35 36
19 41
62 70
46 77
32 40
18 54
32 43
2 35
5 36
10 36
14 36
42 47
32 35
9 54
4 83
30 77
6 32
16 57
52 73
26 41
30 58
35 89
47 55
23 59
32 71
23 54
26 57
30 62
