30 36
63 73
6 58
23 94
48 61
23 48
40 59
35 50
10 82
19 41
18 21
28 92
65 69
42 65
5 13
36 64
31 41
3 36
47 56
73 76
1 36
32 38
21 46
2 93
35 93
31 55
39 66
36 77
62 73
12 40
22 54
32 35
43 87
25 31
35 39
7 8
14 64
21 70
9 77
29 36
32 77
30 55
32 49
14 85
5 36
41 58
35 86
32 54
7 14
17 89
45 47
30 59
54 86
36 88
10 80
36 87
52 72
35 74
18 54
36 71
23 91
8 68
32 81
26 62
32 40
19 57
46 47
2 5
35 54
36 78
2 36
35 52
50 52
45 95
36 57
36 42
22 78
13 83
32 88
13 48
29 94
23 77
23 43
26 43
30 35
43 77
16 35
36 46
1 18
35 36
18 81
52 65
42 91
42 46
37 42
46 90
2 40
4 36
52 67
57 77
52 58
1 32
43 63
13 31
17 72
30 52
48 77
19 28
32 79
19 53
68 92
6 81
36 39
51 71
45 54
2 41
57 83
28 32
10 43
23 65
45 76
35 40
35 41
43 58
