30 32
32 39
6 32
32 47
21 40
25 32
25 39
8 19
1 26
21 34
21 32
6 51
9 49
4 44
12 21
32 36
22 34
39 44
0 4
27 46
0 44
34 44
7 17
19 41
31 34
23 32
6 10
20 27
29 32
18 44
0 27
0 40
0 12
14 33
0 32
21 47
0 16
1 32
12 34
32 37
32 45
4 8
32 44
31 32
14 17
13 44
40 44
4 12
6 7
34 36
0 3
5 40
17 49
0 38
25 47
34 39
32 40
2 45
6 29
17 47
37 47
0 6
4 27
26 32
7 19
21 22
27 32
12 32
31 41
14 28
14 40
20 32
0 11
35 44
29 44
0 37
14 39
0 29
6 27
14 32
21 36
50 51
6 28
4 17
22 32
12 47
19 34
4 37
27 45
2 32
29 40
4 7
32 38
6 49
32 48
32 49
22 51
46 51
39 41
36 47
14 46
19 32
12 27
13 46
6 21
11 48
32 41
5 27
16 32
7 23
2 4
27 31
22 37
7 16
21 29
3 34
11 32
8 32
32 51
14 50
3 32
3 12
15 32
0 2
34 42
32 35
44 48
7 32
10 27
33 36
29 49
17 32
3 44
4 32
6 34
34 47
2 39
10 32
6 46
27 51
29 45
5 32
