30 32
21 22
6 7
32 47
23 29
25 32
4 34
14 31
0 28
7 38
21 41
4 46
12 34
44 49
0 10
0 11
4 40
29 32
47 51
29 46
14 16
34 44
37 44
0 14
36 37
32 44
12 44
19 27
26 32
14 29
3 40
40 49
18 32
32 36
0 32
0 45
6 37
27 32
32 34
39 46
37 39
27 40
7 31
31 32
14 44
0 13
8 21
40 51
22 49
29 39
27 45
2 5
27 46
31 40
7 12
11 34
32 40
23 25
12 21
27 34
34 47
0 19
6 29
27 36
32 37
21 47
4 27
1 27
3 4
10 32
34 50
20 32
11 32
2 44
19 32
5 6
0 21
0 29
0 4
14 32
0 8
3 17
6 26
0 27
22 32
39 49
8 32
6 32
32 33
2 32
4 21
6 47
32 38
36 45
32 48
32 49
6 19
7 51
12 17
21 32
41 47
13 51
12 27
22 34
6 41
3 39
32 41
17 34
42 44
25 36
28 35
1 32
16 46
16 32
14 17
32 45
9 32
27 29
32 51
32 50
3 20
12 14
15 32
0 2
21 48
35 51
44 47
10 34
4 7
17 19
44 48
17 32
7 22
4 32
6 34
2 4
39 44
12 32
6 44
39 47
6 33
5 32
