7 32
47 51
15 32
17 32
1 27
0 25
7 49
22 32
21 31
4 13
14 21
0 47
34 44
2 4
2 32
22 29
3 51
16 41
27 32
12 49
17 50
7 47
27 41
6 19
19 39
49 51
32 38
21 39
12 32
28 32
6 29
6 8
40 51
21 22
23 32
22 36
5 11
1 32
7 44
0 40
17 48
44 47
4 21
32 39
32 44
0 27
39 41
4 33
12 18
23 27
8 36
37 47
34 36
34 51
31 32
2 48
29 36
3 34
0 6
19 32
21 46
26 39
32 47
4 14
0 10
26 32
17 21
32 46
12 27
3 32
29 34
31 40
16 46
14 32
6 44
17 29
17 20
40 41
0 12
10 44
32 45
30 32
0 35
21 32
8 44
6 21
3 14
19 27
6 49
4 46
0 46
34 37
44 45
25 32
11 32
12 34
5 32
3 29
27 45
6 47
0 45
19 48
6 34
11 44
4 27
32 34
4 32
29 32
32 51
31 44
13 32
22 34
6 32
14 47
9 32
6 37
34 40
0 4
32 40
14 40
14 39
0 50
7 10
7 27
0 49
0 32
32 37
28 44
2 7
4 34
12 29
27 37
32 35
14 38
16 32
5 25
20 32
12 44
32 42
33 36
2 6
27 39
