29 32
0 16
7 32
17 32
6 23
4 5
0 17
12 41
0 28
34 47
21 51
7 22
11 34
1 32
6 46
32 37
10 20
5 32
14 32
27 48
6 39
0 44
37 44
17 35
6 37
7 50
12 44
2 14
26 32
14 25
4 6
16 46
32 40
34 49
0 32
4 32
4 27
27 44
22 47
32 39
32 42
34 37
7 17
31 32
13 21
0 29
4 33
34 44
11 25
2 4
27 45
14 40
32 41
34 48
6 12
0 34
32 38
23 32
14 41
27 32
36 38
13 19
27 31
21 37
6 32
3 21
1 4
2 35
9 30
10 32
19 31
3 32
11 32
5 44
0 40
6 44
39 44
36 47
4 34
19 36
14 17
6 36
17 34
0 27
22 32
21 45
8 49
32 36
32 33
2 32
14 27
27 29
7 12
0 3
12 21
49 51
34 46
4 12
3 31
21 32
0 10
8 32
0 20
0 22
18 41
4 39
32 45
47 51
21 40
29 49
27 28
29 46
3 44
32 47
22 40
19 32
32 48
29 40
6 47
32 50
8 44
12 14
15 32
2 27
7 45
6 51
29 39
26 40
32 44
0 51
7 21
25 32
27 34
32 51
32 34
39 47
16 19
12 32
39 46
44 47
6 29
32 49
