21 39
0 17
19 32
17 32
27 29
16 32
2 41
0 10
19 48
32 38
2 5
0 15
32 50
6 31
21 45
31 32
0 30
14 38
27 32
27 45
21 32
6 22
14 47
41 44
3 46
11 25
14 21
3 22
12 32
39 51
11 34
5 44
27 36
26 32
8 32
20 33
19 41
1 32
21 34
6 40
1 12
28 32
10 27
8 29
4 23
40 46
2 29
14 49
32 51
0 39
20 32
35 40
16 44
4 12
27 47
11 44
0 16
7 32
5 32
32 36
6 37
4 17
3 32
3 7
27 40
9 34
8 34
12 37
0 36
6 12
14 40
0 34
29 51
14 32
34 49
32 35
7 26
4 46
4 19
27 44
6 29
32 33
34 47
22 32
32 49
3 34
47 49
21 48
2 28
4 32
0 22
23 32
0 19
32 34
32 37
13 32
4 51
10 32
6 34
25 27
32 41
6 36
2 27
32 40
44 47
17 37
18 27
31 37
7 17
32 48
7 51
42 47
6 32
7 44
29 46
44 50
6 49
29 32
21 44
12 39
4 44
4 22
17 36
29 45
0 32
27 51
6 45
12 40
12 21
25 32
6 44
39 47
32 44
0 14
31 34
0 47
32 46
7 21
0 13
34 39
4 14
32 39
