37 44
12 47
27 47
32 51
1 33
16 32
32 41
26 32
19 21
26 45
21 45
22 32
32 35
27 34
0 36
19 39
4 27
6 37
2 32
6 44
21 32
5 6
14 51
7 44
32 50
32 38
6 14
7 36
11 20
8 47
0 12
22 27
6 48
13 32
6 41
6 45
28 32
1 32
27 32
4 12
34 37
32 34
0 3
17 36
2 47
31 51
0 14
22 44
23 41
5 32
30 32
7 12
8 14
27 49
4 7
0 27
34 39
7 32
17 21
19 32
0 21
21 27
12 32
3 32
0 29
7 34
21 46
14 41
3 35
44 47
0 31
32 40
40 47
14 32
2 31
32 46
11 34
21 34
0 4
10 20
2 46
32 33
5 22
32 36
12 45
9 13
29 34
28 49
17 32
39 49
0 34
12 50
14 25
3 22
32 37
4 48
37 46
19 51
14 27
17 29
21 29
25 44
17 44
8 32
34 47
0 16
44 46
32 42
4 6
44 51
40 44
32 47
6 32
7 49
34 40
4 40
0 18
15 29
32 49
38 39
10 51
29 40
0 6
23 48
0 32
10 27
4 17
16 40
3 6
4 32
6 34
27 31
32 44
29 32
27 36
39 44
12 39
19 29
11 32
25 32
2 4
32 39
