0 4
14 46
18 27
14 32
27 29
0 32
6 19
32 49
7 49
0 31
0 39
1 8
2 39
6 16
27 47
0 29
3 21
39 41
2 22
44 48
25 34
14 37
0 27
7 17
3 32
23 32
6 11
2 4
16 32
19 44
37 44
15 44
23 40
32 39
22 44
12 34
9 32
11 51
4 29
34 47
12 22
0 6
11 32
17 32
36 37
8 32
14 49
27 35
8 10
32 37
29 49
2 32
32 35
32 46
12 31
0 7
22 36
32 45
4 44
4 21
12 14
4 27
32 51
5 44
39 44
6 47
6 49
13 32
21 50
32 47
36 51
20 45
21 40
20 21
41 46
0 34
40 51
0 41
27 48
32 34
2 44
27 33
31 34
6 34
19 32
32 33
7 31
29 47
3 16
28 32
0 50
14 28
5 32
4 40
10 32
0 46
12 44
6 44
32 38
21 32
21 34
32 48
4 17
0 40
34 46
29 34
4 32
17 21
37 39
32 40
1 32
14 39
3 19
44 47
5 34
6 32
25 32
7 32
7 34
6 42
22 51
10 26
4 47
7 27
3 36
32 36
32 41
0 45
19 40
17 27
27 51
12 32
12 29
21 47
29 32
14 26
12 25
6 13
17 45
6 38
27 32
30 32
