4 9
8 34
6 45
4 32
21 27
32 39
6 28
12 38
6 50
6 44
27 32
7 21
3 6
36 48
31 49
21 23
10 34
27 37
26 32
17 47
3 27
1 49
5 27
0 4
3 36
14 38
32 42
44 48
32 46
17 29
0 27
32 44
0 46
6 32
12 49
28 32
40 44
21 51
32 35
2 27
0 3
14 39
11 12
16 32
32 34
12 32
34 47
4 41
26 35
32 48
7 47
4 44
29 32
6 16
19 21
0 14
22 41
29 39
14 27
29 36
29 51
12 34
27 51
0 18
29 40
8 37
1 32
13 32
12 21
30 32
6 34
3 44
2 40
20 32
4 33
0 22
4 11
0 47
13 34
40 45
7 37
31 32
39 46
19 40
19 32
22 44
25 47
14 51
12 40
32 33
4 29
27 34
6 7
27 47
0 7
32 36
17 32
5 32
44 49
21 32
22 49
6 40
32 47
39 51
32 45
10 32
2 32
37 41
0 34
4 8
7 34
20 39
0 29
17 27
22 32
32 51
32 41
7 32
17 34
36 44
14 25
21 31
6 47
19 46
0 17
12 44
31 45
10 21
2 6
0 32
37 39
5 44
14 44
16 19
14 32
15 32
0 2
32 50
25 32
23 32
4 46
11 34
