5 34
28 44
14 25
4 41
19 32
32 34
12 27
23 32
1 51
12 19
10 49
12 34
4 10
13 29
6 47
39 49
0 16
2 37
26 32
34 51
29 31
32 50
6 27
6 40
11 31
32 40
27 32
27 31
22 32
0 39
34 44
7 44
34 39
3 33
0 44
17 34
32 33
6 44
2 34
0 32
14 29
0 29
32 45
31 32
21 27
1 32
27 29
18 27
21 35
0 6
4 34
21 29
29 32
8 44
9 32
44 51
6 20
6 11
2 32
7 21
14 17
30 37
3 39
32 44
0 3
44 46
28 32
13 32
16 36
2 49
0 40
7 47
7 45
20 32
23 27
27 40
17 32
32 37
40 47
22 47
6 12
14 39
12 46
4 8
8 32
16 32
39 44
36 48
14 37
39 40
5 36
11 47
44 48
27 34
3 34
32 36
25 26
4 32
12 17
32 51
12 35
2 51
45 46
32 38
12 22
0 45
6 21
4 14
17 36
4 6
3 32
21 49
21 32
17 41
42 46
19 47
32 41
15 32
25 32
0 7
22 51
4 21
4 29
32 47
6 34
0 47
19 27
0 41
27 50
21 37
38 46
44 49
0 22
19 40
14 32
6 32
7 32
5 32
0 4
7 14
32 48
10 32
