29 39
34 35
29 47
11 34
19 32
32 41
14 48
0 32
4 32
14 32
44 51
39 44
2 46
12 21
5 38
3 6
6 34
6 39
32 39
4 27
12 26
19 34
0 3
32 51
8 32
22 32
27 44
6 7
10 32
7 44
22 23
2 40
37 40
32 34
3 46
11 39
8 27
19 45
17 32
10 44
0 21
32 33
32 44
22 51
2 32
30 32
27 36
0 4
4 41
6 32
12 44
0 34
6 19
3 49
9 21
14 29
44 50
37 46
6 17
7 32
27 29
0 14
32 49
35 45
5 29
19 29
28 32
13 32
34 51
32 45
0 27
13 51
0 39
0 44
21 47
21 32
7 17
32 38
2 25
0 36
3 32
17 51
20 47
0 10
4 36
4 17
6 22
31 32
31 49
1 47
32 42
33 34
21 45
14 25
5 12
32 36
26 32
17 27
12 27
20 31
34 39
37 47
27 40
21 34
4 21
44 49
14 21
8 47
7 34
16 27
1 32
32 37
32 46
40 47
32 40
15 49
7 12
11 22
16 25
12 31
29 44
18 32
7 14
32 47
0 40
4 14
0 41
41 48
6 23
0 6
34 37
29 32
4 44
32 48
2 4
27 32
28 40
36 46
6 16
32 50
6 27
12 32
