5 21
0 47
44 49
6 7
7 42
12 29
21 29
0 32
32 49
36 47
40 41
32 39
32 40
27 47
34 46
21 27
18 32
19 25
34 35
34 41
4 34
13 14
11 39
29 34
21 32
32 47
14 27
27 34
6 38
22 39
11 32
27 51
27 45
32 51
23 32
17 36
16 44
25 32
1 32
19 45
32 41
0 10
27 32
0 11
6 12
7 48
6 22
20 44
2 32
0 3
6 27
32 38
20 34
32 45
29 37
0 16
19 32
27 40
3 32
29 32
35 37
21 50
14 40
0 51
0 17
41 51
32 34
0 29
2 4
34 44
39 49
14 17
26 32
7 32
5 32
12 40
0 31
0 12
32 36
7 34
31 32
6 29
5 14
3 37
21 51
44 46
14 36
4 32
8 10
14 32
44 47
19 27
6 32
21 28
40 44
12 44
44 51
21 39
6 8
32 50
44 48
4 30
12 17
46 47
2 6
31 34
0 2
0 44
25 39
3 49
6 40
27 31
12 32
9 32
3 4
33 47
22 36
22 34
33 49
32 48
2 15
0 4
6 17
23 28
16 32
4 39
32 44
1 37
45 46
22 32
21 26
17 32
12 47
13 32
10 14
4 29
6 19
32 46
7 8
4 27
32 37
4 7
