10 29
32 37
32 38
0 23
32 36
14 47
26 37
4 32
25 40
19 47
1 6
32 39
14 22
34 40
0 37
0 44
6 32
29 33
14 40
0 32
8 12
16 32
3 7
31 38
5 21
32 40
2 17
19 29
36 44
19 44
11 32
0 6
6 9
22 32
21 32
6 35
7 21
3 25
31 39
2 51
32 47
21 35
27 32
23 27
4 47
12 29
27 47
27 44
0 14
16 27
12 27
32 44
20 32
37 45
4 6
13 49
5 32
34 45
18 32
29 48
4 14
0 25
34 39
6 29
12 49
16 44
27 31
46 47
2 7
4 44
11 46
0 34
27 45
34 46
6 44
28 47
39 41
13 32
32 50
12 44
8 36
14 32
2 39
32 45
12 32
4 11
20 36
32 41
3 6
4 7
17 51
2 14
32 49
21 39
3 44
10 21
30 32
31 32
27 37
5 6
32 48
0 40
34 41
19 22
26 32
6 39
17 32
34 36
27 40
4 51
17 49
12 34
8 32
0 42
6 34
32 33
0 46
22 51
4 27
3 32
22 44
0 17
29 32
21 51
10 32
32 34
14 34
15 50
7 32
1 32
17 21
0 29
27 34
47 51
7 48
4 49
21 40
32 46
41 44
12 19
28 32
0 7
