7 39
32 37
32 42
14 39
36 44
34 47
32 40
4 32
6 12
21 28
12 47
32 39
27 41
21 27
0 11
37 44
6 32
27 36
8 48
0 32
7 19
16 32
0 2
0 12
4 21
27 48
3 31
19 40
4 29
2 34
21 34
4 6
17 41
22 32
21 32
12 51
14 21
25 45
17 34
2 7
41 47
4 49
27 32
32 38
4 37
21 51
44 49
40 45
12 33
0 35
17 49
32 44
20 32
5 39
22 47
19 44
5 32
34 40
20 27
32 50
4 44
1 4
46 51
6 29
0 40
11 23
27 50
6 22
32 46
0 39
4 11
6 44
3 22
10 32
17 32
14 36
29 40
3 32
31 44
22 34
25 40
27 34
7 21
3 27
32 35
17 29
32 36
32 41
0 51
3 14
0 37
0 44
12 32
44 46
0 19
7 29
6 14
7 32
10 19
32 45
32 48
12 44
9 34
4 25
31 32
32 34
10 37
2 46
12 17
39 47
6 21
32 49
2 32
6 38
0 5
32 33
7 34
8 32
27 47
26 32
6 49
0 34
45 51
13 16
6 31
28 34
26 36
23 30
14 27
1 32
14 47
0 6
8 39
29 44
14 32
16 46
18 32
29 47
13 27
32 51
15 32
29 32
