5 32
6 44
12 49
32 51
17 44
27 32
4 14
14 36
34 41
27 51
22 39
0 35
37 47
32 41
29 32
31 34
21 47
4 47
14 32
4 7
21 45
4 6
25 32
0 48
34 44
36 44
17 29
32 34
0 14
8 32
32 49
6 8
0 34
44 47
7 34
7 32
32 45
16 32
12 20
14 44
11 32
32 35
12 37
4 44
15 17
11 31
21 38
13 47
4 29
27 40
6 32
12 32
21 49
27 45
6 22
12 29
21 27
6 27
31 32
19 31
30 32
0 6
9 25
32 37
6 7
2 40
10 51
18 32
32 39
25 46
32 38
0 32
2 27
19 44
27 34
27 44
5 44
10 32
17 21
0 27
40 50
7 16
7 23
8 34
0 10
1 12
3 32
0 21
17 40
3 34
0 44
2 45
32 50
21 48
19 26
4 40
29 34
0 37
5 46
6 39
6 12
6 34
34 46
0 49
21 32
41 51
32 33
26 51
4 27
0 39
32 36
13 32
2 36
23 48
28 32
3 39
32 44
19 49
1 32
14 29
22 32
14 17
3 4
7 47
4 36
32 46
22 27
0 12
32 40
11 37
32 42
39 51
3 41
39 47
28 46
29 47
14 33
22 29
2 32
20 32
16 19
6 40
