27 38
31 34
21 31
6 39
41 47
27 50
0 21
27 35
31 32
14 51
21 32
11 21
6 44
32 41
11 32
21 47
4 37
26 29
0 27
0 12
0 41
12 47
25 32
9 27
12 19
1 12
32 35
39 44
16 31
32 48
32 49
4 47
0 34
21 39
16 32
7 32
32 45
8 21
4 17
3 46
32 37
5 32
3 32
37 40
46 48
32 46
4 22
21 50
12 29
0 13
6 32
12 32
41 44
1 36
6 10
29 32
32 47
2 4
18 32
8 44
30 32
17 19
7 15
14 27
22 39
21 29
10 34
6 36
34 47
32 38
37 44
0 32
4 51
27 32
25 28
34 40
12 45
4 34
27 47
42 44
0 49
17 40
27 44
14 34
44 51
2 27
7 47
26 27
14 45
13 32
0 39
14 22
17 32
5 7
6 17
4 32
16 40
6 37
14 20
0 46
6 34
11 44
19 33
12 49
14 32
22 44
10 32
0 3
0 4
23 49
32 36
23 32
29 34
36 45
32 51
39 49
32 44
6 14
3 40
22 32
32 34
6 7
19 29
36 39
6 25
6 40
27 34
2 34
32 40
4 29
32 33
2 28
0 44
8 32
7 51
29 51
19 46
3 17
2 32
20 32
5 48
0 7
