16 56
2 19
15 47
7 40
5 42
9 61
16 48
52 59
38 61
23 37
18 53
9 31
28 61
30 63
10 14
10 32
10 48
10 53
12 62
33 61
10 59
10 61
24 26
20 38
14 32
33 59
14 48
14 53
14 59
14 61
52 53
48 54
25 37
18 26
39 60
35 59
54 56
21 63
37 42
16 25
9 21
21 38
33 45
9 15
26 30
10 15
15 61
19 40
30 49
51 60
11 37
14 47
45 48
35 62
48 52
38 44
22 38
32 48
46 60
32 53
32 59
32 61
15 56
37 38
21 37
10 47
2 49
1 51
11 43
38 59
38 53
3 15
46 52
32 56
20 47
37 39
54 59
35 51
42 44
1 3
45 47
33 53
32 38
45 59
54 58
37 54
11 53
37 44
48 53
22 43
48 59
7 55
48 61
28 63
24 43
5 57
3 52
53 59
53 61
21 54
18 39
27 57
20 46
59 61
25 55
