22 26
15 31
47 59
35 47
45 48
52 56
32 33
20 47
10 47
33 61
37 61
9 54
38 54
2 40
10 14
10 32
10 48
10 53
51 57
37 63
10 59
10 61
37 53
21 37
14 32
53 54
14 48
14 53
14 59
14 61
11 38
15 32
9 52
9 23
21 39
33 59
44 49
1 49
14 52
27 62
15 59
3 43
56 59
10 37
21 54
26 38
15 48
16 18
12 24
16 22
18 37
30 42
37 58
38 59
5 60
15 35
55 60
32 48
59 60
32 53
32 59
32 61
1 3
37 38
11 33
38 46
28 38
45 54
55 62
42 43
3 24
20 48
21 63
45 61
21 61
15 47
38 43
30 46
11 51
38 52
54 56
18 61
39 42
26 44
48 52
19 44
46 63
9 56
48 53
19 57
48 59
20 35
48 61
25 39
25 37
16 53
28 40
53 59
53 61
7 51
25 30
2 53
5 7
59 61
45 53
