35 60
12 15
32 54
11 24
48 56
9 52
33 53
42 57
11 52
33 59
38 61
33 54
38 54
7 57
10 14
10 32
10 48
10 53
14 52
30 38
10 59
10 61
37 53
21 37
14 32
53 54
14 48
14 53
14 59
14 61
3 43
15 48
47 48
15 33
18 26
45 59
2 26
18 61
21 59
20 38
11 21
39 43
45 61
32 37
21 54
45 51
10 47
38 39
24 46
20 37
19 22
22 62
23 38
38 59
16 37
20 63
1 63
32 48
26 55
32 53
32 59
32 61
56 58
37 38
43 44
5 40
15 52
15 59
40 62
2 5
16 48
3 60
7 51
9 61
9 45
18 47
61 63
37 39
3 16
38 52
15 56
25 51
19 53
28 46
30 54
25 37
30 46
10 56
48 53
42 49
48 59
9 47
48 61
59 60
47 53
25 35
35 44
53 59
53 61
37 49
21 42
1 31
27 55
59 61
28 44
