18 38
28 40
38 53
20 37
37 53
35 39
3 21
53 56
48 56
7 26
51 55
46 62
20 51
5 43
10 14
10 32
10 48
10 53
28 57
38 59
10 59
10 61
39 43
46 61
14 32
14 52
14 48
14 53
14 59
14 61
25 38
23 49
3 37
2 39
19 30
37 54
32 54
30 61
42 52
33 47
15 42
56 61
45 59
21 38
18 44
9 33
19 58
21 54
45 53
15 33
9 54
11 25
47 63
43 55
16 22
11 42
15 59
32 48
16 59
32 53
32 59
32 61
37 46
37 38
1 24
15 31
37 47
32 33
10 21
52 61
10 38
9 35
2 7
47 59
44 60
3 35
15 48
15 53
18 25
11 48
20 63
49 61
38 51
27 45
1 40
26 44
60 62
16 38
48 53
45 47
48 59
12 37
48 61
9 59
21 48
5 63
52 60
53 59
53 61
26 30
24 57
22 37
52 54
59 61
54 56
