32 38
24 28
21 37
51 60
11 46
47 48
20 38
30 37
15 33
35 47
9 15
22 62
53 62
21 53
10 14
10 32
10 48
10 53
1 51
38 61
10 59
10 61
47 54
18 39
14 32
26 53
14 48
14 53
14 59
14 61
37 59
20 40
7 46
25 37
21 38
3 24
23 45
44 52
56 59
9 54
33 53
16 25
32 45
47 59
15 52
56 61
22 49
49 63
16 18
45 56
52 56
54 60
54 61
39 44
38 63
35 42
54 59
32 48
25 59
32 53
32 59
32 61
5 38
37 38
48 51
19 43
37 53
10 15
10 21
9 59
38 54
30 45
26 30
14 21
3 61
9 48
37 43
33 61
12 37
11 63
19 42
55 58
11 18
15 27
26 52
15 48
1 2
3 44
48 53
33 47
48 59
38 46
48 61
7 40
16 52
28 35
31 57
53 59
53 61
2 55
43 60
37 42
5 20
59 61
39 57
