32 56
39 59
14 52
19 25
30 51
33 61
18 26
43 55
37 52
1 5
26 38
33 54
20 30
18 60
10 14
10 32
10 48
10 53
21 43
27 28
10 59
10 61
25 49
55 62
14 32
45 54
14 48
14 53
14 59
14 61
26 37
15 48
16 35
28 44
10 37
3 37
33 59
42 51
38 39
3 48
9 48
25 57
12 33
9 15
18 21
45 56
15 53
16 38
54 58
35 52
2 11
21 38
45 53
3 63
45 47
15 38
22 61
32 48
7 63
32 53
32 59
32 61
9 59
37 38
52 59
38 61
47 56
37 59
48 52
11 20
38 42
51 60
16 61
20 47
1 19
15 47
21 32
2 40
24 44
24 40
46 54
53 63
31 38
9 61
37 53
7 22
46 60
11 56
48 53
30 44
48 59
47 54
48 61
5 39
15 59
42 43
35 37
53 59
53 61
21 53
46 49
37 57
23 62
59 61
10 54
