23 37
11 56
9 21
19 60
12 55
3 37
38 39
2 51
37 61
26 37
56 59
15 52
7 28
10 47
10 14
10 32
10 48
10 53
52 59
42 63
10 59
10 61
40 53
39 47
14 32
3 25
14 48
14 53
14 59
14 61
20 42
30 46
48 54
54 56
3 18
2 7
21 53
15 51
15 61
38 53
32 54
33 59
18 48
32 45
20 37
35 60
21 54
48 52
15 27
1 46
24 30
38 60
19 63
33 56
1 26
45 52
9 48
32 48
25 26
32 53
32 59
32 61
5 37
37 38
18 37
38 51
28 31
25 62
11 49
49 55
15 38
16 61
38 59
40 57
21 38
9 54
30 35
33 61
10 38
14 52
21 46
5 63
35 47
37 47
43 44
39 59
16 43
54 59
48 53
22 44
48 59
45 58
48 61
20 44
43 61
33 53
9 53
53 59
53 61
22 24
11 47
15 45
16 42
59 61
57 62
