14 21
51 60
21 59
15 38
33 61
15 52
30 39
59 63
44 62
25 38
9 27
15 21
11 22
21 45
10 14
10 32
10 48
10 53
46 47
42 49
10 59
10 61
2 58
45 59
14 32
55 60
14 48
14 53
14 59
14 61
11 16
15 53
56 61
45 54
5 7
16 37
47 48
18 37
38 63
38 61
3 46
10 54
5 30
15 56
37 53
38 51
26 35
9 61
15 31
3 57
39 48
25 63
18 42
45 48
16 62
32 33
9 26
32 48
9 33
32 53
32 59
32 61
33 52
37 38
28 43
18 61
20 44
21 39
3 35
12 55
32 38
7 44
52 53
47 60
48 54
56 59
22 35
26 53
23 37
37 52
28 53
40 49
1 37
37 47
46 54
25 43
2 24
54 59
48 53
20 51
48 59
11 38
48 61
20 37
19 40
38 59
54 56
53 59
53 61
30 47
42 43
10 52
1 24
59 61
19 57
