20 52
7 24
21 54
54 59
32 56
3 47
11 24
2 16
33 44
52 59
44 62
33 48
37 42
18 19
10 14
10 32
10 48
10 53
37 60
18 51
10 59
10 61
5 55
45 61
14 32
44 61
14 48
14 53
14 59
14 61
26 42
31 38
53 56
22 27
5 51
37 47
38 59
56 59
12 15
35 60
18 25
54 56
20 39
33 52
37 53
15 21
30 43
9 15
7 58
16 63
48 63
15 25
51 57
9 45
32 38
25 52
49 55
32 48
21 61
32 53
32 59
32 61
26 37
37 38
1 28
43 46
37 61
2 19
30 57
21 46
53 54
38 60
1 22
3 59
35 42
37 39
39 46
14 21
15 48
40 61
37 40
9 52
16 38
47 48
11 28
26 35
33 53
15 38
48 53
20 38
48 59
62 63
48 61
11 43
10 47
45 59
3 49
53 59
53 61
38 47
9 23
45 54
10 54
59 61
30 53
