56 61
20 55
14 52
25 61
25 46
37 63
45 53
18 35
10 38
40 62
39 42
33 54
3 43
43 51
10 14
10 32
10 48
10 53
1 30
38 61
10 59
10 61
35 37
28 37
14 32
15 53
14 48
14 53
14 59
14 61
20 30
15 48
2 42
18 51
45 56
11 44
33 59
20 21
9 16
35 52
33 48
9 23
12 37
9 32
5 61
10 54
38 54
16 63
15 45
39 54
7 24
9 21
45 47
56 59
47 48
33 61
59 63
32 48
11 51
32 53
32 59
32 61
3 21
37 38
47 59
7 27
52 53
37 59
21 38
26 38
3 26
2 19
22 43
16 19
22 26
15 21
32 47
40 57
46 53
25 57
5 39
44 60
31 49
42 62
38 53
1 60
11 38
47 60
48 53
44 48
48 59
54 59
48 61
37 46
15 56
28 55
37 52
53 59
53 61
15 52
30 37
18 38
24 49
59 61
54 58
