14 52
20 35
40 49
38 49
3 48
22 57
7 31
16 42
9 52
11 63
39 61
18 38
42 60
53 56
10 14
10 32
10 48
10 53
9 60
18 28
10 59
10 61
20 60
25 40
14 32
21 26
14 48
14 53
14 59
14 61
38 61
1 2
47 59
37 59
12 56
19 43
33 59
26 63
10 37
51 52
39 62
53 54
33 61
37 46
10 45
33 52
45 53
15 27
37 52
37 58
47 53
19 23
43 59
47 48
24 61
11 26
20 42
32 48
56 59
32 53
32 59
32 61
5 18
37 38
38 46
3 22
44 51
24 28
15 48
3 44
15 37
39 47
32 54
33 54
25 57
30 35
38 63
30 37
15 56
9 48
25 61
15 21
7 55
9 45
16 38
15 45
47 54
44 46
48 53
21 38
48 59
5 11
48 61
37 53
21 32
35 54
2 30
53 59
53 61
16 21
54 59
1 62
38 51
59 61
43 55
