30 38
42 43
48 52
25 61
5 60
3 46
37 42
2 46
33 59
20 63
15 20
2 28
7 42
19 31
10 14
10 32
10 48
10 53
45 59
9 61
10 59
10 61
32 47
54 59
14 32
37 51
14 48
14 53
14 59
14 61
33 39
35 48
52 59
15 37
37 52
38 53
15 33
35 37
18 60
25 38
46 51
21 54
35 39
38 60
9 48
32 56
12 38
28 62
9 21
38 59
1 23
26 61
11 16
27 45
16 52
30 63
19 49
32 48
54 56
32 53
32 59
32 61
11 25
37 38
59 63
18 47
44 47
53 54
10 38
5 11
40 51
37 62
15 48
15 56
26 44
24 57
21 37
22 53
47 61
53 56
3 55
10 54
7 39
37 61
18 26
15 21
3 24
45 47
48 53
14 52
48 59
44 55
48 61
9 45
40 57
22 49
30 43
53 59
53 61
21 43
54 58
33 53
1 16
59 61
20 38
