46 62
37 63
47 59
25 42
33 53
3 30
9 15
18 56
10 38
7 38
37 53
15 59
39 57
37 43
10 14
10 32
10 48
10 53
20 63
38 61
10 59
10 61
38 59
16 52
14 32
45 53
14 48
14 53
14 59
14 61
30 59
15 56
21 54
20 61
55 57
22 49
9 59
51 62
37 60
28 49
9 33
48 56
10 33
45 54
21 60
12 54
14 52
42 46
54 61
38 52
37 52
22 39
16 35
45 59
47 53
11 61
1 3
32 48
2 63
32 53
32 59
32 61
18 35
37 38
15 18
38 42
21 32
40 44
2 7
35 37
16 37
27 33
48 51
11 46
38 44
15 21
47 56
11 26
37 58
25 60
19 51
23 28
26 55
1 40
9 61
5 24
45 52
26 39
48 53
19 31
48 59
32 54
48 61
44 47
48 54
3 20
15 38
53 59
53 61
5 43
25 30
21 48
43 47
59 61
24 53
