16 24
37 39
10 47
5 40
33 45
26 39
28 38
37 59
37 52
27 28
38 53
15 59
15 38
1 30
10 14
10 32
10 48
10 53
53 63
2 7
10 59
10 61
37 53
43 57
14 32
15 48
14 48
14 53
14 59
14 61
38 58
15 52
14 47
54 56
11 15
33 53
3 33
48 51
21 45
23 56
10 56
15 33
9 59
9 48
43 44
16 49
21 54
32 37
32 54
35 55
43 52
18 21
2 19
45 53
46 52
20 38
38 60
32 48
18 46
32 53
32 59
32 61
46 61
37 38
45 61
22 26
20 42
31 54
42 62
30 59
20 35
11 26
37 47
44 49
52 59
54 61
7 51
47 61
12 55
22 40
16 38
37 63
18 60
5 19
9 47
37 60
21 44
21 48
48 53
3 25
48 59
1 57
48 61
11 35
38 39
25 42
9 54
53 59
53 61
25 63
3 30
24 51
61 62
59 61
56 59
