30 38
54 56
10 47
38 60
10 33
11 16
18 46
5 39
25 35
55 61
38 61
53 54
15 37
43 59
10 14
10 32
10 48
10 53
21 63
55 62
10 59
10 61
37 53
39 52
14 32
15 52
14 48
14 53
14 59
14 61
38 58
15 21
14 52
9 56
22 44
45 54
18 42
21 45
47 48
5 12
54 59
9 15
9 61
9 59
2 57
3 24
48 54
32 38
32 54
21 35
38 59
3 37
16 60
45 53
24 40
51 62
44 63
32 48
48 51
32 53
32 59
32 61
15 43
37 38
33 48
26 49
30 57
15 31
1 60
25 53
20 42
7 37
38 47
23 45
47 61
47 59
16 28
11 37
35 49
37 44
20 51
3 18
19 28
37 52
33 52
39 46
20 43
33 53
48 53
26 42
48 59
19 22
48 61
1 46
37 63
26 38
30 56
53 59
53 61
7 27
11 61
2 40
21 25
59 61
56 59
