22 51
15 32
12 17
10 32
9 26
34 44
27 40
20 47
20 40
4 39
1 19
10 37
18 46
41 47
20 44
10 47
41 43
19 45
36 43
26 32
14 41
26 51
15 26
36 47
26 39
12 40
6 46
47 51
22 47
0 38
32 43
48 51
12 45
8 37
12 51
46 47
26 40
1 27
1 15
41 45
26 45
43 47
1 7
17 43
10 36
5 29
13 47
30 32
47 50
1 43
26 46
37 46
3 47
22 40
10 23
40 43
32 41
45 51
35 40
18 51
41 51
14 51
45 47
23 51
20 29
1 45
32 46
2 19
1 51
20 37
36 45
3 45
32 40
32 47
14 46
2 17
1 34
1 47
31 32
37 41
12 19
40 44
20 46
20 26
12 47
16 46
5 36
2 47
1 23
40 49
45 46
40 50
26 28
20 41
1 2
