41 45
1 43
17 32
1 3
26 40
1 40
23 41
22 32
2 15
10 31
2 26
43 51
35 43
45 50
14 46
32 40
40 46
18 40
15 47
12 41
1 38
26 32
8 41
12 13
10 32
2 50
47 51
20 45
14 47
10 47
17 48
27 46
19 27
20 47
39 47
3 40
26 45
1 47
2 45
14 23
12 46
7 51
40 51
26 47
26 44
22 51
12 39
41 46
19 26
10 44
40 45
44 51
36 46
0 32
26 36
18 32
22 29
20 40
43 46
5 37
1 20
4 45
16 51
26 37
1 51
45 46
34 36
28 32
45 51
32 47
40 43
5 47
6 32
36 47
1 49
1 36
37 51
1 19
9 30
41 47
20 43
37 41
46 47
1 15
12 20
10 46
29 45
23 51
34 40
12 47
20 26
43 47
20 37
19 41
17 47
