32 41
20 43
15 32
2 17
40 47
1 10
23 41
12 32
32 34
32 43
5 26
41 51
26 27
10 23
14 46
32 40
40 46
16 18
15 45
3 12
38 51
8 32
43 46
37 47
29 37
2 22
44 47
43 45
1 22
10 47
39 46
45 46
17 47
6 47
1 46
2 51
26 32
1 47
26 37
19 45
26 46
7 51
40 51
26 47
12 50
19 51
12 45
41 44
23 36
40 45
27 40
26 34
0 36
1 14
47 51
1 51
19 26
20 40
47 49
2 40
20 37
41 45
22 37
43 47
1 3
35 47
1 36
28 30
45 51
29 32
40 41
5 47
1 43
20 47
1 40
18 39
48 51
12 41
10 36
19 47
20 32
20 41
46 51
1 15
17 26
9 31
12 46
20 44
10 40
4 36
20 26
43 50
13 46
14 45
45 47
