32 41
20 27
15 41
0 29
40 47
30 51
20 38
35 43
43 48
10 40
1 16
17 41
26 46
3 46
14 46
12 32
1 41
10 41
2 47
1 12
28 51
8 12
32 37
1 51
36 37
39 51
13 44
20 43
1 32
41 47
45 46
40 41
17 47
6 47
18 40
2 20
4 43
34 40
43 47
19 45
1 47
3 47
32 51
26 47
12 26
1 40
32 46
44 45
9 47
10 45
27 32
1 26
15 46
14 50
47 51
12 51
23 46
12 22
45 47
2 31
15 51
7 41
19 22
26 44
23 26
32 36
1 36
1 46
43 51
10 23
26 40
5 47
36 51
20 45
22 40
17 45
5 45
26 37
36 46
19 47
20 34
20 29
14 47
37 40
1 18
2 45
37 51
26 32
32 39
19 40
20 26
49 50
43 46
40 45
10 47
