32 51
36 45
10 44
47 51
46 47
1 2
12 47
3 16
31 44
37 46
17 47
1 12
30 47
17 40
5 9
14 43
39 41
2 41
36 41
29 32
12 34
37 47
26 36
1 51
12 40
1 45
27 32
45 51
20 46
41 47
43 45
34 45
23 26
12 20
1 40
17 46
15 35
1 37
40 47
14 46
45 47
15 19
1 50
1 20
26 46
6 26
40 41
44 51
2 26
5 26
0 18
8 40
32 39
20 40
1 47
10 51
20 43
15 32
14 47
2 43
1 26
22 28
22 40
22 51
10 40
20 23
32 47
43 46
36 43
10 43
3 45
32 49
19 47
4 51
10 46
12 23
26 45
32 37
36 40
46 51
18 20
1 29
41 45
37 45
19 46
47 48
19 51
26 32
7 51
32 38
41 50
27 47
13 40
26 41
20 47
