40 51
40 43
18 50
47 51
46 47
32 51
2 40
40 47
44 45
26 37
17 47
45 46
8 46
15 17
5 15
32 41
0 3
35 40
37 43
29 32
32 45
20 47
26 36
1 51
3 51
15 26
45 48
12 51
20 36
26 47
17 34
34 46
23 45
10 41
30 43
4 46
43 47
1 7
28 46
16 46
2 45
19 26
32 50
1 20
10 12
6 27
1 40
41 44
19 43
2 37
32 46
36 47
32 37
39 47
1 47
41 51
20 41
32 40
14 47
12 41
1 26
22 40
12 19
39 41
10 40
20 23
32 47
43 45
36 45
10 47
45 47
1 49
19 47
12 38
1 10
20 26
14 22
27 40
20 40
46 51
18 20
29 47
1 41
2 5
14 32
1 12
26 51
22 51
9 31
1 36
26 44
23 43
13 51
26 46
37 45
