2 51
39 47
20 51
1 46
26 46
15 40
12 47
2 14
26 51
10 45
20 32
1 15
17 51
3 46
14 46
2 47
23 40
23 39
20 47
1 32
32 36
41 45
0 44
10 41
43 51
18 41
19 37
10 19
19 20
32 45
34 43
32 47
12 51
31 45
26 43
34 45
26 47
40 47
37 45
22 47
10 43
20 40
17 45
12 44
27 51
12 15
12 30
5 45
1 50
26 29
8 40
41 51
32 37
26 36
16 41
40 50
35 40
3 32
36 51
9 47
46 47
38 47
7 37
22 46
46 51
32 43
43 47
1 28
37 47
47 49
29 45
27 45
2 20
32 40
13 14
4 26
23 26
1 17
47 51
1 20
26 40
36 46
18 36
10 44
6 41
5 20
1 47
26 48
32 46
1 40
43 46
1 12
1 41
22 41
19 40
