10 20
41 51
30 51
32 43
1 8
2 36
28 46
5 40
36 45
40 46
10 47
5 51
1 20
22 32
17 47
1 36
20 37
40 41
47 48
20 26
2 40
26 40
26 47
14 43
17 37
29 32
19 47
10 43
9 51
41 44
26 36
32 44
12 20
37 45
13 26
18 46
12 29
39 47
46 51
45 51
47 51
50 51
1 32
45 46
32 46
2 43
1 41
23 45
26 46
15 47
15 22
19 45
14 40
45 47
36 47
16 40
3 40
2 51
27 47
26 41
47 50
12 32
40 49
0 26
10 23
3 22
15 32
1 46
41 45
35 47
39 46
20 43
1 26
41 47
14 19
40 47
1 34
20 23
31 46
44 51
1 45
32 51
20 40
1 12
4 19
27 37
1 37
7 47
18 43
10 38
32 45
17 26
6 12
34 43
12 41
