43 46
1 10
1 51
3 43
32 51
20 40
46 50
35 45
12 40
15 20
32 47
16 36
23 47
9 51
41 47
27 45
6 47
22 32
10 14
1 26
14 40
32 49
40 46
2 46
31 47
36 47
27 34
13 32
26 48
1 47
18 45
15 32
44 51
20 46
10 19
0 38
7 41
12 37
1 23
22 40
1 20
1 18
36 37
36 51
20 51
4 34
37 45
2 47
2 12
15 51
37 40
41 45
20 29
1 40
14 46
5 26
41 46
8 41
45 51
10 41
30 47
12 26
20 47
26 41
12 47
20 43
43 47
3 47
1 50
23 45
2 26
36 44
39 40
17 40
1 22
45 47
29 47
1 32
37 47
17 26
32 41
32 40
17 43
44 46
19 45
5 43
46 51
12 19
26 43
19 51
39 51
45 46
26 28
26 40
10 32
