1 32
1 35
28 47
26 50
12 26
8 37
44 46
32 47
22 36
5 40
40 45
45 47
26 47
30 41
40 46
15 51
1 46
19 37
2 40
43 47
17 47
32 40
14 40
20 47
20 32
46 47
36 51
15 32
17 19
20 51
23 47
43 46
41 46
1 7
37 47
1 51
1 26
10 29
23 26
17 34
26 45
14 51
3 45
22 46
18 39
23 32
16 26
1 13
12 31
0 43
9 19
19 47
40 43
14 45
47 51
41 45
38 48
36 37
12 44
1 36
15 47
37 41
1 45
40 47
2 32
36 50
2 51
10 41
20 26
22 51
20 41
20 46
43 44
32 49
10 20
46 51
34 43
5 26
12 46
1 41
18 29
27 51
12 45
2 45
6 45
20 40
3 39
1 40
32 41
10 51
10 40
12 43
4 47
27 47
26 32
