13 45
32 43
15 29
41 46
36 41
1 12
12 40
26 40
20 28
1 45
4 40
45 47
32 40
15 20
1 18
3 19
27 41
15 37
22 27
26 43
20 50
18 40
40 46
44 46
47 48
14 46
23 37
1 20
1 43
26 51
2 26
36 51
19 47
23 47
37 44
32 47
1 47
12 51
5 47
1 46
26 45
6 36
2 37
22 40
22 26
10 34
17 32
41 51
40 41
26 47
10 39
9 46
26 49
7 47
1 10
17 40
17 34
32 41
12 45
2 46
39 45
10 40
3 51
40 47
44 51
35 51
20 32
14 30
20 47
43 45
5 32
12 47
36 50
16 47
19 45
8 45
32 37
36 43
0 1
47 51
26 31
20 51
46 47
12 32
41 45
43 51
1 19
14 51
1 26
38 46
23 32
10 47
29 41
43 46
2 20
