10 20
41 46
30 51
9 45
7 39
2 43
4 47
15 47
36 40
40 51
10 23
5 26
20 43
6 47
36 46
5 31
20 46
41 45
15 43
12 20
43 44
41 44
26 47
43 51
14 17
32 48
39 45
32 47
1 34
22 43
26 36
10 27
32 37
20 45
3 18
23 46
1 29
19 41
46 51
45 46
46 47
15 50
1 26
32 40
1 37
41 47
22 26
14 38
26 51
40 47
12 19
32 51
1 19
45 47
29 40
27 40
12 26
20 51
16 37
32 41
47 50
40 46
28 47
0 32
1 3
37 43
8 47
32 49
12 45
35 47
26 46
36 51
1 10
14 41
18 40
20 32
1 2
20 23
36 45
1 32
2 51
19 51
22 40
12 40
45 51
34 47
37 46
44 47
1 17
10 45
13 26
17 26
2 47
40 41
1 12
