26 45
36 50
13 43
43 46
36 44
10 26
1 43
3 26
20 32
40 47
41 47
4 45
20 40
17 40
5 18
40 51
47 51
26 47
46 47
26 51
20 43
1 32
0 46
2 44
1 3
32 46
1 49
16 47
45 51
1 14
37 51
2 47
1 19
2 23
27 47
12 47
1 30
35 47
44 45
1 46
22 51
39 47
37 45
36 40
46 50
9 40
32 51
1 15
10 15
32 38
10 51
19 47
8 45
14 34
34 46
26 41
40 45
12 46
10 22
32 45
41 48
1 47
43 51
36 47
26 43
10 40
12 20
12 23
20 47
20 36
26 32
12 43
19 46
37 40
12 19
26 29
20 22
27 40
5 37
6 32
7 26
15 51
28 47
17 32
40 41
14 41
29 51
32 39
18 37
1 45
23 31
17 41
2 41
45 46
20 41
