26 45
20 32
13 47
4 22
20 46
26 46
20 35
46 51
27 51
47 51
41 47
45 51
20 40
16 29
2 18
34 51
43 47
1 47
32 47
26 51
14 43
32 46
0 40
12 40
40 44
1 36
36 41
14 47
18 51
12 47
1 26
14 40
1 51
2 46
19 47
23 45
30 39
5 40
1 22
1 19
15 17
1 10
37 45
40 46
43 50
26 40
32 51
20 49
5 47
12 31
10 46
1 50
45 47
1 12
34 45
26 41
17 32
19 46
10 23
32 45
41 48
43 46
32 43
22 36
26 43
1 29
20 47
2 15
36 47
20 45
26 39
3 47
7 41
37 40
19 40
10 41
1 9
40 43
37 47
44 51
2 26
10 12
28 36
8 32
37 41
45 46
27 32
26 32
20 44
23 51
6 15
17 47
12 41
3 45
37 38
