41 47
12 48
4 43
16 47
45 51
12 32
32 41
10 40
20 32
40 45
15 46
17 36
1 46
12 37
36 45
22 36
41 43
12 45
43 44
10 38
19 22
26 27
36 47
13 43
2 26
1 47
12 26
41 46
15 40
45 47
5 46
20 39
20 40
26 46
34 40
37 51
17 45
15 39
1 23
0 1
14 47
19 26
44 47
32 43
41 51
46 51
2 46
10 51
7 41
20 51
19 23
41 45
47 51
3 47
17 31
40 47
32 45
28 46
26 29
30 34
1 40
2 47
26 32
9 43
1 41
2 20
37 47
26 40
1 14
6 49
18 50
10 43
26 51
14 40
37 44
5 40
20 47
3 20
1 51
12 47
35 40
26 37
18 51
45 46
32 36
19 46
27 32
29 47
47 50
23 32
1 22
8 51
1 32
1 20
10 45
