2 47
41 46
19 37
5 40
26 46
1 32
14 30
12 15
12 51
0 45
36 51
40 45
20 43
6 47
17 47
31 37
20 47
41 51
12 46
2 20
41 44
10 32
10 47
43 51
17 20
26 32
26 45
7 38
40 49
36 47
32 37
23 27
9 32
20 45
34 51
20 46
29 32
18 22
46 51
45 46
1 39
45 47
1 26
43 48
1 37
41 47
40 50
14 26
13 28
40 43
12 19
1 51
10 19
26 47
36 40
22 36
1 19
20 51
26 37
32 50
46 47
1 34
40 46
4 26
41 45
41 43
8 47
3 40
1 12
43 47
39 45
47 51
43 46
14 41
1 40
1 10
1 47
20 23
10 45
44 45
26 51
16 51
2 29
32 46
15 17
35 47
3 5
27 44
15 32
12 32
23 26
18 47
2 36
40 41
22 40
