2 43
17 41
10 37
40 51
26 46
32 48
15 26
18 40
37 51
43 46
3 45
38 40
1 43
6 47
23 47
1 2
20 47
41 51
2 28
20 45
22 51
36 46
39 45
32 34
27 46
19 47
9 47
7 32
1 36
10 36
37 46
27 49
26 40
20 41
4 5
20 46
22 29
17 44
1 46
1 45
12 39
26 45
1 26
22 43
43 47
45 51
3 47
10 40
1 5
40 47
12 19
1 51
19 45
15 20
36 40
32 41
19 40
20 26
26 47
32 50
0 47
34 47
12 40
23 45
41 45
44 47
8 29
30 41
1 20
32 44
1 32
17 47
14 46
41 43
40 43
10 20
18 46
12 23
12 51
31 50
14 51
47 51
2 12
16 26
26 51
35 37
32 46
36 47
15 32
10 47
14 26
1 13
37 45
40 41
32 51
