12 75
1 52
25 77
18 54
17 31
32 74
31 78
25 35
66 74
25 69
29 66
5 58
40 78
45 54
43 50
3 14
66 69
41 57
37 75
8 33
8 32
8 17
8 72
30 75
12 77
10 61
8 36
76 78
40 76
31 76
30 35
12 26
12 30
57 71
12 48
12 33
54 57
23 34
12 68
12 72
12 31
12 64
18 36
46 78
17 64
8 59
12 36
35 68
12 78
10 65
48 53
13 64
16 37
25 55
17 26
17 29
17 30
17 46
17 48
22 64
17 33
8 12
17 68
17 72
17 59
17 75
17 76
17 40
17 36
17 77
62 77
1 42
26 75
8 77
29 78
1 55
12 76
63 65
44 68
55 73
42 44
31 59
26 30
8 38
26 48
53 75
26 33
26 32
26 72
26 64
28 75
26 40
26 36
26 78
8 40
13 67
29 32
46 68
29 68
44 74
13 47
48 75
29 36
29 77
41 59
53 55
30 48
38 68
30 33
30 32
30 72
30 64
4 66
30 40
30 36
30 78
28 46
12 40
29 31
31 32
31 68
32 45
31 36
4 62
32 46
32 48
32 53
32 35
32 33
4 31
53 77
32 68
32 72
32 73
2 16
32 59
32 75
32 76
32 40
32 36
32 77
59 64
33 46
33 48
33 72
33 64
33 75
33 76
33 36
33 78
42 77
52 55
5 13
42 52
35 36
36 46
36 48
36 53
26 53
36 68
36 72
36 73
36 64
36 75
36 76
36 40
36 78
26 76
8 46
32 78
73 78
40 48
1 29
48 73
25 62
53 74
1 44
36 74
34 64
44 66
17 62
8 48
53 69
46 64
46 72
8 64
25 66
12 17
48 68
48 72
48 64
75 78
32 71
48 78
30 73
12 32
46 59
53 68
30 53
4 52
42 73
29 69
4 42
12 46
57 68
64 76
31 35
55 62
59 78
18 63
29 76
64 68
64 72
35 64
7 32
18 57
64 78
37 71
23 68
44 69
1 62
21 50
52 69
48 76
68 78
72 75
72 76
72 78
4 74
38 65
29 52
26 46
23 37
