12 76
25 62
1 4
3 63
29 74
1 25
52 69
8 68
4 25
25 42
31 66
2 12
52 66
8 12
28 32
34 37
55 77
10 22
36 37
8 33
8 32
8 17
8 72
8 31
32 64
13 43
8 36
8 48
8 64
16 76
31 75
12 26
12 30
7 58
12 48
12 33
26 46
53 74
12 68
12 72
76 77
12 64
57 71
46 59
12 17
48 76
12 36
29 31
12 78
28 46
53 78
12 59
13 65
17 52
17 26
17 29
17 30
17 46
17 48
53 59
17 33
26 75
17 68
17 72
17 59
17 75
17 76
17 40
17 36
17 77
44 73
42 73
26 35
63 71
75 78
62 74
31 35
64 77
44 77
17 64
52 74
52 77
26 30
14 16
26 48
34 64
26 33
26 32
26 72
26 64
45 54
26 40
26 36
26 78
13 41
40 46
29 32
18 46
29 68
62 66
18 78
40 75
29 36
29 77
75 76
32 66
30 48
23 32
30 33
30 32
30 72
30 64
12 35
30 40
30 36
30 78
30 76
38 50
30 35
31 32
31 68
59 75
31 36
25 74
32 46
32 48
32 53
32 35
32 33
53 64
53 77
32 68
32 72
32 73
50 57
32 59
32 75
32 76
32 40
32 36
32 77
59 78
33 46
33 48
33 72
33 64
33 75
33 76
33 36
33 78
42 68
12 73
64 75
62 69
35 36
36 46
36 48
36 53
26 53
36 68
36 72
36 73
36 64
36 75
36 76
36 40
36 78
8 78
8 38
40 78
54 68
40 48
44 55
35 48
31 55
4 69
1 66
29 62
12 46
42 69
31 48
13 23
42 55
54 57
46 72
5 59
29 55
18 61
48 68
48 72
48 64
40 64
41 47
48 78
68 73
23 65
29 75
53 68
30 53
25 55
4 44
4 74
1 29
10 71
57 68
64 76
4 66
1 73
12 32
46 78
17 31
64 68
64 72
29 78
32 67
37 57
64 78
65 68
5 21
42 52
44 69
37 38
44 53
46 48
68 78
72 75
72 76
72 78
36 62
18 45
1 69
76 78
8 30
