12 76
4 44
44 69
13 43
44 66
4 17
25 55
8 48
4 74
42 62
25 62
37 41
53 78
12 75
28 32
59 75
29 52
32 61
18 65
8 33
8 32
8 17
8 72
8 26
32 64
34 58
8 36
68 76
8 64
5 47
17 31
12 26
12 30
45 65
12 48
12 33
26 76
35 55
12 68
12 72
40 76
12 64
13 71
31 46
12 17
29 76
12 36
29 31
12 78
57 71
77 78
59 64
36 37
52 66
17 26
17 29
17 30
17 46
17 48
31 59
17 33
50 75
17 68
17 72
17 59
17 75
17 76
17 40
17 36
17 77
29 42
1 31
26 35
12 40
75 78
1 52
31 73
29 44
52 74
17 64
74 77
66 73
26 30
14 16
26 48
16 37
26 33
26 32
26 72
26 64
41 54
26 40
26 36
26 78
7 13
48 75
29 32
13 63
29 68
4 36
2 12
8 40
29 36
29 77
30 46
1 55
30 48
38 50
30 33
30 32
30 72
30 64
12 35
30 40
30 36
30 78
23 75
28 57
30 35
31 32
31 68
75 77
31 36
4 25
32 46
32 48
32 53
32 35
32 33
31 64
53 77
32 68
32 72
32 73
5 59
32 59
32 75
32 76
32 40
32 36
32 77
59 78
33 46
33 48
33 72
33 64
33 75
33 76
33 36
33 78
69 73
64 73
46 64
44 74
35 36
36 46
36 48
36 53
26 53
36 68
36 72
36 73
36 64
36 75
36 76
36 40
36 78
8 78
8 76
63 78
23 54
40 48
62 66
35 48
62 77
52 53
25 74
1 74
12 46
69 77
48 53
38 68
31 42
32 54
46 72
34 46
42 68
12 18
48 68
48 72
48 64
40 64
37 57
48 78
68 73
23 57
8 59
53 68
30 53
32 42
66 69
29 55
1 66
3 10
57 68
64 75
55 69
44 52
12 32
46 78
53 76
64 68
64 72
29 78
10 67
18 38
64 78
65 68
21 22
55 62
1 25
18 46
4 62
46 48
68 78
72 75
72 76
72 78
25 69
45 71
42 53
76 78
8 30
