8 12
62 69
4 35
13 21
29 55
25 69
29 62
48 76
32 52
25 66
25 52
41 65
31 48
75 77
32 34
40 46
53 74
2 22
57 71
8 33
8 32
8 17
8 72
26 75
32 64
7 16
8 36
8 29
8 64
5 13
17 53
12 26
12 30
18 63
12 48
12 33
26 76
30 35
12 68
12 72
18 46
12 64
38 57
30 46
12 35
46 68
12 36
29 31
12 78
18 36
31 78
59 64
13 65
4 55
17 26
17 29
17 30
17 46
17 48
4 25
17 33
50 76
17 68
17 72
17 59
17 75
17 76
17 40
17 36
17 77
29 44
52 55
26 35
12 59
8 78
55 69
48 73
42 62
1 66
17 78
25 62
42 53
26 30
34 59
26 48
45 47
26 33
26 32
26 72
26 64
54 68
26 40
26 36
26 78
37 57
48 75
29 32
28 54
29 68
55 62
32 61
64 75
29 36
29 77
8 30
1 4
30 48
38 75
30 33
30 32
30 72
30 64
17 64
30 40
30 36
30 78
23 68
14 16
4 68
31 32
31 68
46 75
31 36
74 77
32 46
32 48
32 53
32 35
32 33
40 64
62 74
32 68
32 72
32 73
5 57
32 59
32 75
32 76
32 40
32 36
32 77
40 78
33 46
33 48
33 72
33 64
33 75
33 76
33 36
33 78
69 74
37 43
64 76
66 77
35 36
36 46
36 48
36 53
26 53
36 68
36 72
36 73
36 64
36 75
36 76
36 40
36 78
76 78
8 53
63 76
10 78
40 48
44 69
31 35
52 73
31 59
42 66
1 44
12 46
31 77
12 53
65 71
44 74
32 71
46 72
3 45
1 69
13 64
48 68
48 72
48 64
12 77
37 38
48 78
68 73
40 75
59 76
53 68
30 31
36 44
25 74
4 66
1 73
10 23
57 68
64 73
29 66
52 53
12 32
46 78
12 76
64 68
64 72
29 78
75 78
12 58
64 78
50 54
28 37
17 52
42 55
18 23
42 44
46 48
68 78
72 75
72 76
72 78
42 77
41 67
1 53
8 59
8 31
