8 12
53 55
29 66
21 37
29 55
66 69
4 42
30 76
62 69
1 55
52 77
45 65
48 53
40 75
28 32
46 78
55 69
2 41
38 57
8 33
8 32
8 17
8 72
30 46
12 32
16 37
8 36
8 10
46 64
16 57
17 31
12 26
12 30
47 63
12 48
12 33
46 48
30 35
12 68
12 72
8 64
12 64
38 68
12 76
12 35
31 77
12 36
29 53
12 78
18 36
75 78
59 78
37 57
4 29
17 26
17 29
17 30
17 46
17 48
44 73
17 33
8 46
17 68
17 72
17 59
17 75
17 76
17 40
17 36
17 77
17 69
25 52
26 35
12 59
8 78
4 44
35 68
25 66
4 36
17 78
69 74
52 69
26 30
45 59
26 48
18 65
26 33
26 32
26 72
26 64
5 71
26 40
26 36
26 78
13 50
8 48
29 32
34 65
29 68
4 55
32 43
40 64
29 36
29 77
30 75
1 66
30 48
46 77
30 33
30 32
30 72
30 64
12 67
30 40
30 36
30 78
23 38
5 14
25 77
31 32
31 68
31 75
31 36
42 74
32 46
32 48
32 53
32 35
32 33
17 64
25 44
32 68
32 72
32 73
18 63
32 59
32 75
32 76
32 40
32 36
32 77
32 64
33 46
33 48
33 72
33 64
33 75
33 76
33 36
33 78
42 66
37 58
40 76
31 52
35 36
36 46
36 48
36 53
26 53
36 68
36 72
36 73
36 64
36 75
36 76
36 40
36 78
29 76
8 68
13 76
12 40
40 48
42 44
53 73
1 29
53 59
62 66
42 62
46 59
52 74
53 64
32 54
31 76
68 71
46 72
3 22
1 68
64 75
48 68
48 72
48 64
64 77
34 54
48 78
48 73
12 75
48 76
53 68
26 31
31 62
35 44
53 62
25 32
13 23
57 68
31 78
1 77
73 74
73 78
64 76
8 50
64 68
64 72
29 78
13 78
7 10
64 78
46 54
28 61
25 74
4 62
18 71
42 55
23 57
68 78
72 75
72 76
72 78
1 74
12 41
44 52
59 75
26 75
