8 12
4 44
32 44
5 59
25 36
29 55
4 55
30 46
55 77
52 66
25 73
45 54
48 53
40 46
28 32
40 78
4 68
2 28
53 73
8 33
8 32
8 17
8 72
46 64
12 32
13 46
8 36
37 65
64 76
8 38
17 31
12 26
12 30
34 76
12 48
12 33
16 18
52 62
12 68
12 72
8 30
12 64
16 57
12 76
12 31
31 77
12 36
29 31
12 78
18 36
75 78
12 59
37 57
29 52
17 26
17 29
17 30
17 46
17 48
42 69
17 33
8 46
17 68
17 72
17 59
17 75
17 76
17 40
17 36
17 77
52 74
35 55
26 35
59 78
8 78
42 62
30 35
42 77
66 74
17 78
1 55
4 42
26 30
21 45
26 48
13 71
26 33
26 32
26 72
26 64
41 71
26 40
26 36
26 78
18 63
46 48
29 32
3 61
29 68
44 69
10 38
40 64
29 36
29 77
48 75
4 66
30 48
75 77
30 33
30 32
30 72
30 64
12 67
30 40
30 36
30 78
23 68
10 13
1 25
31 32
31 68
53 76
31 36
55 62
32 46
32 48
32 53
32 35
32 33
17 64
53 74
32 68
32 72
32 73
14 18
32 59
32 75
32 76
32 40
32 36
32 77
32 64
33 46
33 48
33 72
33 64
33 75
33 76
33 36
33 78
1 66
5 22
40 76
59 75
35 36
36 46
36 48
36 53
26 53
36 68
36 72
36 73
36 64
36 75
36 76
36 40
36 78
29 75
68 75
47 50
12 46
40 48
25 74
25 69
62 69
53 59
66 69
1 31
8 59
35 42
46 78
32 54
68 71
23 38
46 72
32 58
42 53
64 75
48 68
48 72
48 64
64 77
34 43
48 78
48 73
12 75
26 76
53 68
26 31
29 69
25 77
1 62
44 52
54 57
57 68
53 78
1 44
17 74
73 78
12 35
57 65
64 68
64 72
29 78
37 64
63 76
64 78
30 76
41 64
31 62
4 52
7 13
44 74
23 37
68 78
72 75
72 76
72 78
29 66
50 65
68 73
8 31
8 48
