12 40
42 69
29 74
31 75
55 66
25 74
4 53
59 76
44 74
62 69
1 55
45 46
46 53
59 75
8 78
40 78
25 52
34 43
53 77
8 33
8 32
8 17
8 72
31 64
32 78
30 46
8 36
65 68
64 76
37 75
17 78
12 26
12 30
46 68
12 48
12 33
26 75
42 55
12 68
12 72
10 59
12 64
5 14
76 78
29 31
31 48
12 36
30 31
12 78
13 36
12 75
12 59
37 57
4 69
17 26
17 29
17 30
17 46
17 48
44 55
17 33
40 46
17 68
17 72
17 59
17 75
17 76
17 40
17 36
17 77
1 42
52 77
35 68
59 78
18 78
55 73
25 42
55 77
44 66
29 78
62 74
25 73
26 30
3 18
26 48
28 38
26 33
26 32
26 72
26 64
34 71
26 40
26 36
26 78
7 16
46 48
29 32
28 57
29 68
31 44
32 38
12 17
29 36
29 77
48 75
4 42
30 48
30 53
30 33
30 32
30 72
30 64
21 67
30 40
30 36
30 78
23 57
12 50
4 52
31 32
31 68
53 64
31 36
1 36
32 46
32 48
32 53
32 35
32 33
17 53
44 53
32 68
32 72
32 73
18 23
32 59
32 75
32 76
32 40
32 36
32 77
32 64
33 46
33 48
33 72
33 64
33 75
33 76
33 36
33 78
42 74
2 10
75 77
29 76
35 36
36 46
36 48
36 53
26 35
36 68
36 72
36 73
36 64
36 75
36 76
36 40
36 78
54 57
8 76
8 64
12 46
40 48
52 62
66 68
69 73
53 59
66 77
29 52
8 30
25 62
5 71
75 78
54 68
37 65
46 72
18 41
4 29
47 64
48 68
48 72
48 64
8 12
22 41
48 78
25 31
12 76
13 58
53 68
31 35
17 44
4 66
69 74
1 52
8 38
57 68
64 77
1 62
32 62
12 35
35 64
37 50
64 68
64 72
46 64
13 16
63 65
64 78
26 76
32 61
66 69
48 73
32 63
1 29
13 23
68 78
72 75
72 76
72 78
8 40
54 71
26 73
8 45
48 76
