40 64
25 62
4 52
46 59
4 66
52 69
55 69
8 59
53 78
25 29
52 77
50 67
17 31
53 73
8 78
77 78
1 53
34 43
53 77
8 33
8 32
8 17
8 72
31 55
12 32
26 46
8 36
32 71
64 76
75 78
17 78
12 26
12 30
29 75
12 48
12 33
8 26
31 42
12 68
12 72
13 34
12 64
59 64
46 78
29 31
48 53
12 36
30 31
12 78
18 36
12 75
14 21
7 37
44 66
17 26
17 29
17 30
17 46
17 48
1 55
17 33
40 46
17 68
17 72
17 59
17 75
17 76
17 40
17 36
17 77
42 62
17 74
35 68
59 78
18 78
44 52
12 29
42 74
25 55
73 78
44 62
42 69
26 30
3 18
26 48
12 41
26 33
26 32
26 72
26 64
13 57
26 40
26 36
26 78
23 68
46 68
29 32
5 57
29 68
44 73
38 68
17 64
29 36
29 77
48 75
53 76
30 48
30 73
30 33
30 32
30 72
30 64
16 47
30 40
30 36
30 78
23 57
37 54
1 69
31 32
31 68
12 40
31 36
4 35
32 46
32 48
32 53
32 35
32 33
46 53
31 59
32 68
32 72
32 73
13 16
32 59
32 75
32 76
32 40
32 36
32 77
32 64
33 46
33 48
33 72
33 64
33 75
33 76
33 36
33 78
42 53
2 32
75 76
45 61
35 36
36 46
36 48
36 53
30 35
36 68
36 72
36 73
36 64
36 75
36 76
36 40
36 78
57 65
8 77
8 64
46 64
40 48
25 69
36 66
52 74
1 35
29 55
66 74
8 30
55 66
37 45
18 46
28 65
65 71
46 72
26 76
1 29
22 63
48 68
48 72
48 64
8 12
41 76
48 78
52 62
12 76
12 58
53 68
62 74
29 66
25 42
4 68
4 25
71 75
57 68
31 64
62 77
44 77
12 35
69 74
23 50
64 68
64 72
64 75
8 48
37 38
64 78
5 76
10 59
32 44
48 73
32 63
1 4
13 54
68 78
72 75
72 76
72 78
40 75
28 54
26 31
10 38
48 76
