75 78
66 69
42 74
59 76
55 73
29 69
55 69
40 76
7 28
1 42
4 55
32 58
25 66
48 73
8 78
77 78
4 44
18 57
34 64
8 33
8 32
8 17
8 72
25 42
59 78
23 46
8 36
52 74
31 59
8 13
25 44
12 26
12 30
8 12
12 48
12 33
32 38
1 4
12 68
12 72
45 61
12 64
64 76
2 3
76 78
35 53
12 36
17 31
12 78
5 57
28 65
47 78
46 48
29 42
17 26
17 29
17 30
17 46
17 48
1 77
17 33
18 64
17 68
17 72
17 59
17 75
17 76
17 40
17 36
17 77
42 62
62 68
12 73
12 59
12 17
4 35
29 64
75 76
32 64
26 35
29 52
29 74
26 30
8 59
26 48
10 71
26 33
26 32
26 72
26 64
48 53
26 40
26 36
26 78
54 68
26 75
29 32
32 41
29 68
4 66
45 76
17 64
29 36
29 77
48 75
36 37
30 48
30 75
30 33
30 32
30 72
30 64
16 43
30 40
30 36
30 78
54 57
37 65
52 77
31 32
31 68
40 64
31 36
44 69
32 46
32 48
32 53
32 35
32 33
53 78
31 62
32 68
32 72
32 73
63 67
32 59
32 75
32 76
32 40
32 36
32 77
12 32
33 46
33 48
33 72
33 64
33 75
33 76
33 36
33 78
23 34
1 66
26 53
26 31
35 36
36 46
36 48
36 53
30 35
36 68
36 72
36 73
36 64
36 75
36 76
36 40
36 78
8 48
40 75
8 53
46 78
40 48
31 66
29 46
62 77
1 36
52 69
55 62
30 46
44 74
31 46
37 50
37 54
18 38
46 72
35 68
44 62
14 18
48 68
48 72
48 64
12 75
5 59
48 78
25 32
64 73
10 13
53 68
1 44
12 53
17 52
53 55
4 74
75 77
57 68
53 77
42 73
66 74
40 78
29 31
21 41
64 68
64 72
8 68
46 64
38 65
64 78
12 76
68 71
25 69
30 76
16 71
25 31
13 22
68 78
72 75
72 76
72 78
12 46
23 57
52 55
13 63
8 50
