5 22
4 66
36 52
8 53
17 55
44 74
25 73
18 76
18 28
44 66
62 66
61 78
1 53
30 73
8 64
35 64
4 55
36 37
5 47
8 33
8 32
8 17
8 72
1 66
43 63
57 65
8 36
29 42
31 73
8 40
25 77
12 26
12 30
8 12
12 48
12 33
32 38
29 66
12 68
12 72
65 71
12 64
29 76
2 67
12 77
31 77
12 36
17 53
12 78
45 57
32 58
3 34
48 75
44 62
17 26
17 29
17 30
17 46
17 48
68 74
17 33
53 78
17 68
17 72
17 59
17 75
17 76
17 40
17 36
17 77
55 69
29 53
13 78
12 59
12 35
31 48
29 64
23 76
59 64
26 35
1 62
68 73
26 30
30 46
26 48
13 54
26 33
26 32
26 72
26 64
12 40
26 40
26 36
26 78
38 68
30 75
29 32
46 78
29 68
31 42
18 50
17 64
29 36
29 77
48 76
37 57
30 48
40 46
30 33
30 32
30 72
30 64
16 64
30 40
30 36
30 78
26 31
18 38
44 69
31 32
31 68
12 76
31 36
42 77
32 46
32 48
32 53
32 35
32 33
32 78
4 62
32 68
32 72
32 73
7 13
32 59
32 75
32 76
32 40
32 36
32 77
12 32
33 46
33 48
33 72
33 64
33 75
33 76
33 36
33 78
34 71
1 35
26 53
46 77
35 36
36 46
36 48
36 53
35 48
36 68
36 72
36 73
36 64
36 75
36 76
36 40
36 78
8 48
59 75
31 75
59 76
40 48
25 74
41 59
25 66
29 52
25 32
52 69
46 68
42 62
1 44
13 63
54 68
10 23
46 72
4 69
1 52
14 37
48 68
48 72
48 64
64 75
28 46
48 78
69 74
31 78
17 78
53 68
52 62
42 53
52 74
55 74
29 69
16 75
57 68
31 59
4 42
25 55
40 64
8 78
21 50
64 68
64 72
8 76
46 64
10 65
64 78
12 46
37 71
44 77
26 76
23 45
4 73
8 30
68 78
72 75
72 76
72 78
12 75
54 57
53 55
32 41
75 78
