32 50
1 55
1 29
31 73
31 42
29 55
4 62
5 21
28 47
25 32
4 25
8 78
44 55
66 69
40 75
31 78
52 69
13 61
26 76
8 33
8 32
8 17
8 72
4 36
65 71
54 68
8 36
32 78
12 28
37 57
25 69
12 26
12 30
18 38
12 48
12 33
59 63
52 74
12 68
12 72
12 59
12 64
8 68
29 64
46 64
66 74
12 36
17 64
12 78
54 57
64 76
14 67
17 42
30 73
17 26
17 29
17 30
17 46
17 48
25 74
17 33
76 78
17 68
17 72
17 59
17 75
17 76
17 40
17 36
17 77
52 55
30 31
46 77
12 35
32 64
46 59
12 18
55 74
53 76
23 45
44 62
68 73
26 30
50 58
26 48
34 43
26 33
26 32
26 72
26 64
57 65
26 40
26 36
26 78
59 64
44 52
29 32
8 59
29 68
25 62
34 65
1 62
29 36
29 77
12 77
17 53
30 48
46 48
30 33
30 32
30 72
30 64
30 75
30 40
30 36
30 78
13 54
18 75
29 53
31 32
31 68
17 78
31 36
4 35
32 46
32 48
32 53
32 35
32 33
37 41
42 77
32 68
32 72
32 73
8 48
32 59
32 75
32 76
32 40
32 36
32 77
73 78
33 46
33 48
33 72
33 64
33 75
33 76
33 36
33 78
2 5
4 44
29 74
40 76
35 36
36 46
36 48
36 53
30 35
36 68
36 72
36 73
36 64
36 75
36 76
36 40
36 78
8 26
31 76
10 38
48 75
40 48
35 48
16 18
74 77
69 73
42 62
1 77
46 76
1 44
35 66
10 37
13 71
8 71
46 72
25 66
26 53
23 32
48 68
48 72
48 64
38 41
75 78
48 78
55 69
46 78
23 68
53 68
8 64
53 59
31 77
52 66
1 68
8 29
57 68
4 42
29 42
52 53
40 64
64 75
12 75
64 68
64 72
48 53
12 40
57 63
64 78
12 46
16 75
31 66
12 22
7 32
44 69
45 76
68 78
72 75
72 76
72 78
3 37
13 36
26 46
31 62
53 78
