14 41
4 29
36 44
66 77
55 69
4 42
68 73
16 59
18 38
44 55
29 44
12 53
55 66
69 77
40 76
35 53
31 62
28 32
26 53
8 33
8 32
8 17
8 72
4 52
23 68
54 76
8 36
34 78
45 57
13 57
42 62
12 26
12 30
10 38
12 48
12 33
10 71
25 52
12 68
12 72
40 78
12 64
12 46
43 47
35 78
66 73
12 36
59 78
12 78
8 50
12 76
37 46
25 42
30 35
17 26
17 29
17 30
17 46
17 48
29 55
17 33
22 28
17 68
17 72
17 59
17 75
17 76
17 40
17 36
17 77
73 74
64 77
17 31
29 64
12 32
45 75
12 17
1 74
38 54
13 64
25 74
26 75
26 30
7 78
26 48
59 75
26 33
26 32
26 72
26 64
37 65
26 40
26 36
26 78
64 73
35 42
29 32
68 76
29 68
1 42
46 78
31 59
29 36
29 77
12 40
8 75
30 48
48 76
30 33
30 32
30 72
30 64
8 77
30 40
30 36
30 78
61 63
12 75
44 52
31 32
31 68
64 76
31 36
17 52
32 46
32 48
32 53
32 35
32 33
18 34
53 62
32 68
32 72
32 73
8 48
32 59
32 75
32 76
32 40
32 36
32 77
76 78
33 46
33 48
33 72
33 64
33 75
33 76
33 36
33 78
32 78
62 77
44 69
8 31
35 36
36 46
36 48
36 53
30 46
36 68
36 72
36 73
36 64
36 75
36 76
36 40
36 78
8 26
46 59
2 5
46 48
40 48
35 48
3 18
25 66
4 55
52 69
4 44
41 65
32 69
1 68
13 63
13 36
57 65
46 72
1 66
26 76
40 75
48 68
48 72
48 64
16 37
29 46
48 78
29 53
8 12
46 64
53 68
8 64
69 74
48 53
29 62
42 66
30 73
57 68
31 77
1 31
31 74
23 37
64 75
31 78
64 68
64 72
55 62
12 59
21 32
64 78
53 75
32 54
52 74
57 71
5 58
4 25
68 71
68 78
72 75
72 76
72 78
17 64
18 67
30 53
1 25
23 50
