14 63
66 69
36 74
4 69
62 74
1 25
35 68
34 47
46 68
44 69
1 42
12 75
52 74
42 69
30 76
40 76
25 55
12 28
26 53
8 33
8 32
8 17
8 72
66 77
23 68
50 65
8 36
32 45
13 16
16 46
1 52
12 26
12 30
32 54
12 48
12 33
10 38
25 42
12 68
12 72
40 78
12 64
46 64
41 59
12 35
44 68
12 36
59 78
12 78
10 13
12 76
37 71
4 52
26 35
17 26
17 29
17 30
17 46
17 48
42 66
17 33
5 13
17 68
17 72
17 59
17 75
17 76
17 40
17 36
17 77
35 78
12 77
31 44
29 64
12 32
46 76
12 46
44 66
38 71
23 37
1 69
48 75
26 30
35 52
26 48
26 46
26 33
26 32
26 72
26 64
18 54
26 40
26 36
26 78
22 78
8 53
29 32
13 75
29 68
1 29
8 31
31 59
29 36
29 77
12 31
8 50
30 48
26 75
30 33
30 32
30 72
30 64
46 77
30 40
30 36
30 78
7 43
75 78
4 25
31 32
31 68
64 76
31 36
4 55
32 46
32 48
32 53
32 35
32 33
28 38
25 62
32 68
32 72
32 73
8 48
32 59
32 75
32 76
32 40
32 36
32 77
76 78
33 46
33 48
33 72
33 64
33 75
33 76
33 36
33 78
32 78
62 77
55 69
8 29
35 36
36 46
36 48
36 53
59 75
36 68
36 72
36 73
36 64
36 75
36 76
36 40
36 78
8 59
17 78
2 45
30 46
40 48
17 44
18 21
48 73
25 52
66 73
42 62
41 57
29 55
4 29
3 34
18 64
57 65
46 72
31 55
17 31
40 75
48 68
48 72
48 64
37 57
23 57
48 78
29 53
8 12
42 53
53 68
8 78
4 74
53 73
32 55
62 66
30 73
57 68
31 48
62 73
31 64
36 37
64 75
40 64
64 68
64 72
44 52
59 64
5 61
64 78
53 77
65 76
29 74
54 63
32 58
1 53
68 71
68 78
72 75
72 76
72 78
17 64
18 67
30 53
74 77
48 76
