3 50
44 53
1 35
17 25
62 66
42 74
26 73
12 34
46 64
1 73
25 52
12 46
25 66
53 64
5 65
40 76
42 77
32 63
30 53
8 33
8 32
8 17
8 72
74 77
23 75
23 68
8 36
5 18
13 22
46 48
44 52
12 26
12 30
37 71
12 48
12 33
50 71
4 66
12 68
12 72
12 59
12 64
40 75
13 57
12 32
66 69
12 36
40 78
12 78
34 37
8 12
32 38
55 77
30 35
17 26
17 29
17 30
17 46
17 48
73 74
17 33
54 63
17 68
17 72
17 59
17 75
17 76
17 40
17 36
17 77
35 78
75 78
44 62
29 64
12 35
8 76
8 64
31 48
41 57
45 65
69 74
29 46
26 30
4 55
26 48
10 59
26 33
26 32
26 72
26 64
54 68
26 40
26 36
26 78
67 78
46 78
29 32
38 57
29 68
1 69
31 76
30 31
29 36
29 77
17 78
12 75
30 48
30 75
30 33
30 32
30 72
30 64
8 13
30 40
30 36
30 78
21 32
76 77
42 55
31 32
31 68
64 76
31 36
29 55
32 46
32 48
32 53
32 35
32 33
7 28
25 55
32 68
32 72
32 73
48 76
32 59
32 75
32 76
32 40
32 36
32 77
76 78
33 46
33 48
33 72
33 64
33 75
33 76
33 36
33 78
32 78
4 44
25 42
26 46
35 36
36 46
36 48
36 53
59 75
36 68
36 72
36 73
36 64
36 75
36 76
36 40
36 78
8 59
12 53
2 61
8 26
40 48
4 42
8 78
48 73
62 68
29 69
4 62
14 16
52 69
25 29
45 46
10 18
65 71
46 72
29 66
53 69
28 46
48 68
48 72
48 64
37 47
54 57
48 78
29 31
8 31
1 66
53 68
68 76
42 52
53 73
32 44
36 62
35 68
57 68
17 31
62 74
31 44
13 36
12 77
40 64
64 68
64 72
52 55
59 64
16 43
64 78
53 77
48 75
53 74
18 38
41 58
1 52
18 23
68 78
72 75
72 76
72 78
17 64
37 64
31 59
1 4
26 75
