5 38
1 62
42 73
31 59
12 31
66 69
12 35
16 37
46 64
25 66
4 44
12 46
17 62
1 66
64 75
40 46
31 48
8 41
32 44
8 33
8 32
8 17
8 72
35 78
26 76
13 28
8 36
41 59
37 65
8 48
42 55
12 26
12 30
34 37
12 48
12 33
7 45
53 75
12 68
12 72
40 64
12 64
40 76
13 57
32 64
1 69
12 36
59 78
12 78
3 34
29 46
32 71
62 69
26 35
17 26
17 29
17 30
17 46
17 48
35 69
17 33
12 13
17 68
17 72
17 59
17 75
17 76
17 40
17 36
17 77
17 31
8 78
29 31
18 21
30 35
46 76
23 38
30 31
23 57
13 38
29 42
8 30
26 30
25 42
26 48
31 75
26 33
26 32
26 72
26 64
65 68
26 40
26 36
26 78
29 78
66 74
29 32
54 57
29 68
53 69
61 63
26 53
29 36
29 77
12 17
12 75
30 48
30 75
30 33
30 32
30 72
30 64
18 36
30 40
30 36
30 78
32 43
12 45
44 74
31 32
31 68
8 64
31 36
29 52
32 46
32 48
32 53
32 35
32 33
28 54
29 62
32 68
32 72
32 73
48 76
32 59
32 75
32 76
32 40
32 36
32 77
12 32
33 46
33 48
33 72
33 64
33 75
33 76
33 36
33 78
64 76
55 77
55 74
48 75
35 36
36 46
36 48
36 53
68 75
36 68
36 72
36 73
36 64
36 75
36 76
36 40
36 78
8 59
53 73
2 47
26 46
40 48
44 66
59 75
48 73
52 69
4 52
25 62
50 57
4 74
25 53
8 71
10 71
46 77
46 72
42 77
52 53
50 76
48 68
48 72
48 64
18 65
5 54
48 78
1 77
59 64
52 66
53 68
12 76
55 68
53 77
25 74
44 55
68 73
57 68
53 64
1 25
4 29
40 78
76 78
77 78
64 68
64 72
1 73
8 18
10 14
64 78
4 36
46 78
44 52
37 58
64 67
31 42
23 68
68 78
72 75
72 76
72 78
17 78
22 63
4 55
62 74
16 32
