54 57
52 66
7 10
4 73
35 53
4 52
1 42
30 46
30 73
31 59
36 52
76 77
59 75
4 77
59 64
46 48
55 77
12 75
68 73
8 33
8 32
8 17
8 72
22 32
8 30
18 54
8 36
36 37
8 26
8 40
52 74
12 26
12 30
18 76
12 48
12 33
8 12
26 46
12 68
12 72
29 78
12 64
46 68
18 57
32 74
4 55
12 36
10 43
12 78
35 64
48 76
12 46
8 78
75 78
17 26
17 29
17 30
17 46
17 48
53 78
17 33
42 74
17 68
17 72
17 59
17 75
17 76
17 40
17 36
17 77
1 44
76 78
42 66
8 64
66 69
29 53
2 16
53 62
61 64
12 45
29 74
40 76
26 30
44 74
26 48
77 78
26 33
26 32
26 72
26 64
16 23
26 40
26 36
26 78
53 64
48 73
29 32
32 71
29 68
35 66
64 75
26 31
29 36
29 77
31 76
31 75
30 48
29 46
30 33
30 32
30 72
30 64
44 62
30 40
30 36
30 78
12 17
28 75
4 25
31 32
31 68
37 41
31 36
32 64
32 46
32 48
32 53
32 35
32 33
38 65
12 76
32 68
32 72
32 73
65 68
32 59
32 75
32 76
32 40
32 36
32 77
1 25
33 46
33 48
33 72
33 64
33 75
33 76
33 36
33 78
13 63
55 73
29 62
18 67
35 36
36 46
36 48
36 53
40 78
36 68
36 72
36 73
36 64
36 75
36 76
36 40
36 78
31 48
37 78
46 65
68 71
40 48
13 38
58 63
12 59
31 77
66 77
31 52
50 59
42 53
25 44
31 69
34 57
32 41
46 72
30 35
25 62
8 59
48 68
48 72
48 64
8 46
21 47
48 78
26 53
12 32
17 66
53 68
64 76
17 53
29 44
1 69
25 55
1 55
57 68
42 44
25 69
52 69
17 78
62 68
23 28
64 68
64 72
12 35
40 64
13 45
64 78
3 13
50 75
4 29
34 38
37 54
42 69
5 23
68 78
72 75
72 76
72 78
5 14
48 75
1 62
55 74
57 71
