57 71
69 74
34 43
30 31
17 64
4 69
62 74
30 75
12 59
53 59
29 53
26 76
8 59
25 55
12 32
8 48
25 53
64 75
35 68
8 33
8 32
8 17
8 72
22 32
8 78
18 28
8 36
50 76
26 75
8 31
44 52
12 26
12 30
64 77
12 48
12 33
8 12
75 78
12 68
12 72
12 29
12 64
14 37
32 34
4 42
4 29
12 36
16 61
12 78
21 67
48 76
46 64
30 76
12 75
17 26
17 29
17 30
17 46
17 48
40 76
17 33
25 52
17 68
17 72
17 59
17 75
17 76
17 40
17 36
17 77
1 69
76 78
4 73
8 64
44 74
1 52
38 46
66 77
40 64
18 46
55 77
12 76
26 30
1 66
26 48
12 13
26 33
26 32
26 72
26 64
13 36
26 40
26 36
26 78
73 78
48 73
29 32
13 23
29 68
62 66
75 77
26 31
29 36
29 77
12 31
53 74
30 48
5 18
30 33
30 32
30 72
30 64
35 53
30 40
30 36
30 78
12 17
45 71
1 55
31 32
31 68
41 59
31 36
53 78
32 46
32 48
32 53
32 35
32 33
23 57
40 46
32 68
32 72
32 73
13 71
32 59
32 75
32 76
32 40
32 36
32 77
62 68
33 46
33 48
33 72
33 64
33 75
33 76
33 36
33 78
37 50
4 62
29 55
41 65
35 36
36 46
36 48
36 53
31 77
36 68
36 72
36 73
36 64
36 75
36 76
36 40
36 78
31 48
37 57
8 29
54 65
40 48
38 68
46 68
59 78
46 53
31 55
62 69
28 54
42 44
44 66
62 73
5 57
16 75
46 72
30 35
1 44
59 75
48 68
48 72
48 64
8 46
3 37
48 78
10 78
4 52
1 36
53 68
64 76
17 53
26 73
32 42
29 42
35 64
57 68
55 69
25 69
42 66
32 78
17 74
23 32
64 68
64 72
35 52
40 78
58 63
64 78
47 63
42 74
29 52
2 64
10 38
25 77
18 65
68 78
72 75
72 76
72 78
7 45
46 48
31 44
25 66
54 68
