18 57
42 69
55 69
23 50
55 74
52 62
53 59
44 62
48 53
29 44
69 74
47 58
17 66
46 78
14 32
10 13
42 44
37 75
30 46
8 33
8 32
8 17
8 72
12 34
37 64
59 76
8 36
8 77
40 76
64 76
35 74
12 26
12 30
12 46
12 48
12 33
38 68
16 75
12 68
12 72
46 53
12 64
35 64
12 59
13 36
7 28
12 36
8 26
12 78
13 54
52 66
25 44
18 28
55 73
17 26
17 29
17 30
17 46
17 48
25 77
17 33
23 32
17 68
17 72
17 59
17 75
17 76
17 40
17 36
17 77
31 77
5 23
8 30
31 75
76 78
55 62
68 73
54 65
42 55
35 78
4 25
12 75
26 30
8 64
26 48
8 71
26 33
26 32
26 72
26 64
45 76
26 40
26 36
26 78
48 75
8 76
29 32
32 64
29 68
42 73
5 61
22 41
29 36
29 77
12 76
30 31
30 48
37 71
30 33
30 32
30 72
30 64
4 62
30 40
30 36
30 78
17 78
35 53
17 53
31 32
31 68
32 50
31 36
1 25
32 46
32 48
32 53
32 35
32 33
25 66
35 48
32 68
32 72
32 73
40 64
32 59
32 75
32 76
32 40
32 36
32 77
31 78
33 46
33 48
33 72
33 64
33 75
33 76
33 36
33 78
46 64
25 42
40 46
29 69
35 36
36 46
36 48
36 53
4 44
36 68
36 72
36 73
36 64
36 75
36 76
36 40
36 78
26 46
10 57
68 75
63 67
40 48
1 52
1 42
31 69
62 69
62 77
29 66
32 78
53 66
1 55
8 78
16 37
3 41
46 72
54 68
74 77
29 78
48 68
48 72
48 64
18 71
12 77
48 78
26 73
12 53
46 48
53 68
26 31
4 31
4 74
36 52
52 68
38 57
57 68
21 78
59 64
29 52
12 17
45 65
34 59
64 68
64 72
48 76
64 75
18 43
64 78
2 13
12 40
1 74
4 32
29 75
29 53
38 63
68 78
72 75
72 76
72 78
1 44
8 59
31 66
30 73
57 65
