13 45
1 74
52 74
5 23
31 42
44 69
35 53
74 77
26 53
44 62
4 29
13 47
44 55
32 71
14 32
54 63
4 44
10 13
41 54
8 33
8 32
8 17
8 72
8 48
37 64
46 59
8 36
13 46
8 28
64 76
42 77
12 26
12 30
46 76
12 48
12 33
18 38
7 61
12 68
12 72
31 59
12 64
35 78
12 59
36 37
2 34
12 36
26 75
12 78
23 57
29 66
1 25
18 41
4 66
17 26
17 29
17 30
17 46
17 48
25 44
17 33
76 77
17 68
17 72
17 59
17 75
17 76
17 40
17 36
17 77
31 77
12 34
8 30
75 78
76 78
32 55
46 78
37 65
66 74
68 73
25 52
12 75
26 30
8 64
26 48
31 75
26 33
26 32
26 72
26 64
5 22
26 40
26 36
26 78
48 75
8 12
29 32
32 64
29 68
4 69
16 58
31 46
29 36
29 77
68 76
30 53
30 48
57 65
30 33
30 32
30 72
30 64
55 69
30 40
30 36
30 78
17 78
12 76
17 53
31 32
31 68
32 50
31 36
1 69
32 46
32 48
32 53
32 35
32 33
25 31
52 66
32 68
32 72
32 73
40 78
32 59
32 75
32 76
32 40
32 36
32 77
59 78
33 46
33 48
33 72
33 64
33 75
33 76
33 36
33 78
64 73
35 52
40 75
29 42
35 36
36 46
36 48
36 53
62 69
36 68
36 72
36 73
36 64
36 75
36 76
36 40
36 78
8 26
16 65
30 46
46 50
40 48
1 4
48 73
35 42
53 69
42 68
42 62
12 32
1 77
62 66
8 78
37 57
64 67
46 72
23 68
55 74
12 29
48 68
48 72
48 64
10 57
64 77
48 78
26 73
53 78
46 48
53 68
48 53
29 31
55 62
25 53
1 62
38 68
57 68
21 63
40 64
4 74
12 17
45 59
8 71
64 68
64 72
40 76
64 75
28 43
64 78
3 18
12 31
52 55
17 25
29 76
29 44
38 54
68 78
72 75
72 76
72 78
36 52
59 75
66 73
30 35
18 71
