75 78
44 69
35 62
38 68
30 53
4 17
26 53
42 66
4 52
4 69
4 32
50 54
17 78
23 32
32 61
45 47
44 55
32 45
65 76
8 33
8 32
8 17
8 72
8 48
12 17
41 71
8 36
38 65
8 40
29 76
30 35
12 26
12 30
23 34
12 48
12 33
37 54
7 64
12 68
12 72
53 75
12 64
13 64
12 46
36 37
21 37
12 36
68 73
12 78
50 58
44 66
1 66
14 18
66 77
17 26
17 29
17 30
17 46
17 48
31 64
17 33
28 67
17 68
17 72
17 59
17 75
17 76
17 40
17 36
17 77
69 74
1 55
8 68
8 12
76 78
62 69
53 78
57 71
52 55
42 69
1 62
12 75
26 30
8 64
26 48
29 31
26 33
26 32
26 72
26 64
2 3
26 40
26 36
26 78
46 64
13 57
29 32
29 78
29 68
29 66
54 57
26 46
29 36
29 77
23 68
1 74
30 48
18 65
30 33
30 32
30 72
30 64
53 74
30 40
30 36
30 78
34 75
12 76
35 53
31 32
31 68
10 43
31 36
52 62
32 46
32 48
32 53
32 35
32 33
17 31
55 74
32 68
32 72
32 73
40 78
32 59
32 75
32 76
32 40
32 36
32 77
12 59
33 46
33 48
33 72
33 64
33 75
33 76
33 36
33 78
53 59
1 25
18 46
44 53
35 36
36 46
36 48
36 53
31 55
36 68
36 72
36 73
36 64
36 75
36 76
36 40
36 78
26 76
8 77
40 76
18 63
40 48
4 55
48 73
52 77
25 77
25 74
73 78
12 32
25 44
8 31
30 46
29 52
59 64
46 72
59 75
35 69
77 78
48 68
48 72
48 64
8 78
63 64
48 78
26 35
32 64
46 75
53 68
31 48
4 66
29 74
42 52
25 36
46 59
57 68
37 38
31 77
42 73
12 73
16 22
13 16
64 68
64 72
64 76
5 71
13 41
64 78
10 46
12 40
1 31
42 62
5 57
44 68
48 75
68 78
72 75
72 76
72 78
29 62
30 75
25 42
48 76
28 59
