13 52
32 48
4 26
17 26
29 32
29 57
2 57
26 42
17 30
10 18
11 47
21 33
0 9
11 59
23 56
1 39
22 59
32 38
25 32
4 29
26 58
19 28
34 60
13 44
42 56
43 46
15 17
13 21
23 42
15 59
16 52
9 49
7 16
18 32
10 60
30 44
31 46
42 59
17 21
12 25
21 41
26 51
6 57
9 16
35 39
14 59
15 44
28 30
1 28
6 40
7 32
3 44
16 46
48 56
32 39
11 52
3 21
8 19
12 23
31 32
18 34
16 30
7 27
17 20
11 16
7 42
20 35
25 47
0 7
16 32
0 8
5 20
48 52
49 58
28 40
12 59
9 56
0 52
11 32
0 58
3 23
12 56
12 27
27 38
48 55
25 56
12 15
13 45
44 45
12 45
44 48
12 43
13 25
16 17
49 51
12 32
12 33
32 58
45 48
42 43
13 47
17 43
49 52
6 50
13 32
32 49
17 22
12 21
14 48
14 21
31 58
42 51
20 54
27 30
17 47
19 32
3 30
15 23
23 44
15 56
15 27
23 32
14 22
0 16
31 48
13 16
15 45
14 49
15 43
23 28
9 43
29 60
15 32
15 33
9 45
14 20
21 32
17 45
15 54
30 58
28 53
25 49
18 57
52 59
7 17
56 58
32 35
37 38
4 38
19 34
14 58
12 48
45 58
14 31
11 26
29 34
21 31
1 40
3 14
4 32
19 53
9 47
43 52
16 23
6 41
1 37
0 11
27 44
30 49
14 27
31 56
9 59
3 8
42 47
33 52
48 59
15 46
5 40
15 31
30 32
45 59
9 30
43 58
27 45
25 26
30 52
10 32
44 51
0 49
26 48
14 44
44 46
32 42
21 48
11 42
25 31
8 17
20 26
47 48
39 51
21 22
32 60
21 23
26 47
32 54
3 12
13 30
27 32
32 52
21 45
15 48
20 29
43 44
22 55
33 58
33 47
15 30
35 37
33 46
0 12
22 52
21 47
30 53
0 14
10 41
3 31
3 45
21 49
46 47
21 56
2 32
12 16
14 15
4 17
32 56
32 45
11 23
9 15
32 43
33 44
0 32
0 48
32 33
0 3
6 24
9 26
33 56
25 44
4 59
33 45
44 58
33 43
3 33
43 48
17 33
21 27
14 33
32 36
25 42
2 6
33 48
9 44
23 45
31 49
11 31
11 44
32 47
43 56
16 49
5 57
43 45
7 15
8 28
8 52
17 42
30 43
4 11
25 48
7 26
26 52
12 22
49 59
45 56
8 11
0 26
38 40
32 37
12 47
16 43
16 25
12 30
22 50
47 56
3 42
30 42
32 46
7 12
15 49
21 51
14 43
44 56
47 51
30 50
