4 50
8 21
7 26
26 52
24 29
19 29
29 53
26 42
12 59
10 35
14 33
33 44
17 21
0 59
3 43
18 35
16 45
12 16
32 59
29 60
14 58
14 28
1 34
13 43
0 14
45 46
15 58
7 21
4 47
15 59
16 52
16 31
16 42
32 39
39 60
44 47
3 22
9 59
30 58
23 52
25 47
8 26
18 57
3 15
32 34
9 14
30 59
27 48
1 51
6 40
7 32
21 42
15 16
3 58
10 39
11 52
17 23
30 47
28 59
51 52
34 37
23 56
7 27
20 38
14 17
13 42
23 48
11 23
0 15
17 25
5 8
28 48
42 58
12 25
17 32
16 59
48 56
0 43
11 32
25 33
9 31
12 56
12 27
2 38
23 33
17 56
12 15
13 26
44 45
12 45
44 49
12 43
12 13
23 25
0 21
12 32
12 33
26 59
45 48
7 48
33 47
5 48
49 52
4 6
13 32
11 49
7 14
12 21
43 48
14 46
21 59
20 32
32 54
22 30
43 47
32 40
44 58
7 25
30 44
15 56
15 27
3 32
16 51
11 14
15 44
16 23
15 45
16 49
15 43
21 49
3 49
10 60
15 32
15 33
11 58
17 47
30 32
15 47
15 54
30 45
4 20
32 49
32 38
0 23
17 45
30 55
32 35
38 41
29 38
37 57
14 22
33 48
0 42
9 48
11 26
32 50
49 58
1 57
9 52
4 26
40 53
8 25
9 42
42 47
2 6
1 18
0 30
44 53
47 49
28 49
9 32
9 44
3 45
13 52
32 52
56 59
15 46
4 52
9 21
12 30
31 33
12 31
21 23
27 43
44 52
22 31
6 37
32 60
20 42
21 52
13 14
21 32
32 42
30 48
11 42
44 56
17 20
49 56
16 21
8 39
30 46
19 20
12 48
20 47
18 32
3 12
7 44
27 32
26 32
14 30
15 48
5 29
4 35
46 55
25 26
23 45
42 52
19 34
33 46
17 49
22 32
13 47
27 44
0 56
22 41
31 32
17 43
32 44
16 46
21 56
2 40
11 47
16 44
8 54
32 56
32 45
3 11
3 33
32 43
43 44
0 45
31 48
32 33
9 26
6 32
48 58
33 56
44 48
9 56
33 45
21 58
33 43
15 31
21 45
0 17
21 27
14 56
32 36
23 26
6 51
31 43
25 43
0 47
26 49
3 26
48 50
16 32
43 56
11 30
27 57
43 45
13 15
19 28
52 58
16 30
17 30
11 28
25 48
9 45
51 57
12 22
0 12
45 56
8 11
0 31
19 40
32 37
22 47
43 59
25 31
15 30
10 41
14 27
3 21
31 49
42 46
25 51
7 17
28 44
12 14
30 33
17 58
42 51
