5 29
42 45
11 26
26 52
2 29
34 35
0 51
11 42
21 48
17 42
17 51
45 49
11 14
25 52
0 9
10 38
19 57
25 31
0 25
18 60
49 59
16 52
20 59
44 46
5 51
30 50
26 42
14 44
11 47
30 45
16 22
23 48
3 59
4 26
28 57
26 59
32 58
21 49
45 59
14 26
22 43
32 40
4 9
46 59
10 32
25 48
48 56
3 45
4 6
32 41
7 32
0 44
11 58
4 49
32 60
16 43
9 23
13 30
21 47
3 42
35 37
20 51
43 48
52 58
21 54
7 47
0 31
3 33
16 26
12 49
28 49
45 48
26 32
12 58
23 56
49 52
0 15
9 47
11 32
8 58
17 43
12 56
12 27
5 32
3 43
0 3
12 15
23 45
44 45
12 45
30 33
12 43
7 12
31 45
48 59
12 32
12 33
16 31
13 45
14 23
3 11
0 59
31 44
14 28
13 32
16 42
16 33
4 42
32 38
12 14
3 32
0 49
4 11
8 52
45 47
27 40
44 58
7 15
16 48
15 56
15 27
42 52
18 57
30 47
7 14
0 47
15 45
15 30
15 43
32 47
7 49
28 60
15 32
15 33
21 32
28 32
9 25
26 44
15 54
48 52
12 48
3 12
14 20
25 44
14 46
50 57
32 39
30 43
1 34
6 38
11 23
30 55
42 56
21 51
7 26
8 57
18 32
19 29
21 52
34 39
14 15
37 39
32 42
7 9
24 29
21 27
23 43
15 47
6 19
17 44
23 44
30 52
11 21
33 44
14 49
17 52
15 22
20 40
0 48
12 25
43 47
31 56
9 59
8 16
14 58
21 56
10 39
46 56
23 33
3 14
22 42
21 33
30 31
15 44
0 32
21 43
25 49
10 28
8 35
53 60
6 53
19 41
13 48
44 48
1 40
25 33
13 27
27 32
32 49
16 21
27 43
26 31
9 44
22 55
15 48
22 25
11 49
2 38
9 17
14 22
32 46
13 16
6 8
13 17
46 53
31 49
4 19
31 48
16 44
21 30
2 8
20 26
12 44
11 52
32 56
32 45
41 51
30 58
32 43
43 59
7 52
18 29
32 33
20 47
6 32
48 50
33 56
9 32
25 32
33 45
16 56
33 43
33 48
17 21
30 51
12 30
20 21
32 36
15 59
26 47
56 58
13 21
31 33
0 58
15 23
16 58
12 46
43 56
9 52
35 40
43 45
3 21
27 47
25 30
12 31
32 44
16 17
32 48
14 47
27 44
17 22
17 32
45 56
3 15
33 42
38 54
1 32
17 56
17 23
0 42
23 30
29 37
42 59
9 15
1 37
17 58
30 46
12 17
13 26
27 30
47 56
11 28
32 34
