2 57
8 19
11 26
11 52
6 41
34 51
47 49
28 49
12 47
17 56
4 47
13 42
14 42
0 26
25 30
10 32
19 57
23 52
15 59
35 37
14 32
17 43
9 30
12 58
2 38
41 48
23 49
21 59
12 14
26 31
26 56
44 48
17 23
11 16
28 41
23 25
44 58
48 56
17 30
19 20
14 59
40 60
16 47
30 31
18 39
45 49
22 45
26 52
3 30
5 15
7 32
3 11
13 52
21 45
18 60
3 48
4 25
33 59
16 30
21 30
1 29
21 48
12 44
15 17
3 31
7 16
30 59
43 48
0 52
32 42
0 42
21 51
9 11
12 30
9 26
31 42
32 52
49 51
11 32
9 56
16 43
12 56
12 27
32 54
3 45
14 27
12 15
9 43
32 44
12 45
30 33
12 43
12 13
23 45
6 54
12 32
12 33
56 59
23 44
30 58
11 59
14 49
42 47
17 46
13 32
47 56
13 30
8 26
38 60
33 58
44 49
8 16
11 28
15 52
17 45
27 40
26 28
30 51
23 26
15 56
15 27
0 58
32 40
17 31
21 25
17 21
15 45
15 30
15 43
32 47
16 58
10 39
15 32
15 33
32 48
32 57
14 46
31 43
46 47
0 30
3 33
32 59
14 21
2 48
44 56
6 35
32 39
21 32
13 17
5 38
33 47
25 44
49 52
17 25
4 16
32 60
1 32
51 53
12 21
18 34
9 12
32 37
33 42
14 43
6 24
21 47
3 14
42 44
6 40
17 51
44 52
27 30
9 33
33 44
15 47
11 47
22 44
30 50
44 45
16 42
14 31
12 42
1 34
6 28
25 49
27 44
37 38
26 45
5 46
17 42
1 35
21 33
3 43
15 21
14 52
21 43
31 45
10 35
10 20
8 50
19 53
20 32
7 15
15 48
0 16
12 59
13 27
27 32
32 49
3 15
27 45
21 42
16 44
12 22
15 46
0 49
0 11
22 42
43 58
31 52
32 46
13 47
7 9
4 38
32 53
46 56
11 42
0 32
47 48
9 52
48 55
16 56
26 59
11 21
32 56
32 45
29 54
4 57
32 43
14 58
3 9
29 57
32 33
8 49
29 32
8 37
33 56
0 25
22 23
33 45
12 25
33 43
33 48
16 22
4 28
7 44
22 59
32 36
15 23
18 50
25 32
0 48
0 8
0 31
32 58
14 17
46 55
43 56
4 29
9 32
43 45
49 58
25 48
7 48
23 51
31 44
20 59
43 44
7 14
0 21
52 58
15 25
45 56
9 23
7 26
29 40
19 39
7 45
47 52
16 23
31 49
16 21
13 26
3 58
11 20
20 26
30 43
17 20
22 48
27 48
3 56
28 48
32 34
