2 32
8 19
11 26
17 49
6 41
8 18
7 44
14 49
12 16
17 56
4 47
13 31
26 42
0 14
30 58
10 32
19 57
8 52
16 59
35 37
14 32
43 47
9 44
12 25
4 38
41 44
31 49
25 48
12 17
26 31
0 33
30 48
17 31
3 17
28 41
11 23
44 58
48 56
17 30
20 47
14 59
10 60
16 47
30 31
18 39
3 49
22 45
44 49
3 30
5 15
7 32
9 58
13 52
21 45
34 35
48 59
25 51
33 59
16 30
27 30
1 29
21 48
12 44
15 17
3 21
7 16
21 22
43 48
0 52
32 42
0 42
2 48
9 21
12 30
32 58
42 45
32 52
51 52
11 32
56 59
16 43
12 56
12 27
32 54
28 42
14 27
12 15
9 43
32 44
12 45
30 33
12 43
12 13
23 45
6 54
12 32
12 33
49 59
23 44
9 11
11 59
47 49
17 42
17 46
13 32
14 56
13 30
8 42
38 60
33 58
15 44
8 16
11 28
15 52
17 45
27 40
26 28
28 30
23 52
15 56
15 27
3 52
32 40
11 49
3 22
17 21
15 45
30 49
15 43
32 47
15 25
10 39
15 32
15 33
21 32
32 57
14 46
14 23
46 47
9 42
3 44
32 59
14 21
48 51
44 56
32 35
32 39
21 27
13 17
5 38
33 47
25 44
26 52
17 26
16 42
32 60
1 6
1 51
12 48
18 34
9 12
32 37
42 56
14 43
6 24
21 47
12 58
44 55
6 40
19 51
21 52
30 32
25 33
33 44
15 16
11 47
30 59
48 50
44 45
26 47
16 31
0 12
1 34
28 50
25 49
21 44
37 38
26 45
5 46
4 17
40 60
21 33
20 25
15 21
31 52
21 43
27 43
10 35
6 20
50 51
19 53
20 32
7 15
0 48
0 9
12 23
13 27
27 32
20 49
3 15
9 45
21 49
14 44
12 22
15 46
0 49
0 11
25 42
43 58
22 31
32 46
13 14
9 59
38 39
53 57
46 56
11 42
0 32
25 47
15 30
42 48
16 56
47 48
11 30
32 56
32 45
29 54
4 57
32 43
9 33
3 31
29 57
32 33
8 49
29 32
8 37
33 56
0 22
23 32
33 45
3 45
33 43
33 48
16 22
4 28
7 42
7 52
32 36
3 23
18 53
25 32
0 26
0 21
0 23
31 58
17 47
46 55
43 56
4 29
9 26
43 45
56 58
15 58
7 48
15 23
31 51
43 59
43 44
7 47
14 26
45 58
11 16
45 56
23 30
26 59
29 40
2 19
7 45
25 52
16 23
14 31
16 48
13 26
52 58
11 20
26 32
30 43
14 20
22 48
27 48
3 56
4 21
32 34
