2 32
12 59
11 49
14 49
1 38
32 38
12 44
23 32
21 22
25 44
16 30
17 58
0 52
3 32
4 5
32 39
27 57
15 42
9 21
18 60
17 46
43 58
11 20
56 58
2 30
44 56
9 11
49 58
8 17
44 59
22 31
11 48
27 43
45 48
28 51
14 42
16 46
28 30
4 52
15 16
33 44
1 35
43 47
47 48
32 44
4 11
49 59
27 44
33 48
51 54
7 32
3 17
13 52
0 44
10 39
56 59
3 11
16 25
4 14
30 49
35 39
7 44
30 43
13 21
9 15
9 49
25 45
22 53
0 26
4 49
33 47
8 19
26 59
15 48
12 58
13 15
26 32
32 52
11 32
25 33
20 48
12 56
12 27
32 54
26 58
17 32
12 15
44 45
28 44
12 45
9 30
12 43
21 45
9 56
40 51
12 32
12 33
23 30
0 13
9 16
3 9
0 12
15 23
23 47
13 32
16 44
30 33
7 14
29 60
20 26
25 32
9 26
12 16
33 59
9 33
1 19
42 58
21 32
46 58
15 56
15 27
16 42
32 57
17 26
25 42
15 17
15 45
30 48
15 43
14 32
28 32
5 29
15 32
15 33
48 55
19 38
11 14
30 59
12 22
9 14
14 45
31 52
4 47
13 44
15 30
10 32
32 34
21 27
7 16
42 52
52 58
3 43
14 47
3 49
14 17
32 60
23 45
1 8
12 21
18 37
26 48
32 37
7 12
13 47
6 36
11 52
23 43
21 44
6 50
40 50
42 49
16 59
48 52
6 57
21 26
11 47
12 23
26 52
15 21
41 51
31 51
32 48
10 37
39 51
0 8
45 59
30 56
8 29
2 21
47 56
34 60
13 25
14 43
12 17
10 38
12 30
22 43
40 41
20 29
22 32
40 53
3 28
11 25
16 26
0 17
3 12
13 27
27 32
21 49
31 44
9 31
26 45
23 44
14 48
27 30
17 31
11 42
17 33
30 31
21 47
15 46
30 47
31 45
34 35
41 57
46 55
0 11
0 32
3 52
16 48
23 48
0 31
16 28
46 52
32 56
32 45
6 19
4 40
32 43
58 59
15 58
29 57
32 33
6 18
29 32
49 51
33 56
17 49
7 26
33 45
25 52
33 43
21 46
3 56
20 37
15 25
0 7
24 32
25 48
18 32
21 25
42 56
30 45
14 33
23 26
16 22
22 56
43 56
7 47
8 23
43 45
3 31
35 38
21 30
32 59
17 45
0 33
31 48
0 23
19 20
0 42
31 58
45 56
43 44
42 47
48 54
5 15
7 43
47 59
14 46
27 47
32 49
20 42
8 16
3 44
42 48
28 49
17 52
14 21
6 53
42 43
21 56
34 50
