2 32
0 23
23 44
0 31
6 40
19 57
44 50
14 16
23 48
14 21
44 59
3 48
3 51
52 56
5 8
1 32
32 60
23 51
20 35
34 37
17 45
16 21
4 49
9 44
31 43
22 56
26 47
13 47
7 26
43 48
31 56
20 50
27 43
30 49
31 42
4 6
43 46
30 56
4 48
27 47
21 25
29 34
27 57
16 25
32 44
19 54
23 49
9 30
33 44
32 41
7 32
11 16
21 49
15 44
10 32
46 52
3 16
16 52
31 48
3 58
1 37
12 58
30 45
16 30
3 45
9 59
4 20
46 47
0 17
7 14
33 48
2 19
7 42
21 46
25 42
13 15
0 11
25 52
11 32
11 25
0 44
12 56
12 27
28 54
8 49
3 26
12 15
21 55
14 30
12 45
0 30
12 43
43 44
12 52
17 56
12 32
12 33
11 31
42 59
32 47
14 47
26 32
14 45
14 46
13 32
11 47
30 33
33 47
1 18
28 42
26 59
44 49
13 16
9 15
32 58
20 30
31 32
21 32
0 13
15 56
15 27
9 26
32 38
3 22
15 23
9 32
15 45
22 41
15 43
52 59
39 57
5 6
15 32
15 33
30 59
8 19
25 56
45 59
12 22
44 56
16 28
11 52
49 52
15 49
15 21
19 60
29 38
32 49
8 32
45 48
9 12
25 26
17 46
0 28
21 27
10 28
8 52
32 34
12 30
1 39
51 57
32 37
7 12
16 45
29 36
0 45
21 47
21 44
6 50
12 21
33 52
27 44
33 59
26 49
0 26
17 21
47 52
12 48
27 48
14 15
9 47
13 48
42 51
4 14
25 28
49 58
17 20
26 31
0 21
26 42
10 39
33 58
15 16
12 17
38 60
11 44
32 46
5 40
11 28
25 59
32 40
3 52
43 58
16 26
13 42
44 48
13 27
27 32
17 59
21 43
16 31
17 30
11 23
8 30
13 21
25 45
11 42
17 32
15 31
10 18
17 33
22 30
48 58
29 51
38 53
46 55
35 51
23 30
15 22
7 23
3 32
3 49
9 17
11 49
32 56
32 45
38 39
4 57
32 43
8 11
7 17
29 40
32 33
29 37
6 32
16 20
33 56
12 14
42 44
33 45
56 59
33 43
15 48
56 58
18 53
14 52
0 32
24 32
9 48
30 47
15 58
21 45
7 48
14 22
17 26
20 47
9 45
43 56
35 60
22 59
43 45
31 58
32 35
3 25
14 49
2 48
30 32
12 31
12 23
3 14
0 42
14 56
45 56
44 58
32 42
23 43
15 41
7 43
43 47
44 54
42 47
42 43
17 58
4 40
30 48
0 52
26 51
25 48
16 23
6 53
9 33
21 33
18 34
