5 32
40 51
0 31
25 44
6 40
19 39
13 26
23 48
10 54
14 21
17 31
43 44
41 44
31 52
20 42
12 47
32 35
9 33
21 51
1 18
13 16
48 56
19 57
23 43
10 34
46 56
16 56
17 45
3 49
43 48
21 59
48 59
27 45
44 47
13 17
8 31
22 43
44 55
16 25
22 55
12 31
0 28
19 53
32 58
23 44
1 19
30 49
14 42
30 33
2 32
7 32
20 47
14 59
15 21
39 40
14 27
25 49
0 52
25 42
0 23
35 40
16 58
44 45
26 30
32 44
3 16
26 51
3 33
14 45
7 44
2 6
50 51
7 9
9 11
42 49
12 13
0 11
14 32
11 32
23 56
0 43
12 56
12 27
0 56
25 47
34 37
12 15
15 58
42 47
12 45
8 49
12 43
45 59
22 47
42 52
12 32
12 33
7 48
21 49
12 42
33 42
26 32
8 14
14 52
13 32
30 46
33 48
33 47
6 32
15 42
11 17
9 21
13 14
30 59
11 58
28 32
3 43
32 48
7 52
15 56
15 27
23 33
15 16
0 13
15 23
42 45
15 45
29 38
15 43
52 59
18 60
29 36
15 32
15 33
21 58
4 11
25 32
9 56
12 22
12 30
0 49
11 52
32 49
16 21
15 30
10 29
38 41
14 43
0 4
45 48
31 58
3 48
17 46
16 23
21 56
44 50
28 42
32 37
27 30
1 37
23 26
54 57
7 15
17 26
48 51
52 58
7 17
5 57
14 20
3 21
22 49
12 48
11 31
4 28
3 32
16 17
49 52
9 52
7 26
12 17
17 48
21 48
4 6
41 46
3 23
31 32
9 43
44 58
21 27
9 31
20 38
8 34
15 47
31 45
44 53
3 25
22 32
27 57
11 20
17 51
32 38
26 42
21 25
11 26
14 49
44 48
13 27
27 32
11 16
30 47
56 59
11 30
30 52
20 44
21 46
32 47
28 35
3 26
12 25
35 60
14 16
16 22
30 43
8 29
8 38
16 46
32 60
26 47
15 22
9 51
12 44
27 44
3 4
11 49
32 56
32 45
32 39
32 57
32 43
5 28
17 33
29 40
32 33
18 34
37 39
20 60
33 56
14 26
13 21
33 45
25 52
33 43
15 48
0 44
1 32
21 30
0 32
24 32
29 54
45 47
15 59
21 45
43 59
48 52
49 58
19 28
9 58
43 56
6 18
12 23
43 45
46 58
0 58
16 31
25 30
6 50
30 32
3 12
9 26
17 30
25 45
4 47
45 56
2 8
32 42
26 48
15 53
7 43
47 56
16 59
9 49
17 42
15 31
4 52
47 48
0 17
23 46
44 59
33 59
30 56
14 30
21 33
10 32
