32 41
40 51
12 49
25 42
6 40
19 28
23 26
13 30
10 54
14 48
44 47
27 48
41 44
31 52
4 42
12 47
18 60
31 33
21 32
1 35
13 16
48 56
19 57
23 43
10 32
46 56
16 56
17 45
23 49
16 21
21 59
9 12
27 45
3 17
13 17
28 60
22 43
12 44
25 33
22 55
31 56
8 52
19 53
32 58
21 23
1 19
48 53
14 42
30 33
2 32
7 32
28 47
25 47
15 21
35 39
7 14
9 25
42 48
0 25
8 59
35 40
38 51
32 44
9 48
20 44
3 56
26 43
3 31
14 45
7 12
2 38
20 29
7 21
9 15
42 49
15 44
0 11
14 32
11 32
16 23
0 51
12 56
12 27
16 58
12 31
34 37
12 15
15 58
42 47
12 45
8 26
12 43
23 45
22 47
42 52
12 32
12 33
7 30
15 49
3 30
26 33
32 52
14 15
47 52
13 32
30 46
33 48
27 47
28 50
21 42
11 17
43 44
13 14
48 59
0 49
4 25
43 58
31 48
7 52
15 56
15 27
21 25
0 16
13 49
11 23
42 45
15 45
6 50
15 43
52 56
6 18
29 36
15 32
15 33
3 26
4 11
32 59
23 56
12 22
30 55
33 58
11 42
32 49
16 44
15 30
10 29
6 41
14 43
0 7
30 45
25 58
43 48
14 30
16 26
44 56
3 48
28 42
32 37
0 31
1 37
13 42
54 57
7 15
0 17
30 51
52 58
17 56
5 57
8 14
20 21
5 46
12 48
11 31
20 51
3 32
9 14
49 52
26 59
17 58
12 17
44 48
21 48
2 4
22 52
3 9
23 32
9 43
44 58
21 27
25 30
38 39
8 34
15 47
21 26
21 52
31 59
22 32
27 57
11 20
49 51
32 38
26 42
25 45
11 26
0 4
46 48
13 27
27 32
16 33
9 30
45 58
27 30
30 49
44 50
11 21
17 32
28 32
3 11
12 23
10 37
14 16
17 22
21 43
29 32
0 58
16 46
32 60
4 47
15 22
9 16
12 21
17 44
3 44
11 49
32 56
32 45
34 39
32 57
32 43
5 28
17 49
29 40
32 33
32 34
39 60
35 51
33 56
26 52
15 59
33 45
25 52
33 43
23 44
0 44
1 32
30 44
0 32
24 32
29 54
45 47
46 59
21 45
31 43
48 52
0 23
18 19
9 46
43 56
18 32
45 48
43 45
30 58
0 14
33 47
25 49
6 38
30 32
3 12
9 26
17 47
14 59
11 47
45 56
6 8
32 42
26 31
15 53
7 43
46 47
16 59
9 49
17 26
15 31
17 20
16 48
8 16
3 13
4 59
33 59
30 56
14 21
33 44
20 40
