32 41
27 40
12 49
30 59
6 40
2 4
7 14
17 30
39 53
26 32
44 56
51 57
30 41
25 52
11 51
4 47
1 8
3 25
12 48
32 35
11 47
14 48
19 20
22 42
10 60
46 56
16 32
45 59
47 58
14 30
0 31
9 12
27 45
14 43
13 17
37 60
22 43
12 44
4 48
46 55
16 56
8 17
23 51
45 58
23 26
19 32
21 50
12 14
30 33
32 54
7 32
25 26
15 25
15 21
35 39
14 26
31 44
30 42
16 25
15 17
19 35
38 54
32 44
16 58
21 56
25 56
15 42
3 21
14 45
7 12
2 38
29 38
7 21
9 47
0 49
15 48
0 11
14 49
11 32
42 49
0 20
12 56
12 27
3 16
11 25
1 28
12 15
15 23
14 42
12 45
49 56
12 43
31 58
22 47
42 52
12 32
12 33
7 44
4 52
13 44
13 52
32 52
14 15
17 52
13 32
44 46
33 48
43 44
28 54
44 52
27 47
30 43
26 33
21 58
0 47
11 31
43 58
30 58
13 42
15 56
15 27
21 31
13 16
13 49
20 23
42 45
15 45
6 50
15 43
47 52
6 18
29 36
15 32
15 33
0 59
11 28
12 58
9 49
12 22
16 48
33 59
11 52
32 49
16 44
15 44
10 29
6 41
47 59
0 23
30 45
9 30
48 58
16 30
11 16
20 21
17 31
20 26
1 34
15 31
19 37
13 26
48 59
13 15
49 51
11 30
0 58
9 16
5 40
8 42
3 59
5 46
44 55
25 46
8 26
9 32
3 48
26 49
25 42
23 48
20 53
44 48
21 48
39 57
12 21
9 23
3 52
9 43
44 51
21 27
25 32
4 57
34 51
0 26
48 52
21 42
3 56
32 46
18 38
20 32
16 42
8 14
26 45
23 32
11 26
17 43
9 26
7 27
27 32
0 16
3 44
3 45
27 30
30 49
15 50
27 44
12 16
4 8
3 11
56 58
1 10
4 38
17 22
21 43
29 32
0 9
17 46
32 60
28 31
15 22
17 23
31 32
16 17
25 33
11 49
32 56
32 45
18 37
32 57
32 43
5 19
17 32
29 40
32 33
32 34
32 39
35 60
33 56
49 52
12 59
33 45
3 7
33 43
3 43
0 48
32 37
30 48
0 32
24 32
2 29
45 47
26 59
44 45
31 43
30 52
23 42
10 34
12 23
43 56
18 32
45 48
43 45
22 30
15 59
14 33
0 25
6 8
32 48
21 32
22 23
14 47
9 31
14 52
45 56
6 28
28 42
28 47
21 53
7 43
46 47
17 33
17 21
17 48
49 59
7 47
44 58
14 51
31 33
21 59
9 33
30 56
47 56
21 33
40 57
