13 26
32 48
0 44
4 31
6 32
29 57
19 50
20 26
47 52
51 52
11 17
21 33
14 43
9 33
14 23
1 18
26 59
32 38
31 44
27 57
52 59
9 47
35 60
13 44
50 51
45 46
26 47
13 15
9 42
44 52
16 48
23 48
26 51
18 32
32 34
21 44
23 33
13 31
16 17
3 12
14 21
11 28
38 60
12 14
10 39
14 45
15 44
7 30
37 60
34 40
7 32
9 58
14 48
21 56
32 39
42 49
3 49
26 33
12 23
9 32
29 37
12 21
13 27
21 58
16 52
30 55
41 44
17 51
42 46
14 32
0 26
28 57
17 48
14 25
30 41
30 31
23 56
0 42
11 32
18 54
16 28
12 56
12 27
6 57
21 51
46 56
12 15
7 45
44 45
12 45
44 48
12 43
23 31
8 47
30 52
12 32
12 33
31 49
21 48
0 43
7 14
11 14
25 49
2 29
13 32
28 42
14 22
5 46
3 21
16 21
45 59
8 20
0 4
27 48
14 31
19 41
3 26
15 59
11 59
15 56
15 27
32 58
22 47
0 32
31 58
15 17
15 45
14 44
15 43
46 47
3 43
10 35
15 32
15 33
9 23
19 57
21 32
4 26
32 54
30 33
7 49
0 3
28 40
30 59
17 42
56 58
32 35
19 37
25 44
6 38
49 59
12 48
25 43
16 31
42 56
29 34
20 50
1 32
30 47
4 32
28 53
25 56
31 45
15 25
29 53
1 35
11 52
27 44
11 26
12 16
9 17
3 58
14 33
25 48
0 12
30 45
46 55
5 40
11 48
30 32
32 59
23 49
9 51
27 45
3 32
3 11
10 60
42 47
11 42
0 17
12 46
9 48
13 52
48 59
0 11
12 25
17 43
23 52
47 48
34 51
12 58
4 18
43 44
42 52
3 42
20 40
26 32
27 32
32 52
21 45
15 21
28 29
12 44
15 22
25 45
33 47
15 30
1 10
25 47
8 49
0 58
43 58
30 53
17 49
38 39
16 23
17 20
4 47
16 26
30 56
2 32
17 25
15 47
13 16
32 56
32 45
23 30
9 15
32 43
33 44
32 49
42 59
32 33
26 48
24 32
22 30
33 56
44 58
0 52
33 45
9 49
33 43
43 49
43 48
16 33
21 49
16 56
6 36
22 58
5 6
22 25
0 30
11 23
44 59
15 31
22 48
16 32
43 56
16 49
19 32
43 45
7 48
8 30
4 21
7 17
21 43
8 11
7 52
8 39
26 52
16 22
42 58
45 56
6 20
13 17
8 40
32 37
17 47
21 42
3 33
21 59
15 54
14 27
3 56
27 30
32 46
7 12
0 15
2 38
9 43
44 56
45 47
20 31
