13 49
32 48
0 25
4 17
6 32
29 57
2 57
26 42
30 47
18 35
11 14
21 33
0 9
33 59
17 23
1 39
22 31
32 38
33 58
4 57
15 58
4 25
32 34
13 44
0 56
43 46
13 14
13 21
9 42
52 58
16 20
9 26
7 14
18 32
1 10
21 44
21 59
46 59
17 44
12 25
21 41
26 51
6 57
8 16
10 39
14 31
15 44
28 30
28 37
34 40
7 32
3 25
16 33
48 56
32 39
11 52
3 21
8 29
12 23
9 32
18 34
17 30
7 27
9 56
11 16
7 30
20 39
31 47
7 52
14 32
3 26
3 44
30 42
49 51
28 40
12 59
25 56
0 12
11 32
0 44
14 59
12 56
12 27
27 38
44 55
3 56
12 15
13 45
44 45
12 45
44 48
12 43
3 13
14 16
4 49
12 32
12 33
26 58
45 48
43 52
26 47
14 43
0 52
29 50
13 32
32 42
14 22
21 43
17 48
16 21
15 31
20 26
20 41
27 48
17 47
19 50
3 11
15 25
11 23
15 56
15 27
23 32
22 47
0 16
31 48
15 16
15 45
16 52
15 43
14 26
23 43
51 60
15 32
15 33
9 45
19 38
21 32
7 17
22 54
30 33
8 44
49 58
18 57
42 59
17 20
56 58
32 35
37 38
38 51
6 19
0 14
12 48
45 58
9 14
0 26
29 34
28 50
1 40
14 21
4 32
19 53
30 59
26 43
16 23
6 54
1 35
0 11
27 44
30 49
16 25
31 56
12 58
14 48
25 42
33 42
31 59
46 55
32 40
25 58
30 32
45 59
23 30
31 43
27 45
3 32
25 44
10 60
51 53
11 49
28 49
16 46
21 46
13 26
21 48
11 42
25 31
17 51
8 52
47 48
10 29
22 30
32 60
21 23
30 52
32 54
9 20
26 32
27 32
32 52
21 45
15 48
20 29
12 44
15 22
25 32
33 47
15 30
37 60
33 46
42 49
22 42
9 47
30 53
0 17
35 41
44 59
17 45
0 47
46 47
30 56
2 32
12 17
15 47
13 16
32 56
32 45
9 23
9 15
32 43
33 44
0 32
48 49
32 33
0 3
6 24
9 28
33 56
31 44
48 52
33 45
44 58
33 43
23 52
43 48
17 33
21 49
17 56
32 36
42 58
2 6
48 58
48 59
23 45
23 49
11 31
11 21
32 47
43 56
16 49
5 19
43 45
7 15
8 28
4 52
17 42
30 43
4 11
5 48
7 42
26 52
12 22
49 59
45 56
8 11
26 49
8 40
32 37
12 47
16 43
3 14
12 21
5 15
27 47
3 42
27 30
32 46
7 12
15 52
21 51
3 43
44 56
45 47
30 31
