13 27
20 27
18 40
22 34
13 39
12 33
27 37
2 40
11 43
20 40
27 39
19 44
3 24
1 25
20 29
26 28
3 35
0 11
13 41
21 30
2 10
24 25
17 30
12 30
4 44
3 44
3 21
16 25
19 41
27 31
23 33
0 23
19 40
13 44
0 18
35 39
5 44
17 27
18 24
20 39
15 36
0 34
40 44
34 44
33 34
3 13
33 39
36 41
12 27
5 30
12 44
0 44
13 19
11 36
10 39
12 13
2 13
20 33
25 33
20 23
33 35
23 40
0 2
12 40
23 44
19 42
0 30
22 25
13 33
20 34
2 8
34 40
28 39
20 28
18 23
18 33
0 40
12 37
39 40
13 40
27 33
20 35
12 21
21 40
27 34
17 31
28 44
38 43
17 44
13 17
26 36
17 33
12 34
21 24
0 13
5 13
33 37
28 29
13 31
12 28
17 29
12 17
21 27
25 28
27 40
18 28
28 34
10 13
25 40
7 23
17 41
12 20
5 34
17 28
12 29
33 44
5 20
35 40
18 36
9 35
3 34
3 27
9 39
34 39
15 37
20 37
5 41
24 37
20 41
9 19
13 30
5 33
34 35
19 34
23 27
31 36
29 40
17 39
31 40
12 18
13 28
12 31
0 5
12 39
18 20
17 40
20 31
18 30
7 37
5 29
20 21
13 23
24 29
12 36
2 42
3 19
13 20
5 40
19 33
2 16
30 39
26 33
15 33
28 33
3 18
12 19
0 31
20 44
1 7
21 23
13 34
3 20
23 37
3 12
29 33
18 27
22 23
1 31
3 17
27 35
23 34
23 30
3 5
27 29
31 41
5 28
19 27
22 37
