13 27
20 27
12 30
21 34
5 18
17 39
4 8
20 21
1 15
0 40
31 35
33 44
5 29
2 19
20 39
5 13
3 21
40 42
5 17
31 44
3 40
20 31
30 43
13 35
12 17
12 20
23 30
20 34
36 39
17 28
5 40
20 25
27 28
13 44
13 41
22 24
25 26
20 44
33 40
34 44
23 40
2 24
29 35
27 31
3 7
24 36
12 40
30 40
12 27
11 19
30 44
11 22
0 33
11 36
10 41
12 13
29 33
12 44
23 34
12 23
2 3
28 38
12 39
20 40
3 39
12 31
29 41
39 41
13 33
13 29
18 34
16 24
21 40
17 27
5 34
24 33
19 29
13 30
21 36
13 40
27 33
0 27
10 23
39 40
27 34
19 44
10 44
18 23
3 33
0 29
31 34
33 39
20 36
2 44
15 19
3 12
24 40
3 34
27 29
2 20
28 44
17 18
23 39
20 30
27 40
19 34
13 28
3 37
7 26
22 39
7 33
0 39
12 28
21 27
34 37
23 33
5 33
13 18
3 28
23 35
17 34
28 30
19 31
28 40
19 27
18 20
5 12
3 13
13 17
18 27
18 33
0 44
2 5
0 12
0 23
0 1
18 28
17 21
26 42
28 31
30 37
17 25
3 20
27 37
40 44
23 28
21 37
13 31
22 27
17 44
5 20
13 23
23 27
3 18
15 39
25 40
13 20
13 25
20 37
5 35
19 33
12 19
31 37
12 33
29 36
9 35
33 35
25 33
9 25
35 43
13 34
9 17
17 33
20 23
12 41
12 18
5 37
1 39
0 13
0 19
34 40
40 41
28 37
16 36
20 33
18 41
2 34
12 34
