13 27
20 27
36 40
2 27
5 20
33 44
21 44
17 34
0 28
23 28
0 13
28 34
8 9
3 28
10 28
30 36
20 30
11 19
13 23
17 18
0 20
19 26
28 44
34 44
20 31
12 20
3 44
20 34
27 41
12 25
16 40
19 20
23 35
12 36
15 30
13 18
2 36
31 44
33 40
13 37
39 44
41 42
12 44
29 34
17 44
0 12
12 40
30 39
12 27
5 27
3 33
5 22
28 43
0 5
18 40
12 13
20 37
0 27
19 29
9 15
34 36
9 39
3 26
20 40
18 34
17 27
2 33
13 17
13 33
5 18
31 37
28 33
5 13
3 24
0 33
18 28
10 23
13 44
3 18
13 40
27 33
27 39
13 28
5 30
27 34
1 37
20 35
31 33
23 33
3 13
35 41
13 30
0 40
23 34
27 44
19 40
13 21
20 29
19 27
34 35
24 26
15 43
2 12
25 33
27 40
1 38
3 20
23 31
27 37
18 33
2 23
5 40
5 36
22 39
18 19
4 34
0 30
19 25
0 36
22 24
2 35
23 39
12 23
1 22
27 31
20 44
3 21
11 35
24 40
5 12
33 34
20 39
5 44
3 39
12 19
29 33
3 29
25 39
5 11
33 39
7 35
0 29
19 39
13 39
28 41
17 35
2 17
25 40
17 25
21 31
17 21
7 41
29 30
23 37
28 40
13 41
13 20
24 41
23 27
21 33
16 37
17 19
3 40
12 33
10 21
18 31
17 33
31 40
25 30
12 37
13 34
18 23
7 37
17 20
13 31
17 40
29 39
12 28
12 29
12 24
34 40
34 42
3 12
18 44
20 33
23 40
20 21
12 34
