13 27
13 31
5 27
1 44
37 44
30 41
39 44
40 42
12 18
12 27
25 33
23 44
27 28
19 30
0 27
12 39
18 28
12 19
20 27
3 33
3 27
12 43
2 41
13 41
27 33
12 20
20 25
20 34
17 39
3 40
5 23
17 28
25 41
10 35
41 43
20 37
13 21
5 13
33 40
15 22
0 20
18 27
25 35
16 22
10 30
13 19
12 40
36 44
23 33
19 37
17 36
24 25
2 37
13 36
0 18
12 13
13 17
5 12
7 31
23 40
12 17
23 34
21 37
20 40
13 29
3 31
20 31
23 24
13 33
7 39
18 40
3 5
13 44
5 17
16 39
11 36
27 44
13 23
13 28
13 40
7 26
19 29
1 21
9 30
27 34
2 33
20 44
3 20
18 29
23 29
17 34
3 28
20 30
27 35
25 34
21 39
35 40
19 35
34 39
18 23
24 34
15 19
17 20
26 44
12 36
13 39
5 40
12 41
5 20
0 40
4 30
17 23
40 44
19 34
11 19
25 29
27 31
31 40
2 11
9 23
0 29
5 22
18 21
15 36
28 34
24 27
3 13
8 38
21 28
31 39
33 34
2 22
10 24
37 40
30 34
21 26
12 44
3 12
28 29
27 37
35 44
19 39
33 37
17 18
28 41
2 20
0 13
18 33
20 23
27 40
21 33
20 28
9 40
28 33
33 39
33 35
13 20
23 30
17 40
5 35
27 29
5 18
19 33
12 33
31 33
12 28
12 42
0 34
5 33
3 34
13 34
0 39
17 37
3 36
17 31
18 44
2 24
0 12
39 40
0 31
34 40
1 3
28 44
0 30
20 33
3 23
20 29
12 34
