13 27
13 39
23 31
20 34
11 42
3 33
33 39
19 20
23 36
3 12
25 31
3 24
2 9
13 35
12 29
12 37
0 41
17 28
0 7
0 13
29 44
22 43
3 27
20 23
34 38
12 20
23 27
37 39
5 13
28 39
15 18
5 20
17 40
25 41
3 35
18 35
0 33
1 22
33 40
16 21
3 17
11 24
21 35
20 28
28 44
2 18
12 40
13 28
3 13
5 31
19 23
13 25
23 34
1 28
5 12
12 13
24 33
0 44
27 39
29 30
12 34
20 24
13 29
20 40
28 37
7 24
41 44
1 30
13 33
25 33
28 31
13 18
3 41
25 40
13 23
4 8
12 31
3 34
28 34
13 40
33 34
5 33
21 27
17 20
37 40
23 33
31 33
2 30
23 37
5 30
17 18
5 27
0 40
3 40
20 30
12 23
5 23
13 19
18 40
35 36
0 37
13 42
39 40
12 27
27 36
22 27
19 24
31 39
0 19
17 39
31 34
27 30
19 40
21 39
12 44
0 12
12 30
11 18
18 34
17 23
16 19
2 10
9 39
17 44
29 31
41 43
13 30
18 28
27 28
3 23
20 35
5 22
25 34
15 41
34 37
5 19
34 44
13 44
12 39
26 36
35 40
18 20
27 33
20 27
5 44
0 36
33 44
12 19
29 36
0 2
2 37
12 17
15 27
26 40
21 44
18 33
13 20
10 25
21 34
17 30
28 36
27 40
34 40
12 33
27 44
28 35
9 12
26 39
2 19
3 20
34 41
7 37
21 31
29 33
20 21
29 40
13 17
23 40
10 17
3 44
27 34
20 44
20 39
5 40
20 33
19 33
17 33
18 29
