13 27
2 39
5 22
20 34
17 22
27 30
7 30
21 23
12 30
33 39
18 27
0 23
5 30
22 25
12 44
5 18
13 37
3 40
13 22
16 29
16 18
8 10
34 41
3 17
12 29
12 20
27 39
20 28
29 40
38 42
17 31
20 23
19 20
13 17
3 27
27 37
17 20
19 44
33 40
23 44
27 41
29 41
5 19
13 18
12 25
28 40
12 40
27 31
13 23
20 29
17 28
30 39
15 43
17 33
2 13
12 13
25 44
24 35
40 44
31 40
12 34
11 36
11 31
20 40
28 33
0 21
34 36
17 21
13 33
34 39
1 17
20 39
17 39
39 44
3 39
28 44
33 44
3 20
7 24
13 40
33 34
34 37
9 19
11 28
0 1
12 17
20 21
24 31
3 5
0 5
7 40
5 24
2 34
17 40
2 40
12 23
18 36
19 34
26 29
12 31
36 43
13 28
25 27
12 27
12 35
33 41
26 33
0 40
23 30
3 33
13 34
13 44
3 12
19 27
0 19
30 33
24 37
3 23
18 28
29 35
15 41
28 35
5 31
2 20
3 13
33 36
23 25
34 44
21 37
25 34
4 9
23 36
19 37
20 44
13 21
23 34
9 36
19 33
23 40
15 29
13 19
13 31
27 33
20 27
19 28
0 27
39 41
12 39
3 26
5 40
17 18
10 25
35 39
18 40
2 10
30 31
13 20
21 35
3 37
0 20
28 30
27 40
34 40
12 33
13 41
23 33
23 28
2 44
18 33
1 39
28 34
5 27
33 42
18 24
5 12
12 18
5 21
0 12
18 37
0 29
27 34
20 37
35 44
0 13
20 33
3 44
35 40
20 31
