13 27
12 27
12 34
34 37
13 23
3 23
0 19
31 37
12 28
23 28
7 29
18 23
28 40
25 27
3 29
39 40
26 43
17 33
4 36
17 34
18 20
11 33
13 39
26 31
13 37
12 20
27 28
5 13
18 24
0 28
2 44
3 17
3 19
5 41
16 17
27 35
19 33
23 34
33 40
18 27
33 34
17 21
13 15
10 11
40 44
23 33
12 40
25 34
27 42
17 44
27 33
13 36
2 19
12 31
0 20
12 13
19 34
17 40
30 35
33 36
27 30
2 9
19 39
20 40
30 39
25 37
11 18
21 44
13 33
3 12
22 26
24 29
16 41
13 17
20 39
8 35
12 30
31 33
31 44
13 40
3 20
33 44
17 22
20 21
0 39
5 18
12 35
27 31
19 20
0 3
23 40
34 35
27 39
33 39
20 23
1 18
5 12
12 44
21 33
17 41
39 44
28 33
0 31
28 34
15 37
0 27
20 36
5 19
34 39
18 40
13 34
25 44
3 31
20 24
13 35
17 28
22 37
13 24
5 25
12 39
29 38
1 7
30 43
23 30
31 40
2 5
19 24
2 13
27 44
5 20
18 37
0 34
2 20
2 40
5 40
5 34
17 35
29 33
34 40
0 10
3 40
13 41
12 23
20 27
1 30
20 28
25 40
3 13
21 24
12 17
29 36
12 37
20 42
33 41
34 36
23 37
13 20
30 40
27 40
21 27
29 31
0 5
18 28
12 33
39 41
28 30
0 12
23 29
5 35
13 28
7 15
12 18
3 44
19 40
28 29
21 41
9 36
3 33
10 21
3 39
34 44
13 44
23 27
19 23
20 33
18 25
9 22
20 44
