13 27
12 27
12 34
17 39
5 40
5 39
27 41
0 23
7 21
12 16
33 44
15 29
0 28
11 13
12 23
25 42
3 44
27 35
5 12
17 18
12 18
12 17
13 44
27 31
2 26
12 20
12 39
25 29
3 35
23 41
27 37
0 29
28 31
3 29
25 33
21 33
29 34
20 44
33 40
13 39
34 40
17 28
2 13
22 41
3 22
33 34
12 40
19 27
19 31
17 33
27 33
2 22
3 28
19 20
21 40
12 13
2 15
12 28
10 30
5 42
2 39
2 20
27 39
20 40
29 44
9 22
41 44
18 39
13 33
3 20
28 35
12 21
3 40
17 40
11 24
10 40
20 30
23 28
3 33
13 40
5 17
37 41
28 34
27 30
18 24
3 37
1 25
0 13
12 31
20 21
18 19
12 44
30 37
13 29
0 27
20 31
0 30
31 33
13 18
23 33
23 34
18 36
18 33
5 13
31 43
13 36
40 44
0 7
3 27
23 24
18 20
13 21
20 39
16 36
20 34
12 19
5 33
15 40
1 44
10 28
30 31
13 17
5 20
36 41
11 34
3 34
23 40
34 39
5 23
21 34
23 37
19 33
24 39
7 26
20 29
31 40
35 43
17 19
4 17
9 36
35 37
36 39
33 39
20 27
30 40
5 19
25 34
23 27
39 40
13 37
0 37
13 23
31 36
17 20
28 40
25 35
13 20
17 34
27 40
12 30
35 44
2 5
3 12
12 33
27 44
8 41
5 26
19 44
0 34
24 33
18 23
17 29
20 28
9 23
13 28
19 30
1 24
27 34
18 35
19 38
0 21
18 40
28 44
34 44
20 33
25 37
3 13
0 33
