13 27
2 20
20 28
19 40
5 20
12 44
28 44
20 39
12 27
36 37
3 12
23 40
21 36
5 42
23 30
18 24
17 20
2 39
5 12
2 40
17 40
17 28
19 26
17 23
30 33
12 20
25 30
28 30
41 42
27 34
9 27
39 44
22 44
27 29
23 41
12 22
13 17
18 37
33 40
3 5
33 44
13 29
34 44
22 24
28 35
17 33
12 40
13 31
12 34
21 34
12 25
18 36
13 18
0 18
28 40
12 13
2 11
12 37
5 29
20 24
13 39
3 27
29 33
20 40
19 35
30 43
5 44
23 35
13 33
3 21
26 31
20 41
11 16
13 44
2 34
4 24
17 34
5 35
29 40
13 40
23 27
13 28
15 21
17 27
7 21
31 33
30 36
0 20
0 35
18 28
10 17
0 39
1 21
25 44
31 36
18 40
23 28
20 34
29 34
39 40
30 40
19 20
3 35
5 13
9 20
0 33
20 36
20 27
18 44
0 3
17 31
12 23
3 29
5 40
23 24
28 31
2 37
7 8
27 40
0 34
3 13
10 11
13 34
27 31
15 37
9 39
0 23
23 39
17 44
13 19
17 29
10 19
0 12
13 37
17 25
24 35
13 30
33 39
21 40
41 43
34 37
27 39
1 25
12 35
18 20
31 38
16 22
5 28
15 19
7 39
27 44
40 41
12 18
5 23
18 34
19 27
13 20
19 33
25 37
31 40
3 33
13 25
5 27
12 33
0 27
34 40
3 18
30 34
23 33
3 44
12 39
26 27
21 33
12 31
12 19
13 23
19 34
33 37
3 20
29 39
3 41
28 33
0 44
33 34
20 33
2 28
1 41
33 36
