13 27
23 31
24 40
27 28
20 39
5 12
10 17
12 23
12 27
2 25
30 40
3 42
2 24
11 34
9 16
28 41
35 40
31 42
0 34
18 20
24 27
13 37
31 33
19 31
5 20
12 20
22 41
37 43
15 37
20 28
31 34
4 8
33 34
33 35
24 33
19 30
21 33
20 44
33 40
0 3
3 13
30 34
23 36
13 23
20 25
30 35
12 40
10 33
7 29
23 40
26 39
18 21
0 40
25 39
9 43
12 13
17 24
3 29
23 44
3 44
18 23
27 40
0 36
20 40
27 34
20 31
25 40
30 33
13 33
19 20
1 26
28 34
23 34
17 44
3 36
18 19
16 30
0 33
21 44
13 40
21 30
2 13
33 39
12 19
34 36
12 28
28 33
5 33
29 39
17 40
28 39
0 27
3 28
13 44
18 33
1 35
19 44
5 34
34 41
35 41
3 18
20 37
3 34
13 31
29 40
3 19
40 44
20 27
17 19
21 40
0 22
20 23
2 7
37 44
5 13
23 33
5 28
0 44
27 33
18 27
3 12
25 34
13 34
31 44
21 28
13 17
27 35
5 29
22 44
29 41
0 5
12 31
3 39
18 36
17 23
2 3
34 39
25 37
26 35
23 27
21 37
5 10
28 40
9 15
17 20
11 21
17 18
30 36
5 39
1 15
27 44
12 41
13 29
28 36
20 41
0 12
13 20
31 40
5 24
0 20
12 17
27 39
20 29
12 33
13 19
17 27
23 39
13 25
27 29
12 35
13 28
2 17
19 27
2 22
5 40
13 18
12 34
12 18
12 44
12 39
7 17
23 37
13 39
18 30
20 33
11 19
38 40
33 37
