13 27
0 37
13 17
0 17
5 25
27 37
0 18
26 40
13 31
20 28
12 35
17 21
17 40
31 35
12 23
20 29
13 39
24 40
31 40
28 33
23 33
3 44
0 44
36 41
13 18
12 20
18 20
18 33
30 34
33 34
35 36
20 43
16 29
10 38
4 39
24 33
3 33
27 33
33 40
12 28
19 27
12 29
5 27
1 11
31 33
34 40
12 40
39 40
19 33
30 33
34 39
34 37
17 39
5 33
20 44
12 13
3 5
12 39
23 24
23 34
17 27
35 40
3 29
20 40
27 34
7 20
20 35
30 40
13 33
12 17
23 36
0 40
3 27
34 41
13 19
28 31
11 36
28 34
5 21
13 40
0 33
2 24
3 12
23 28
31 37
21 23
13 21
28 37
28 41
13 28
2 13
20 34
10 19
1 25
2 21
25 40
2 22
13 30
2 9
7 25
20 39
12 34
23 41
13 44
17 18
3 26
22 27
10 39
2 31
0 7
5 19
18 19
18 44
20 27
17 20
5 20
18 37
15 21
29 44
22 33
36 39
18 30
13 34
23 27
25 28
21 37
3 39
33 44
15 23
21 27
3 22
1 44
3 20
34 44
15 41
9 39
0 5
8 11
12 19
5 40
12 31
12 18
27 39
2 44
42 43
37 44
25 29
3 34
0 12
5 13
17 44
26 36
35 37
0 42
29 41
19 30
13 20
13 24
27 40
30 35
40 44
13 23
27 29
12 33
17 19
24 30
39 41
13 25
17 33
0 3
9 20
5 12
5 44
3 17
18 34
18 31
19 34
19 28
23 31
29 36
16 35
12 27
27 28
12 30
20 33
20 23
28 40
23 40
