13 27
2 24
5 40
13 44
3 33
5 39
10 25
19 44
13 31
20 30
33 37
34 43
9 33
5 30
28 37
20 28
4 17
27 31
12 23
0 39
12 36
0 20
23 28
18 44
34 41
12 20
28 30
18 29
23 40
33 34
11 25
3 31
0 29
3 27
17 30
20 23
0 17
27 33
33 40
21 34
25 28
0 40
21 40
18 22
20 31
34 40
12 40
12 44
12 17
13 30
19 30
29 40
35 41
18 40
5 28
12 13
1 25
5 33
5 23
41 44
23 27
19 34
18 27
20 40
27 34
23 33
21 35
13 23
13 33
17 41
23 36
37 44
27 44
11 17
27 35
31 34
13 24
20 22
13 29
13 40
27 39
30 34
13 17
3 26
17 33
35 37
2 33
19 23
12 31
13 35
20 37
20 34
3 44
16 38
26 44
17 23
15 21
39 44
0 12
37 39
12 19
12 34
13 18
40 44
2 10
12 37
33 39
28 33
10 35
3 21
5 29
12 30
0 33
20 27
28 40
15 40
5 19
19 37
17 19
16 18
24 27
17 40
13 34
1 29
20 36
24 40
8 25
2 23
0 41
36 37
23 34
0 7
0 13
27 28
3 36
13 36
2 26
34 44
24 29
28 39
17 27
2 22
3 18
12 28
5 20
20 39
20 44
31 39
17 31
3 39
3 35
18 42
18 20
29 33
2 19
42 44
13 20
33 35
27 40
19 40
13 28
28 34
9 22
12 33
3 20
21 41
11 31
9 25
18 39
12 29
25 39
3 30
5 13
36 40
19 33
0 24
7 21
5 27
23 31
1 15
13 21
12 27
12 18
5 41
20 33
3 34
7 43
12 39
