13 27
27 34
13 19
0 1
27 29
19 30
31 33
25 36
5 21
39 40
23 34
13 23
3 27
39 44
28 40
36 39
18 21
0 37
18 19
34 44
10 40
33 37
35 40
2 30
19 31
12 20
13 21
3 44
13 28
33 34
5 40
12 44
5 22
3 13
30 35
12 37
2 28
27 33
33 40
29 33
11 22
20 39
19 44
26 39
17 40
34 40
12 40
29 31
11 42
33 41
12 17
3 24
2 9
12 39
13 37
0 23
2 11
0 30
20 31
2 5
13 41
18 26
23 41
20 40
0 20
27 36
15 44
3 39
31 37
3 33
0 34
8 37
18 36
12 13
18 39
7 9
29 42
19 28
24 43
1 12
19 34
23 27
5 27
0 25
18 20
5 34
17 39
37 41
13 20
21 40
17 25
20 34
3 5
5 18
17 27
17 33
0 31
20 25
13 40
23 28
24 35
12 34
24 33
7 20
15 29
20 30
34 36
7 10
0 27
17 44
22 28
25 44
3 19
20 27
3 28
27 31
12 25
5 13
35 37
12 19
33 44
35 44
13 34
35 39
16 43
30 40
40 44
27 44
13 44
5 12
13 30
19 23
31 41
25 28
10 35
9 29
20 23
17 21
20 28
17 23
4 22
15 21
13 33
21 33
13 29
12 28
12 31
26 30
13 31
24 40
1 39
34 38
18 33
16 27
29 40
18 37
0 21
28 35
27 40
23 33
23 30
28 41
3 34
12 33
36 40
5 23
2 20
28 34
18 29
12 41
33 39
5 33
17 34
12 23
3 12
23 40
13 39
24 27
0 44
13 17
19 20
12 27
3 20
3 18
20 33
17 20
2 36
17 18
