24 44
5 13
27 40
12 13
10 37
17 39
20 33
5 17
12 20
24 36
3 33
11 20
5 25
23 28
18 41
23 40
24 34
2 37
13 42
40 41
3 26
8 43
31 39
25 28
19 36
9 15
33 44
20 27
18 23
13 39
17 33
4 26
24 27
12 34
20 36
20 34
3 35
27 30
0 12
20 21
12 33
0 3
22 28
0 20
19 41
10 42
30 33
3 37
33 39
21 23
0 34
7 15
33 34
17 31
27 34
19 29
36 39
1 26
12 17
19 22
25 34
0 27
18 40
13 20
10 25
12 23
13 41
20 30
37 39
19 31
5 31
20 29
13 22
18 28
12 29
5 18
13 31
3 31
12 18
37 41
18 34
13 27
0 30
31 34
2 12
35 37
13 34
2 33
13 33
33 35
35 36
17 40
19 20
3 21
12 28
12 27
27 44
27 39
27 33
3 44
21 40
5 33
1 27
21 27
28 34
39 44
23 27
25 35
13 40
20 31
22 25
30 40
17 23
16 37
20 39
0 19
7 35
13 17
21 28
17 29
12 39
29 41
13 30
27 28
5 12
9 44
30 44
29 38
3 30
17 18
0 25
16 19
13 29
39 40
13 28
27 31
34 44
11 35
12 21
34 37
23 33
11 15
20 44
5 40
12 36
0 40
24 43
3 17
2 23
18 39
19 40
5 20
13 35
13 23
28 36
7 23
20 40
2 28
19 33
17 27
5 28
1 21
0 13
9 33
0 2
3 34
12 19
23 29
20 41
12 31
13 44
24 37
12 40
3 40
17 44
18 33
29 33
23 34
23 30
5 44
18 44
40 44
3 18
2 40
5 39
20 28
33 40
34 40
