25 27
23 44
19 36
12 13
25 31
12 29
20 33
5 36
12 20
5 44
0 5
15 28
17 37
21 25
33 44
20 29
19 31
1 11
5 20
18 27
28 40
2 31
5 34
17 40
0 17
18 28
13 28
3 20
24 41
12 28
9 22
40 44
17 35
12 34
3 18
20 34
26 37
19 27
36 38
30 33
12 33
24 26
27 39
13 17
7 13
5 13
20 37
23 28
17 27
2 34
13 30
28 36
33 34
22 39
27 34
0 1
23 37
34 35
5 12
26 43
9 40
5 21
2 20
13 20
17 29
20 31
28 33
13 37
16 34
2 11
31 34
21 33
1 25
17 30
3 42
5 27
13 41
31 44
3 33
21 39
24 39
19 20
23 24
27 40
3 30
18 33
13 34
13 19
13 33
23 30
29 37
29 33
18 31
3 19
0 12
22 41
41 44
17 33
27 33
12 30
9 10
33 41
12 44
12 37
2 27
25 30
15 41
18 37
13 40
15 17
29 31
10 30
0 18
5 37
20 27
35 40
29 39
4 17
20 39
0 40
19 33
13 42
25 28
20 36
7 8
23 33
34 44
0 43
5 40
33 39
12 35
12 39
3 40
19 25
13 23
24 35
22 36
3 13
2 44
21 23
27 44
28 34
17 23
11 16
20 44
18 29
27 31
10 28
3 27
40 41
31 39
27 30
19 40
12 23
35 39
3 36
20 40
24 34
0 21
13 18
23 40
33 35
7 44
2 29
39 40
5 18
3 12
19 34
34 39
12 18
13 44
12 21
12 40
12 17
20 23
19 39
0 13
0 44
20 28
27 35
3 28
21 40
18 23
3 23
0 20
13 27
33 40
34 40
