2 31
21 31
1 22
12 13
18 44
1 21
20 33
39 42
12 20
31 33
17 25
3 5
2 13
3 20
29 34
13 35
17 37
20 25
17 44
20 30
3 17
25 26
19 29
27 41
0 33
12 37
12 27
23 39
19 34
7 15
34 44
28 44
8 28
3 40
3 36
25 29
0 2
27 36
21 24
28 30
12 33
19 39
12 29
3 33
20 23
18 31
3 18
0 20
0 40
34 41
3 19
7 36
19 44
28 34
27 34
20 34
38 43
12 44
19 28
5 37
13 21
20 24
13 18
13 20
0 41
19 30
18 27
12 39
4 19
28 40
17 40
40 44
33 39
24 34
15 44
31 34
5 12
0 39
39 40
12 35
1 13
20 31
33 37
17 34
13 30
3 27
34 40
13 28
13 33
23 34
10 40
11 25
12 17
23 33
22 41
13 17
12 31
3 28
23 41
2 29
17 20
12 23
23 40
0 36
29 39
30 34
23 24
20 21
13 40
30 44
17 33
24 28
12 30
5 44
5 27
19 35
21 40
22 30
17 22
13 31
10 42
16 39
5 15
37 40
2 33
23 31
3 13
5 28
18 40
34 36
33 44
5 20
27 39
27 28
13 23
29 33
13 19
27 29
36 40
35 36
17 27
19 40
18 37
0 27
20 44
27 37
18 33
13 27
12 25
13 41
27 33
37 39
30 40
18 25
3 12
5 33
20 40
3 34
9 11
31 35
2 12
26 35
5 11
5 23
0 18
20 35
18 20
24 41
33 34
0 23
13 44
18 29
12 40
0 5
12 21
2 16
28 37
17 21
7 43
9 10
27 35
23 27
28 33
23 44
20 39
13 39
33 40
9 26
