10 54
18 54
20 41
34 46
9 19
27 30
19 25
17 54
8 27
9 55
41 54
17 44
8 45
30 49
27 53
31 54
27 49
30 53
8 30
44 54
38 41
41 46
31 46
12 19
46 55
31 41
16 30
2 36
10 35
44 55
16 54
25 45
3 30
10 30
34 53
10 41
23 31
35 49
10 45
10 27
19 31
14 54
30 54
33 51
23 49
14 31
8 53
6 19
6 8
1 2
10 17
9 20
3 33
23 25
32 51
35 41
1 34
30 45
2 30
1 46
10 44
18 31
17 51
7 10
31 35
10 32
9 26
8 32
12 35
16 35
10 34
9 27
25 53
8 36
18 28
33 40
25 32
8 20
23 30
26 35
2 6
23 27
20 31
32 47
16 29
25 28
27 51
1 30
31 52
10 46
35 44
53 54
32 45
6 10
1 54
23 44
46 51
30 34
25 31
3 31
33 45
19 35
17 25
31 51
8 49
25 35
2 49
36 55
8 33
6 46
16 17
2 51
3 51
9 35
44 47
49 51
18 49
3 25
30 46
10 21
12 55
14 49
14 41
26 29
25 36
33 54
17 30
10 16
14 36
41 53
31 32
27 54
8 54
25 54
46 49
10 55
44 49
35 52
14 17
8 25
30 31
26 32
40 49
7 54
10 31
6 25
31 49
1 55
6 16
49 54
29 49
3 23
2 53
32 55
7 35
17 46
35 55
20 44
2 31
30 35
23 32
19 54
6 30
3 54
8 41
30 44
17 18
32 33
6 9
35 45
20 27
2 10
10 20
14 55
27 31
2 55
11 21
12 32
16 25
13 26
8 44
17 41
27 46
35 51
36 54
33 44
10 33
5 20
38 44
9 46
28 31
6 55
8 16
2 14
17 33
5 14
41 55
29 38
2 19
14 25
16 27
10 12
25 51
10 25
19 49
33 46
7 49
10 49
35 53
44 46
45 53
2 27
3 6
8 14
12 51
16 44
8 10
25 44
8 9
35 54
6 41
14 16
49 55
6 35
30 55
6 49
31 53
10 18
