10 14
23 49
31 44
34 35
16 25
34 55
20 27
14 49
7 35
10 49
31 54
19 31
8 32
2 46
27 44
1 32
38 44
17 35
8 25
30 35
5 25
25 55
17 46
1 46
2 10
35 44
14 41
19 46
10 35
30 44
44 47
14 33
3 46
10 30
31 35
16 41
9 20
23 30
6 28
10 27
23 31
8 54
6 54
6 32
8 23
16 31
27 33
26 51
14 44
1 35
33 44
8 9
31 34
25 32
10 40
18 33
2 54
3 35
32 41
35 46
32 44
44 53
19 51
7 30
21 33
16 32
8 19
16 55
10 16
41 55
8 31
3 9
35 41
8 35
2 19
10 36
6 17
28 51
2 20
35 55
6 31
29 30
30 55
14 30
23 25
33 49
8 16
26 54
26 30
27 41
2 35
36 53
28 35
6 10
32 54
8 17
8 49
10 17
16 17
33 51
31 45
6 16
14 17
29 31
32 49
25 35
1 30
1 10
44 54
12 32
27 49
10 31
51 54
19 53
41 53
25 49
20 45
6 51
12 49
12 17
12 31
13 25
21 27
33 38
30 54
2 23
9 14
9 17
47 49
14 18
27 32
27 54
27 55
3 54
36 46
9 49
6 20
3 29
30 31
36 41
14 31
25 46
35 49
10 53
9 53
25 36
33 54
27 34
30 40
49 54
23 55
41 46
7 45
46 54
25 30
2 12
41 45
16 54
54 55
6 44
3 6
41 54
35 51
35 36
14 32
41 49
46 53
14 46
30 45
44 55
10 41
19 49
10 54
10 18
53 55
17 55
11 55
31 51
2 8
10 55
2 49
8 55
27 53
7 31
8 30
9 23
25 33
10 51
19 30
2 25
20 44
25 53
8 44
52 54
2 6
18 20
49 51
8 29
16 45
2 30
6 27
34 49
17 30
3 25
3 49
10 46
31 33
10 26
35 45
46 52
16 49
9 26
8 27
17 44
18 31
10 25
8 10
31 46
20 25
19 54
31 53
10 45
6 25
12 51
5 30
1 51
18 54
10 38
