41 55
10 31
30 54
23 41
17 30
10 49
19 49
49 54
8 14
29 54
3 8
35 44
18 34
27 31
20 30
25 49
3 54
30 49
32 51
13 27
2 30
19 54
10 25
10 30
19 44
30 31
46 49
8 54
17 28
14 49
31 44
45 54
17 44
14 54
6 10
10 17
31 55
6 30
2 51
12 30
9 31
30 32
6 32
9 36
2 41
6 20
1 31
25 30
16 55
8 52
10 33
19 31
20 46
41 44
16 54
2 25
30 44
32 49
53 55
17 41
2 34
25 45
8 55
12 17
47 55
32 35
32 55
6 44
10 51
10 34
25 27
35 45
8 41
44 46
25 54
31 32
16 53
6 46
36 46
25 51
31 51
10 12
14 46
47 54
10 55
12 53
10 46
14 31
3 16
33 51
20 54
19 25
14 55
8 25
38 49
34 45
25 35
17 46
8 27
45 46
17 51
6 49
9 32
29 35
7 55
5 14
7 33
10 23
33 49
2 18
6 31
2 31
1 54
7 16
6 27
23 38
1 2
10 19
10 35
27 54
41 54
31 33
10 16
9 41
35 36
6 14
8 21
30 53
2 49
35 51
3 27
27 46
5 8
14 34
33 44
6 41
25 55
40 54
29 51
35 53
19 41
16 25
16 30
20 53
44 55
25 41
25 46
18 31
7 20
23 32
25 33
26 35
21 49
25 53
6 19
10 41
17 31
9 23
51 53
10 29
17 35
14 35
1 49
18 19
27 35
2 3
6 18
9 27
31 46
30 35
31 49
33 45
6 8
11 26
3 35
2 35
32 36
2 54
33 41
36 49
40 51
14 32
10 54
3 10
1 16
16 44
8 44
10 18
31 53
8 46
30 45
12 49
9 49
35 54
8 26
10 44
33 54
8 49
44 54
20 27
2 52
12 26
33 38
10 27
17 45
16 46
23 49
10 26
35 55
1 23
31 35
30 55
17 55
36 44
9 25
32 46
25 28
16 27
9 30
8 30
27 51
20 31
8 53
3 30
8 35
44 53
10 28
14 23
