41 55
31 36
30 35
6 23
20 46
10 49
30 49
41 49
8 14
19 25
6 51
35 44
3 10
45 53
27 30
23 25
10 52
30 46
49 51
13 54
30 33
51 54
3 23
10 30
19 49
30 31
6 28
25 27
12 55
3 14
1 31
45 54
18 49
14 54
32 36
10 38
31 55
30 41
2 53
6 14
25 31
8 55
35 46
14 36
25 54
20 32
8 28
25 30
7 54
5 49
19 33
31 47
46 55
49 53
16 33
25 41
30 44
3 27
17 25
17 41
6 41
27 35
20 27
18 19
36 51
35 41
38 55
6 44
10 51
10 18
25 44
3 16
8 35
7 44
8 23
31 32
45 55
6 46
3 18
9 25
12 49
8 18
25 46
2 35
10 55
10 53
10 17
12 53
9 19
33 54
46 51
3 25
34 49
8 25
35 45
14 26
33 35
17 32
29 30
27 32
17 28
3 26
9 32
46 49
17 31
14 55
51 55
10 23
27 44
2 18
31 49
31 35
8 54
9 29
10 35
27 31
29 41
10 19
14 45
27 54
8 9
10 31
9 16
2 46
30 36
6 7
34 35
14 53
49 54
32 49
21 27
14 46
11 30
34 46
8 33
6 55
25 55
19 35
16 44
44 53
2 7
2 32
8 16
31 53
44 55
1 8
2 45
25 26
20 41
6 40
10 25
31 38
21 32
27 46
14 19
10 32
17 33
9 31
30 54
9 10
25 35
23 32
1 10
20 25
17 54
34 41
34 54
32 51
31 46
16 35
5 31
33 51
2 54
1 12
44 49
6 19
6 8
2 16
33 41
8 10
40 51
16 54
10 54
10 44
2 30
6 35
20 31
2 10
33 44
8 46
45 49
17 49
6 49
31 54
16 49
10 45
29 54
8 41
44 54
20 49
53 54
2 26
12 44
10 27
8 17
16 46
33 47
10 26
17 35
35 36
31 51
16 30
23 55
41 44
2 27
20 55
14 25
16 27
9 30
8 30
35 53
17 30
51 53
23 30
1 35
1 44
12 54
31 52
