20 30
20 51
1 33
5 34
8 32
27 35
2 28
30 44
14 35
6 30
9 31
18 41
6 8
35 55
6 33
2 27
23 40
45 49
16 55
51 53
25 46
23 31
12 31
10 27
3 30
9 26
6 54
16 49
8 17
2 55
26 34
44 54
18 49
14 54
8 16
9 52
31 55
10 46
12 27
6 45
14 19
10 16
29 44
33 51
10 54
25 27
31 47
18 30
19 54
12 41
16 44
21 46
32 55
8 54
17 54
35 51
25 49
30 51
10 12
9 12
2 14
10 20
35 53
1 30
2 49
44 53
49 55
19 35
27 49
18 25
14 31
32 54
25 53
30 35
8 41
41 49
8 49
26 44
27 31
10 19
38 49
1 25
2 10
8 31
3 49
30 32
38 44
3 53
17 35
33 54
17 36
38 46
3 10
44 46
35 44
36 55
16 51
8 30
14 45
1 55
18 23
29 41
27 32
17 19
10 44
14 49
32 44
6 26
23 25
35 36
6 20
31 35
36 45
9 10
12 34
20 45
8 29
6 32
14 17
46 55
27 51
16 53
30 54
2 35
16 33
9 30
19 44
10 35
30 55
25 31
8 46
45 55
1 31
8 26
8 10
10 17
25 35
10 31
32 49
31 53
35 54
8 25
19 55
36 54
2 20
28 35
14 27
25 41
31 40
3 35
32 35
9 27
3 44
31 41
8 19
1 10
20 49
25 32
49 54
20 54
32 33
10 55
30 33
11 46
27 54
34 53
23 54
10 51
27 46
46 51
5 54
6 21
14 25
31 49
10 49
16 35
8 33
2 33
2 25
6 51
6 49
17 33
17 53
2 31
2 30
10 33
10 25
16 17
29 52
16 25
7 17
6 31
14 23
6 23
7 25
10 32
3 31
10 14
31 54
30 53
54 55
19 25
6 46
10 23
7 44
30 36
41 46
13 25
35 41
3 16
30 41
2 53
41 55
46 54
45 46
49 51
7 18
9 49
27 34
10 41
30 31
41 47
8 44
17 46
44 51
45 54
8 9
28 30
