10 54
25 32
25 53
30 31
35 54
27 41
6 12
20 41
29 30
10 35
16 46
30 44
17 28
8 55
46 55
2 16
7 44
2 9
17 36
8 10
16 41
10 29
20 54
30 45
26 53
25 33
17 32
30 46
17 54
9 54
33 35
17 31
28 49
18 44
19 55
10 44
23 55
25 46
46 49
31 51
3 53
30 55
44 54
6 14
10 19
30 53
9 25
5 44
14 21
16 53
2 35
38 53
6 32
27 45
17 51
23 38
32 49
16 44
10 17
10 55
30 40
10 32
19 20
8 47
46 54
20 49
25 35
3 41
35 49
8 17
14 23
25 51
30 49
6 27
16 55
27 35
31 49
2 55
8 14
6 44
49 54
8 32
31 34
14 32
23 30
14 25
26 31
8 46
31 54
14 54
10 30
23 53
10 12
12 25
2 46
27 36
1 19
1 54
10 38
25 44
25 30
33 55
2 31
6 18
1 10
14 31
1 46
44 46
10 23
19 45
2 54
41 54
3 17
17 18
34 44
29 53
33 54
6 49
28 30
2 45
49 51
11 31
1 51
32 34
31 53
51 54
10 33
14 36
9 30
25 49
16 25
3 6
2 30
30 35
27 49
10 14
10 49
10 31
49 55
6 16
10 21
25 54
8 19
1 31
30 54
19 26
36 44
8 20
2 25
20 52
45 54
3 8
2 12
8 27
9 44
30 33
17 27
6 25
36 54
41 49
5 29
8 41
6 10
9 46
27 31
8 30
40 41
8 23
51 53
16 51
6 17
10 20
34 35
27 44
12 47
16 49
10 27
9 53
16 45
6 35
10 46
27 51
31 33
2 8
32 44
7 23
27 33
6 41
3 45
25 31
35 55
31 44
32 35
9 35
14 52
32 46
7 55
27 46
3 35
16 35
54 55
30 34
26 35
3 10
26 54
20 25
14 49
19 41
32 51
41 55
18 49
35 51
18 31
12 31
31 41
31 35
7 49
35 36
8 33
35 46
33 49
9 10
13 33
25 55
8 51
2 19
41 45
8 18
