8 54
13 25
32 38
30 31
35 54
41 51
6 27
46 53
30 32
10 27
16 33
20 44
9 14
34 55
23 41
2 3
3 10
2 23
17 51
17 25
8 25
10 36
9 20
6 40
10 12
20 25
17 32
18 30
17 23
52 54
33 35
17 31
28 55
9 36
25 41
10 44
31 45
10 25
34 54
10 31
7 35
23 44
10 54
30 51
19 31
14 30
16 19
33 46
18 49
14 35
2 25
25 38
6 32
17 54
17 33
27 35
32 35
10 16
26 30
10 55
16 26
10 32
35 41
10 47
16 54
12 38
3 35
3 8
35 53
1 8
5 10
25 51
30 49
6 45
25 31
25 35
34 46
31 55
8 10
20 33
54 55
8 49
41 44
2 14
19 30
6 25
31 53
8 46
31 54
6 14
10 30
17 44
30 46
2 12
2 46
18 27
23 31
5 51
10 49
19 21
25 30
9 29
31 46
53 54
11 14
8 31
18 45
44 46
10 40
27 33
2 54
9 27
28 36
46 54
41 53
29 31
6 54
51 55
35 49
6 49
9 49
6 44
1 10
19 55
31 41
32 54
30 44
32 36
9 30
16 30
16 25
17 19
1 30
49 53
27 49
10 17
10 20
2 10
35 55
14 53
21 44
27 54
8 55
23 54
30 54
2 19
44 55
49 55
18 25
10 52
8 45
8 28
2 8
12 33
44 49
30 33
14 18
27 30
33 54
1 34
29 49
8 44
32 49
31 36
27 51
8 30
23 35
14 23
6 41
16 51
7 17
26 46
35 44
6 35
12 30
1 49
2 29
3 27
16 45
2 35
25 46
25 53
6 31
8 35
27 34
7 44
31 44
20 41
3 49
1 20
46 55
3 31
35 45
9 16
32 53
10 19
2 55
10 51
26 53
16 27
49 54
14 27
6 9
47 54
25 26
36 46
14 49
41 55
25 45
41 49
31 32
35 51
14 46
12 31
10 41
31 35
7 49
33 41
8 33
16 46
20 49
8 17
3 54
6 55
32 51
19 44
45 53
8 51
