17 30
27 49
10 47
6 31
10 12
34 55
34 53
46 51
35 51
2 26
8 10
8 38
10 36
12 53
3 18
8 35
17 49
41 46
8 14
26 30
6 14
34 35
17 33
46 49
16 38
9 31
10 19
9 49
19 30
10 14
6 54
5 21
20 55
23 44
25 41
10 44
26 55
20 35
10 30
10 31
14 49
27 46
10 54
1 8
31 35
30 51
17 25
32 36
31 45
11 27
16 46
33 46
54 55
8 41
32 33
10 32
34 46
33 49
12 16
10 49
16 35
10 55
2 33
2 49
7 53
17 51
19 35
17 54
2 27
25 30
17 23
19 53
30 54
8 32
49 53
14 54
1 49
10 16
6 8
41 55
2 23
31 46
28 44
2 8
2 3
3 54
33 41
9 18
10 51
14 17
10 35
13 54
2 54
19 41
41 44
16 49
25 33
25 46
35 49
52 55
10 29
8 19
31 41
8 45
2 53
8 9
30 31
25 44
35 36
12 54
6 32
30 41
31 54
3 31
18 53
30 35
17 53
31 53
31 44
6 10
25 49
2 44
10 46
1 31
6 44
9 19
2 10
18 31
30 55
9 30
20 54
44 51
1 10
20 45
31 49
8 17
14 44
32 41
35 54
16 30
1 25
16 27
6 33
28 35
26 31
10 27
26 36
18 25
2 25
3 25
33 44
7 35
14 31
28 55
30 46
14 30
40 54
17 35
3 10
31 55
35 55
44 53
18 49
23 30
8 47
35 44
17 27
20 30
8 55
31 34
29 44
19 31
6 23
25 45
3 27
23 51
12 21
16 51
36 46
8 27
35 46
6 20
25 54
29 51
32 54
9 23
35 41
6 46
32 38
20 27
16 54
3 8
23 36
1 41
25 27
9 33
29 54
51 54
49 54
8 54
7 14
32 46
25 32
9 41
33 45
45 49
30 49
32 51
20 25
2 14
6 49
5 30
25 55
12 44
6 45
7 25
44 49
16 32
10 52
14 45
16 31
10 53
40 51
27 55
19 25
27 30
6 55
27 35
