30 40
27 49
16 55
6 16
35 53
20 34
2 34
27 55
25 27
26 49
8 10
6 38
1 54
8 16
17 55
8 35
17 40
19 29
18 30
9 14
3 55
34 35
14 17
46 54
10 16
27 31
10 53
20 44
12 25
26 31
31 46
3 29
9 32
23 53
25 41
44 54
26 46
33 35
10 25
10 31
36 44
33 54
10 54
8 19
35 46
45 51
8 25
2 32
10 45
13 30
19 46
46 49
16 19
10 27
16 33
10 23
1 10
32 33
30 55
44 49
20 25
10 55
49 55
1 33
23 46
51 53
35 51
18 23
27 30
25 51
9 45
19 47
35 54
16 32
2 10
14 54
2 31
45 46
6 8
41 54
2 23
9 31
7 30
2 54
6 28
10 46
25 49
2 27
10 51
12 46
8 33
6 33
17 49
18 54
31 54
30 32
17 33
1 41
12 23
19 32
10 36
8 49
29 41
30 45
8 34
8 30
6 30
14 44
33 36
49 54
7 49
17 30
6 31
2 3
16 53
30 31
20 53
31 53
31 44
6 10
3 46
41 44
17 53
8 31
27 44
8 54
2 45
18 31
17 51
9 49
30 35
14 51
10 19
9 10
2 49
7 35
33 41
10 41
27 54
3 35
25 30
5 27
9 30
28 35
25 26
10 33
19 26
17 25
2 25
10 17
44 53
32 35
14 31
28 32
3 47
8 44
25 54
6 49
10 14
21 31
35 55
6 41
9 46
14 25
35 36
35 44
31 51
32 36
2 44
34 38
9 54
38 41
3 54
19 55
23 27
32 46
21 30
27 51
36 55
8 27
41 46
2 14
16 54
12 44
6 54
41 52
29 53
44 51
31 55
1 20
7 44
8 12
8 18
14 35
8 41
35 49
1 55
51 54
18 46
17 54
14 30
25 44
25 32
51 55
12 31
41 49
11 49
8 20
6 20
31 49
23 49
5 30
20 35
3 10
30 53
10 49
16 45
16 17
10 52
25 35
16 31
14 45
6 32
25 55
25 31
30 49
6 55
27 35
