32 35
8 49
16 25
10 27
9 55
2 54
20 25
9 16
26 29
32 33
28 41
14 16
25 35
25 53
2 10
8 45
36 47
26 31
36 46
35 49
6 33
12 18
23 35
5 53
31 51
6 20
30 46
44 54
45 54
14 49
9 32
18 29
3 36
2 30
10 44
2 51
34 55
8 21
44 46
25 30
10 28
16 54
10 35
14 23
3 41
14 25
14 44
31 54
9 23
2 6
10 33
18 31
27 30
6 25
10 19
17 32
14 35
30 35
45 49
20 55
14 55
6 31
1 35
25 54
26 35
33 49
3 51
30 44
3 38
26 30
1 8
35 44
12 30
5 31
2 31
30 31
27 41
2 53
51 55
31 44
16 46
6 51
10 23
8 40
20 33
33 54
35 41
10 14
31 35
17 53
10 12
32 53
2 41
44 55
8 13
32 44
25 41
1 10
18 55
10 30
8 25
6 30
34 46
25 51
30 49
3 31
35 46
14 54
49 54
10 51
17 27
44 49
25 55
26 54
27 54
2 40
19 49
14 41
35 55
6 55
27 55
30 32
12 49
2 44
18 53
20 30
9 51
27 45
2 17
41 54
10 46
6 49
27 33
7 55
38 51
1 16
21 31
33 46
31 32
19 31
30 45
10 32
7 27
16 51
28 53
8 30
8 53
3 6
18 27
17 19
29 35
17 54
8 52
8 23
34 49
16 53
17 30
11 54
16 17
23 25
12 31
25 32
14 33
25 44
54 55
9 49
3 35
16 19
19 45
10 29
8 35
31 45
20 32
6 54
36 54
10 45
27 44
8 27
9 35
30 51
14 20
46 53
10 17
31 55
2 9
32 49
16 30
7 41
12 46
1 31
10 31
6 46
34 44
35 52
8 17
10 34
25 49
49 51
23 46
10 41
9 27
19 36
41 53
10 20
19 25
31 41
6 41
3 8
8 46
8 54
25 38
10 49
8 44
6 10
16 33
17 31
17 49
30 54
1 54
35 54
36 49
2 55
7 10
19 46
33 47
46 49
23 44
25 27
