5 29
2 35
16 25
10 27
8 32
2 41
2 31
16 55
28 45
32 49
41 54
3 14
25 40
25 31
10 26
8 18
21 49
27 46
3 20
26 49
33 52
3 35
20 45
30 55
17 36
6 21
30 46
7 54
45 54
8 49
16 31
9 44
3 49
1 8
10 44
35 36
35 53
8 55
13 35
8 25
27 49
16 46
19 53
30 45
33 49
14 25
31 44
31 54
9 35
6 20
10 54
14 46
27 30
20 54
41 49
14 17
31 33
30 35
6 17
19 55
25 55
6 31
30 32
25 54
26 35
25 33
30 44
19 44
23 55
25 30
29 54
8 44
12 51
8 53
27 53
27 51
17 41
49 55
19 31
31 35
30 49
12 25
23 32
41 46
19 34
29 41
35 41
10 14
25 35
17 20
2 54
30 53
36 44
9 10
6 8
32 54
25 49
28 53
17 55
10 30
16 53
6 25
7 47
10 51
2 30
14 18
46 55
14 54
49 54
10 19
6 27
35 44
10 23
30 41
34 35
23 31
3 55
10 53
6 9
6 55
27 54
32 33
12 55
2 44
45 49
30 34
51 54
6 33
17 49
8 41
10 46
26 51
33 35
46 54
9 52
36 40
20 31
33 46
31 32
41 45
2 7
10 32
6 44
49 51
30 31
8 30
44 55
28 35
10 18
10 17
20 35
16 17
14 31
8 33
16 49
18 27
14 19
11 54
10 41
25 29
12 31
14 47
2 14
25 44
54 55
9 25
26 53
8 16
2 19
10 35
23 27
31 49
35 51
53 54
7 41
18 44
2 16
8 27
9 33
32 51
34 45
32 46
3 44
27 31
2 12
16 23
16 32
31 38
12 16
1 31
10 31
30 36
10 38
1 27
8 10
5 9
1 30
1 49
23 46
14 53
17 45
8 51
25 34
10 20
19 30
31 46
6 41
3 36
35 46
8 54
10 25
10 49
2 51
6 10
44 51
2 32
17 46
44 46
1 33
35 54
8 9
18 55
3 10
30 54
23 51
17 38
6 49
25 27
