12 16
2 44
8 46
10 27
8 30
2 31
6 51
41 45
28 35
6 49
32 41
16 33
16 17
3 14
2 10
8 18
21 49
32 55
2 25
44 54
8 12
35 55
10 45
14 53
20 35
3 25
30 46
7 54
25 53
8 49
30 31
9 27
36 44
23 49
10 26
30 53
8 35
16 55
2 35
12 46
27 53
25 46
5 41
31 51
14 23
14 35
31 34
45 54
31 35
16 46
10 54
14 18
27 49
20 54
41 49
26 30
31 33
9 30
14 34
19 46
16 35
6 19
25 49
25 54
25 35
10 55
30 44
19 44
17 45
31 53
25 36
19 54
1 44
8 31
9 25
6 27
18 31
26 55
29 31
6 35
30 49
9 17
17 32
36 41
20 30
8 13
33 35
10 14
30 35
33 46
2 32
44 53
46 53
9 10
6 33
17 25
49 51
49 53
6 17
10 30
19 32
28 31
10 47
10 18
20 55
30 40
27 46
14 54
49 54
7 10
27 54
32 35
10 23
3 19
31 41
23 31
10 41
25 55
26 31
27 31
27 51
18 33
25 30
2 45
45 49
30 51
23 54
33 54
49 55
3 51
20 46
6 25
23 35
19 38
1 32
36 55
1 36
46 54
31 46
41 54
3 6
31 32
25 44
10 40
30 41
6 8
44 55
1 54
34 55
16 32
44 51
27 30
14 31
52 53
14 49
20 51
14 30
11 54
16 25
8 29
29 49
30 45
12 27
8 16
51 54
9 32
10 44
8 17
2 49
10 35
29 35
1 28
16 51
7 53
6 44
35 44
2 16
8 27
33 49
16 19
14 17
3 54
41 44
12 41
8 44
12 25
20 25
8 32
31 55
1 5
10 31
27 33
10 38
6 55
10 52
17 23
8 26
33 41
7 23
2 21
10 17
8 10
25 34
10 20
19 30
3 45
6 41
30 55
35 46
9 46
10 25
10 49
17 51
33 38
35 49
2 18
2 47
44 46
32 53
35 54
9 49
51 55
3 31
8 9
27 34
17 54
2 6
36 54
