31 46
8 18
8 45
10 27
8 54
2 27
3 51
3 49
16 35
2 41
41 54
17 35
16 17
2 14
1 10
8 25
44 55
7 8
25 32
44 54
26 30
14 35
14 49
12 53
3 35
25 44
30 55
51 53
25 53
8 20
30 31
23 51
28 54
9 25
25 35
31 41
23 31
32 44
2 6
20 35
9 53
25 46
27 41
31 51
14 19
10 35
2 19
16 45
17 31
16 33
10 54
6 18
27 49
6 23
41 49
7 35
12 33
30 54
30 34
10 29
35 44
6 33
25 49
25 45
25 26
10 53
29 54
14 17
35 55
31 53
19 36
32 45
1 55
31 49
9 27
27 44
31 54
23 44
31 32
19 35
30 36
10 17
6 45
10 36
20 53
20 31
28 41
6 20
30 35
10 46
16 49
6 44
40 46
9 14
6 30
17 30
8 51
46 53
6 31
10 30
10 14
12 35
17 41
8 35
18 45
30 53
27 51
1 30
8 30
53 55
27 32
32 46
8 27
19 27
25 41
5 19
3 21
19 55
17 27
25 31
16 23
19 49
25 30
17 32
17 55
2 46
7 46
33 54
49 55
6 49
10 33
2 54
32 35
25 54
30 46
2 44
16 30
49 54
46 51
3 54
6 12
34 55
31 55
2 40
2 9
6 8
7 44
1 14
32 55
10 38
41 44
31 35
14 18
17 18
46 49
16 20
6 53
45 54
1 33
33 41
29 49
20 30
11 51
8 36
38 54
10 13
10 44
8 17
49 51
10 51
2 45
34 47
10 16
2 10
26 46
30 44
26 49
33 52
25 33
35 36
14 31
3 14
8 41
10 12
8 26
16 25
2 18
23 32
30 49
27 54
10 31
5 33
3 29
20 55
10 52
21 49
32 49
46 55
23 54
25 28
6 10
8 10
38 44
10 25
19 30
31 34
16 41
44 47
35 46
9 46
25 34
10 49
14 51
33 35
12 49
8 23
27 31
9 44
32 54
35 54
9 41
51 55
3 31
9 55
1 27
16 54
8 31
36 54
