8 66
18 33
36 75
17 53
8 48
30 68
16 36
29 55
1 37
46 55
17 40
4 48
17 67
12 53
64 76
53 78
36 42
30 61
45 75
12 57
25 69
29 33
44 73
12 30
17 32
18 72
12 62
26 44
17 59
46 74
43 53
7 30
32 33
26 68
40 73
25 26
1 41
55 78
29 48
30 75
12 32
29 36
55 64
48 64
32 76
36 76
32 72
46 77
1 72
35 42
25 32
50 72
64 68
29 68
32 40
30 31
26 74
29 42
8 42
36 77
33 78
66 73
48 69
17 66
4 31
13 26
36 44
40 48
28 37
32 69
12 34
58 78
31 64
32 41
37 65
3 64
26 36
12 31
40 64
1 62
1 48
29 40
10 17
13 48
17 68
46 48
26 69
44 53
32 46
8 34
46 68
2 32
57 75
4 78
4 32
28 33
36 78
23 36
42 46
30 36
33 68
62 74
36 66
12 77
36 68
46 62
8 76
72 78
76 77
8 68
68 75
31 48
55 68
48 78
8 18
12 17
33 62
73 78
40 68
31 78
12 40
32 73
12 76
52 75
17 72
1 26
12 64
29 37
36 48
30 32
46 54
4 12
26 32
48 76
33 36
33 45
17 74
38 73
17 38
32 53
31 53
32 75
33 71
32 64
75 77
52 78
69 76
53 55
17 25
26 33
32 52
31 63
12 78
16 64
12 42
17 35
48 77
8 32
36 47
17 36
40 76
52 57
32 71
64 72
32 36
23 33
17 64
30 78
17 26
29 76
13 59
26 78
25 64
35 66
18 73
8 29
36 69
17 52
8 23
30 72
59 77
59 78
68 74
32 78
30 74
29 65
25 36
4 62
57 68
12 35
8 33
52 68
5 76
48 72
36 50
35 68
36 64
33 75
14 77
36 59
31 59
48 75
38 48
65 75
31 32
72 76
32 54
29 30
44 46
10 53
72 77
46 64
31 66
30 64
44 75
46 57
35 46
12 63
35 59
5 26
26 53
72 75
12 72
8 30
13 17
71 72
22 64
8 78
30 53
26 40
59 64
21 78
54 76
