8 58
23 31
36 75
17 53
33 48
13 55
26 36
55 75
4 28
46 55
17 40
1 48
48 68
12 53
1 76
54 76
7 33
4 61
37 55
12 57
44 76
29 48
44 73
12 36
17 32
25 48
26 29
32 44
59 72
50 52
43 72
13 68
17 30
53 78
73 77
25 77
36 57
32 34
17 23
4 30
32 78
29 36
46 72
32 71
32 66
36 46
72 78
29 34
32 76
1 42
32 62
2 50
29 68
25 41
32 40
35 36
12 30
77 78
42 73
35 42
1 36
68 73
35 63
66 73
31 48
3 53
36 68
26 69
37 75
32 48
32 45
33 78
30 31
12 46
37 65
21 78
75 76
35 46
40 57
44 62
1 10
54 75
17 36
1 66
10 68
8 35
33 75
59 77
32 69
25 30
52 68
13 26
18 64
4 33
18 40
33 72
36 78
12 23
17 77
30 36
26 30
8 32
36 74
36 66
12 68
40 48
48 76
12 72
33 69
8 68
62 64
38 48
35 67
17 26
8 48
12 17
46 59
48 73
29 64
31 78
40 66
16 32
31 64
52 78
17 33
26 62
12 64
29 72
36 40
30 32
8 33
5 33
26 32
12 78
33 36
12 33
8 74
75 78
17 69
32 53
26 31
26 77
14 33
32 64
64 77
32 74
12 76
53 55
17 18
33 55
32 65
53 57
29 75
64 65
42 64
8 17
42 69
8 64
47 53
36 72
40 76
52 77
29 78
64 72
32 36
8 76
17 64
73 78
26 72
25 59
30 68
26 75
45 62
48 78
18 32
29 46
8 71
17 52
31 69
30 48
29 71
59 78
44 68
12 48
30 74
12 29
25 31
46 78
68 78
74 76
36 64
32 68
17 78
4 72
31 36
68 76
36 53
66 75
40 46
8 26
32 59
36 42
36 38
12 75
31 32
37 68
52 64
30 76
46 48
41 53
53 75
46 64
31 74
30 77
46 62
57 72
46 54
12 63
35 48
5 17
16 64
17 75
26 76
8 72
4 13
30 72
17 22
28 68
30 64
26 40
12 59
38 59
44 64
