29 55
29 72
75 77
17 59
12 31
48 69
26 76
4 75
29 78
4 46
40 76
1 32
48 63
17 48
1 53
73 76
7 17
32 62
17 33
12 68
30 44
26 29
32 57
33 66
17 32
45 52
26 68
12 44
48 59
8 75
43 72
46 53
17 30
64 74
26 46
8 25
36 57
17 72
17 23
18 33
28 68
29 48
46 73
12 71
32 66
36 46
72 78
17 41
8 17
42 59
8 78
16 36
29 36
32 40
38 40
36 71
59 61
77 78
29 59
31 33
46 77
47 72
18 63
14 29
48 68
3 32
4 36
26 53
64 66
48 74
64 77
33 64
12 55
12 46
36 65
25 35
32 75
8 35
12 40
30 62
26 73
57 75
31 65
17 26
32 73
54 72
68 75
31 42
62 78
46 76
65 68
26 48
68 78
26 42
4 76
33 72
8 32
23 76
1 74
30 76
4 30
32 46
74 75
48 66
12 36
48 73
10 72
12 72
30 33
35 52
13 64
26 62
35 59
17 35
8 48
12 17
25 36
13 72
35 64
37 77
1 66
29 64
21 75
32 78
17 54
26 36
12 64
37 72
36 40
30 53
8 33
12 77
26 32
52 68
36 76
12 69
36 55
12 38
29 40
32 53
36 69
8 26
18 55
32 64
40 64
32 74
42 76
53 66
8 64
42 68
12 32
33 62
25 32
18 23
64 68
13 17
53 69
8 30
2 12
48 72
33 76
32 52
31 78
8 62
32 36
33 34
8 36
17 78
37 64
57 78
30 57
26 75
36 48
48 78
50 53
46 68
13 68
4 71
32 77
30 48
31 52
55 68
1 44
12 48
30 74
33 73
33 78
76 78
32 68
29 76
25 68
32 33
69 78
31 34
58 78
68 73
36 67
36 52
75 78
36 64
17 36
22 46
36 38
5 53
10 31
31 44
12 45
30 31
36 50
41 44
53 75
46 64
31 75
30 77
40 42
64 69
32 54
29 37
35 48
17 46
16 64
25 75
17 77
32 76
53 59
30 78
1 64
28 55
30 72
26 40
59 72
5 40
44 78
