40 55
8 66
47 75
36 64
12 31
28 32
10 76
4 75
26 33
4 63
40 76
26 36
48 71
30 46
41 72
48 76
7 48
32 62
48 68
12 26
26 37
53 78
36 57
59 66
17 34
48 53
26 68
8 68
54 73
55 68
30 75
46 53
17 30
64 74
36 46
25 44
35 57
17 72
1 48
32 72
46 68
1 12
46 76
12 71
30 32
59 78
43 64
48 66
8 12
33 64
41 78
16 36
76 77
32 36
8 77
29 62
17 61
36 78
48 59
12 30
13 17
52 72
5 36
33 73
31 65
3 25
4 36
26 31
66 78
29 48
55 74
42 48
55 76
8 37
36 55
35 36
12 75
12 57
12 72
62 78
13 26
33 53
18 65
17 26
59 73
48 54
17 42
42 72
36 73
28 64
53 59
26 75
29 32
32 64
25 53
33 48
53 58
23 45
33 40
38 73
4 30
25 46
62 74
40 72
12 36
29 40
75 78
32 53
26 30
35 46
29 64
32 78
35 75
30 35
1 78
12 17
10 30
46 75
33 35
38 66
73 75
29 72
21 57
17 32
26 69
8 17
29 78
46 72
17 40
30 64
33 68
64 77
32 68
52 68
29 31
12 68
64 68
12 40
48 75
4 32
36 77
44 76
18 42
32 69
64 73
46 74
12 69
36 53
40 75
16 72
32 48
33 62
17 78
18 40
69 77
29 69
55 77
32 46
2 50
5 44
33 59
32 52
68 76
13 52
32 77
17 53
12 32
26 46
68 78
26 78
30 76
17 57
17 75
12 78
64 72
35 78
36 44
42 59
22 53
30 48
31 52
8 32
37 76
36 68
45 68
8 48
30 33
38 76
1 32
12 29
32 50
32 33
25 78
8 31
31 68
32 74
36 67
13 54
14 75
8 78
17 68
48 77
12 33
17 63
46 66
18 36
31 74
36 72
29 36
30 44
23 64
8 64
34 64
31 77
40 42
64 69
36 62
29 37
8 33
1 52
4 64
17 25
26 76
32 76
31 32
71 78
1 64
17 31
30 72
23 26
59 72
8 36
44 65
