25 78
8 66
36 77
36 37
26 28
32 59
36 75
4 29
62 72
12 72
14 76
26 36
71 72
30 78
64 66
61 75
7 36
32 62
26 48
5 26
26 31
53 78
36 57
17 75
17 31
12 47
8 37
1 68
68 73
31 66
30 75
17 76
30 36
31 33
36 64
25 31
35 40
17 63
48 72
12 32
46 68
37 75
46 62
12 35
1 42
73 78
43 64
48 66
1 17
8 40
23 72
42 64
77 78
29 32
53 77
12 46
48 76
36 78
41 78
30 74
13 17
23 75
17 30
72 77
36 65
3 32
4 36
31 68
26 78
29 48
42 75
30 64
53 55
8 46
42 76
29 36
33 52
53 62
12 59
62 78
26 40
33 53
29 74
17 26
48 64
35 48
40 42
48 68
12 53
63 64
53 68
26 75
32 77
35 55
25 72
31 48
38 68
64 65
13 48
12 16
4 64
46 55
18 76
48 57
12 52
40 68
73 75
36 68
30 68
32 64
29 78
32 76
35 75
30 71
23 36
12 18
10 59
5 33
8 57
32 38
32 73
72 75
21 57
17 32
29 59
8 17
29 33
46 72
17 64
30 40
33 57
64 77
26 32
32 52
33 71
12 68
32 68
17 29
48 75
4 32
12 36
4 48
25 74
32 69
22 64
26 59
8 12
40 53
44 53
16 64
32 48
46 53
17 78
18 64
69 76
35 44
32 78
32 46
8 36
44 69
55 59
17 52
68 76
33 46
2 32
40 55
25 40
26 53
12 78
26 30
30 59
17 58
28 78
33 68
41 48
1 32
36 44
42 73
72 73
30 54
31 59
8 32
33 76
68 77
29 45
38 48
13 30
50 76
1 26
12 29
33 50
4 68
31 76
8 31
48 54
65 74
12 34
13 54
36 69
8 78
33 75
12 44
33 72
17 45
17 66
18 77
69 78
36 72
17 36
30 46
34 46
73 76
52 72
17 77
36 40
8 69
55 62
36 52
8 44
1 35
46 64
64 74
26 29
33 36
31 32
66 78
64 78
37 46
12 30
32 67
72 74
25 76
10 32
