12 76
31 33
8 69
8 36
36 78
32 37
53 63
26 48
4 48
26 66
34 72
44 64
29 76
12 62
76 77
40 74
17 29
42 78
13 72
40 59
3 46
36 55
68 76
44 68
64 66
17 36
62 69
46 53
63 64
32 71
74 76
69 72
48 52
42 52
32 76
43 48
36 64
30 71
17 46
73 78
4 46
26 37
17 40
17 31
26 57
44 75
64 69
8 12
25 36
25 75
65 68
28 31
57 72
28 65
12 53
33 78
8 66
8 68
55 72
13 36
29 54
48 75
4 53
36 54
30 78
48 76
10 32
17 35
32 44
33 68
25 31
2 12
26 78
35 75
26 35
46 78
21 68
36 53
8 16
38 73
26 68
36 42
12 72
40 77
17 76
35 77
72 74
40 78
42 64
32 64
17 77
26 58
4 8
18 77
33 62
5 78
33 45
12 32
47 72
8 64
30 36
42 53
17 25
36 48
12 52
10 40
55 75
12 30
30 64
54 64
29 74
8 32
17 78
29 44
37 46
59 74
32 72
31 77
26 59
18 68
40 75
30 53
23 32
36 69
18 48
30 75
52 78
26 40
12 37
14 72
13 59
72 78
33 48
12 29
17 32
53 68
40 68
29 32
8 76
17 33
36 76
4 57
38 46
32 53
59 64
59 76
16 75
64 73
31 46
17 65
30 44
30 68
31 55
41 72
17 48
1 48
32 34
29 36
5 17
73 75
40 48
36 41
12 77
48 78
12 17
32 45
33 75
29 68
31 50
32 75
7 26
12 25
64 68
61 66
26 29
25 64
69 75
33 64
31 48
12 36
22 46
13 32
53 59
1 33
66 78
17 23
36 68
30 76
8 29
17 71
17 73
32 50
52 59
36 73
32 57
32 48
1 29
31 68
26 64
30 67
1 62
26 33
33 72
33 73
46 75
23 46
12 78
12 46
32 78
12 31
1 36
30 57
36 62
32 68
30 77
26 42
30 52
72 76
8 77
35 62
1 30
66 74
35 36
4 78
32 36
35 38
64 78
48 55
46 64
33 53
18 32
8 48
32 55
