12 59
32 41
30 55
1 33
36 40
12 72
35 78
40 78
33 62
58 72
36 65
32 71
13 64
62 75
26 31
17 74
30 69
31 77
8 77
1 65
30 52
29 40
32 38
48 53
64 66
35 72
34 36
53 77
31 64
12 25
35 77
29 64
33 68
52 75
66 74
46 48
17 43
3 36
26 35
8 37
42 55
18 37
30 40
8 52
29 78
32 72
55 71
17 30
35 36
25 36
68 75
28 31
53 72
32 62
64 76
25 50
32 55
33 59
8 30
13 68
36 44
4 32
4 53
36 54
30 78
52 68
32 59
47 78
13 48
42 78
68 69
5 64
26 53
12 75
29 35
7 77
45 68
36 57
64 78
10 44
4 68
16 36
17 38
17 72
1 26
8 48
26 30
40 46
64 72
32 64
12 17
12 57
46 78
25 48
44 73
23 59
31 32
18 32
26 33
52 64
12 18
42 53
23 68
40 48
26 76
48 73
17 64
55 69
30 31
17 23
34 66
8 26
46 75
12 78
26 46
26 45
37 76
30 68
14 72
18 35
59 75
12 66
32 46
29 75
48 76
28 72
36 52
17 53
37 68
33 64
26 69
40 68
12 21
17 78
17 32
12 53
8 46
32 42
31 78
46 68
75 76
17 75
62 78
32 53
48 62
62 76
32 33
64 73
12 46
30 36
4 63
40 72
46 53
53 78
26 48
44 48
29 32
36 76
66 78
72 75
29 30
54 77
25 63
12 74
25 76
30 32
33 57
17 29
75 78
36 75
8 66
1 72
29 68
31 46
26 42
59 71
57 64
1 17
33 36
33 48
30 48
32 76
17 59
17 40
33 72
17 46
31 36
8 12
30 33
17 36
8 73
31 74
12 33
36 77
38 57
48 72
12 42
61 68
8 36
32 54
1 78
5 32
32 69
73 76
32 73
46 77
31 48
40 64
16 32
26 29
29 65
44 78
26 44
64 67
10 69
17 55
12 64
33 76
8 68
2 73
59 76
76 77
36 41
48 68
32 36
13 74
4 36
36 64
12 48
29 74
8 78
4 50
22 75
