36 59
36 68
55 64
17 18
36 40
26 52
43 78
1 40
33 62
4 72
4 12
30 46
40 68
8 62
26 65
28 35
17 44
30 57
40 75
30 68
31 33
40 42
29 64
29 42
35 78
35 76
25 36
26 35
50 58
29 45
29 78
3 36
54 68
25 75
30 66
44 46
2 17
32 62
35 64
32 37
63 69
48 77
53 76
52 75
30 65
32 72
40 71
17 31
12 30
25 52
38 52
31 42
26 72
5 36
64 76
17 26
77 78
33 69
4 68
41 68
76 78
32 71
4 59
36 54
30 35
68 74
32 59
32 47
68 72
48 78
53 62
34 64
46 53
18 33
13 78
12 63
44 68
36 57
8 26
57 78
50 62
8 69
69 78
37 72
25 33
36 48
26 30
72 76
12 32
32 53
4 53
36 61
46 78
33 48
26 64
36 78
31 32
18 32
1 25
64 68
12 75
53 66
23 46
8 40
36 74
48 73
17 64
17 71
8 25
23 77
33 34
41 75
33 36
12 29
26 46
45 78
12 26
68 78
40 48
35 68
22 75
12 38
32 48
36 55
37 48
53 69
10 52
32 42
17 76
37 64
30 36
31 59
21 68
17 78
17 32
7 12
8 66
28 32
33 57
46 68
75 76
52 77
31 67
32 74
17 48
31 62
29 32
48 64
12 46
17 30
16 75
53 64
33 74
8 31
26 78
1 48
1 46
36 76
26 33
33 55
29 76
12 77
59 76
12 40
31 76
48 53
17 75
42 64
75 78
8 36
12 42
44 72
17 68
26 48
1 30
8 55
44 48
31 46
36 46
65 66
30 75
30 32
17 72
40 74
53 72
17 46
36 72
8 32
23 64
29 48
30 73
66 75
12 73
26 36
10 75
48 72
55 72
12 68
8 72
32 54
1 78
32 78
32 73
32 76
13 32
32 77
31 69
8 64
12 14
18 26
29 46
5 44
12 17
29 57
12 53
13 73
33 64
13 55
59 64
48 59
8 76
36 77
17 36
16 59
64 77
33 73
4 36
32 64
17 77
29 74
38 66
29 73
30 72
