36 58
42 68
36 64
17 18
33 40
12 52
66 71
36 74
26 31
4 75
12 25
30 53
22 48
33 54
32 33
53 55
17 42
57 74
12 57
30 40
30 42
30 78
55 64
29 68
17 78
31 76
36 65
32 35
12 37
8 52
33 57
17 68
1 48
17 75
29 30
13 72
36 46
32 66
30 55
18 66
7 65
48 75
25 77
3 10
33 75
37 72
32 73
8 75
12 46
34 52
1 33
1 36
32 46
5 59
12 28
26 35
26 76
17 53
40 68
36 63
26 64
32 75
12 59
29 54
23 30
68 75
32 59
4 32
53 68
44 64
76 77
57 69
71 75
18 78
32 54
33 78
68 72
13 63
26 68
8 78
50 62
46 74
17 69
10 25
32 44
36 72
26 30
72 76
12 32
32 53
13 64
36 61
8 46
48 76
17 64
34 78
31 32
18 72
8 25
55 68
1 12
53 66
23 78
57 68
48 74
8 32
77 78
8 17
25 46
29 72
31 77
25 68
37 78
8 12
26 33
45 78
30 36
68 78
40 48
35 78
26 75
12 36
32 48
36 53
31 64
31 55
28 77
26 32
17 76
32 76
4 30
17 59
21 68
42 78
17 32
69 73
16 76
46 66
40 65
4 62
72 78
8 76
71 72
32 69
17 48
12 62
29 32
48 64
12 26
17 30
53 73
2 64
30 33
31 48
12 33
29 48
1 35
36 76
33 52
29 38
29 59
17 44
59 78
12 78
31 52
46 48
31 75
42 64
36 75
33 41
42 76
44 69
68 76
62 69
30 75
32 36
44 48
35 67
46 78
26 66
40 53
8 48
64 72
40 74
31 72
17 46
35 41
8 36
23 64
26 29
72 73
46 75
40 73
26 36
17 35
48 72
8 47
36 68
36 45
32 62
44 76
4 78
17 73
32 77
36 48
29 77
46 72
8 64
12 40
29 64
29 31
5 77
1 26
36 43
12 53
14 64
33 64
13 55
53 64
48 59
12 68
30 38
46 52
16 17
26 77
62 73
4 40
32 64
36 50
33 74
36 38
37 59
30 32
