33 72
53 76
31 73
57 76
8 29
57 64
64 78
36 48
33 55
8 17
8 76
36 66
33 62
38 77
4 5
32 35
31 46
26 66
26 28
52 73
48 72
33 78
29 46
12 66
74 78
12 76
32 46
17 25
68 72
1 36
29 32
8 18
8 68
44 68
32 66
13 73
17 36
10 52
46 65
17 38
59 76
33 76
40 76
26 44
12 72
26 54
8 75
48 78
55 64
26 30
32 36
28 68
30 33
36 68
53 68
68 73
62 65
73 77
17 44
1 30
29 33
17 29
72 78
30 68
72 73
32 64
17 76
33 36
18 68
42 75
12 40
58 64
36 40
7 78
32 53
12 26
12 69
13 32
12 68
10 17
8 55
12 17
53 59
30 36
12 32
25 76
31 50
17 64
12 42
32 78
48 66
1 33
62 74
48 57
40 64
3 32
25 32
66 68
68 75
44 76
1 78
18 54
54 78
32 62
40 57
52 68
32 72
34 42
32 59
42 78
17 65
12 77
12 59
1 75
12 48
26 77
55 78
31 68
8 64
17 48
2 75
55 63
32 77
32 75
31 64
13 48
44 69
4 32
30 64
25 69
36 53
40 77
4 53
25 78
30 32
29 50
33 46
31 57
40 71
32 37
26 32
8 71
5 26
30 46
35 75
17 26
17 61
4 40
4 78
12 74
23 72
32 76
64 76
17 46
48 73
46 59
41 62
16 40
17 72
46 75
26 29
72 77
46 64
36 38
26 64
12 64
31 72
13 30
35 69
32 47
48 63
18 53
35 76
31 75
43 74
62 75
4 48
22 77
36 37
35 64
31 33
48 53
32 48
29 37
30 78
48 64
30 52
31 48
26 68
36 64
29 78
12 33
41 53
26 36
30 53
33 67
69 72
37 48
36 78
26 48
23 78
8 78
12 36
29 68
14 17
30 55
16 23
8 36
36 59
29 72
36 74
69 74
35 36
30 71
8 45
21 59
33 64
36 42
17 53
12 44
17 32
25 77
1 31
29 30
34 46
52 75
59 75
42 52
40 46
36 45
72 75
36 46
8 35
