40 74
53 69
4 30
12 33
72 75
30 68
32 46
33 62
22 32
43 76
4 42
26 30
12 75
72 74
13 32
2 72
63 72
48 57
55 64
68 74
32 77
13 48
32 57
13 40
18 74
5 64
26 75
48 58
12 44
17 32
71 78
31 52
46 76
30 31
32 55
8 44
17 36
10 40
36 77
12 59
31 64
3 76
5 52
42 52
26 68
29 36
8 75
17 18
1 26
64 68
31 73
46 64
4 12
61 76
63 77
26 48
40 64
12 78
55 72
1 12
18 26
17 40
17 72
25 64
29 42
36 72
17 76
30 33
1 46
29 31
44 45
8 54
8 48
1 68
23 54
26 32
33 37
12 29
1 29
36 69
17 48
12 69
32 45
28 75
12 32
73 78
16 41
10 26
36 42
50 77
32 75
33 66
4 72
25 41
8 32
55 78
26 37
36 46
37 68
21 76
33 78
30 48
36 57
35 68
36 78
17 68
4 32
33 36
68 75
17 59
75 76
12 68
35 54
12 53
48 62
29 40
30 44
30 78
8 64
17 78
17 71
8 78
32 64
25 68
65 78
17 35
32 38
32 71
8 23
36 59
48 72
31 33
64 75
64 78
33 48
30 64
53 73
33 35
31 36
33 72
69 76
32 53
31 37
32 36
31 47
26 55
1 17
17 62
26 46
57 59
12 25
29 32
65 68
17 75
28 40
29 30
62 68
36 76
17 33
13 29
29 44
42 75
25 53
12 36
7 46
33 74
30 40
53 78
40 69
35 64
8 46
46 78
50 76
36 73
12 66
33 68
26 64
53 72
48 68
18 23
30 59
8 30
48 76
52 78
26 36
44 66
48 52
66 75
32 48
36 64
35 76
26 78
36 53
36 66
42 48
59 69
46 53
77 78
64 77
34 72
12 17
12 48
36 65
32 52
31 35
72 73
8 59
8 36
12 77
75 77
29 74
17 30
25 32
46 55
32 73
72 78
34 78
8 29
17 53
26 73
48 64
30 62
38 67
32 62
38 64
36 68
57 77
31 32
40 46
46 59
14 76
16 66
4 53
