35 68
46 53
32 36
29 55
52 68
26 65
8 33
36 64
16 33
53 68
29 32
48 68
8 66
23 31
23 68
12 31
1 48
32 52
38 72
48 78
17 29
17 35
46 48
26 53
71 72
48 72
26 32
64 76
26 46
23 40
12 76
36 76
30 55
30 44
48 66
53 72
10 26
25 48
54 65
25 78
31 78
68 78
13 32
29 69
75 78
17 33
43 64
32 64
4 29
62 72
17 75
44 74
69 73
33 68
17 36
36 53
31 64
52 75
32 59
26 29
30 36
1 26
35 72
41 64
18 32
32 44
31 75
12 38
13 61
42 48
31 36
1 72
32 48
33 62
12 30
4 8
4 46
68 69
33 34
26 52
30 68
12 26
4 77
8 25
30 69
22 36
40 48
17 59
31 68
40 53
31 63
1 13
32 78
29 71
8 58
12 77
17 46
29 36
12 75
74 78
16 75
55 78
12 53
76 78
68 76
28 59
32 40
12 59
14 59
37 77
36 48
33 52
5 32
12 73
73 74
30 62
35 36
72 77
48 55
17 32
66 68
46 78
33 77
32 68
64 72
44 64
12 72
50 59
32 75
46 72
17 53
59 78
8 64
32 53
25 64
36 62
29 30
48 71
12 17
69 76
17 30
32 76
52 64
46 76
17 78
36 57
54 68
36 38
44 45
8 55
18 78
37 78
30 32
28 40
5 29
4 78
8 29
31 32
17 40
3 47
68 75
29 63
17 69
17 25
32 77
12 50
12 57
36 44
35 64
48 76
36 42
34 57
21 73
40 68
26 73
12 36
1 46
8 12
26 42
33 72
2 30
30 78
26 36
35 75
31 54
31 48
42 64
64 77
7 36
25 32
13 37
4 26
36 78
17 72
53 75
8 57
33 40
40 76
64 65
33 75
12 74
32 74
8 17
33 36
62 76
42 77
41 73
26 30
46 67
33 66
32 42
18 35
64 66
33 48
46 64
1 30
36 72
8 75
40 62
26 78
75 76
18 53
46 77
17 66
8 36
12 46
48 59
45 55
10 73
32 57
17 76
30 64
37 74
