25 50
63 72
17 26
17 62
52 66
35 48
10 62
2 31
26 72
73 75
59 75
17 23
40 78
30 34
23 78
25 53
8 59
40 77
37 66
45 64
28 36
30 42
12 71
40 53
64 72
29 76
46 57
36 53
17 30
48 66
26 48
62 76
8 30
32 74
45 77
76 78
32 34
30 40
12 55
68 69
42 77
48 69
17 32
12 17
32 62
30 75
36 44
35 59
32 59
37 72
33 48
64 68
68 72
46 71
32 73
32 64
32 33
4 64
33 77
31 33
14 26
36 40
68 75
32 68
12 66
12 64
35 68
43 55
31 32
12 33
46 78
8 68
36 64
1 77
29 54
16 33
30 31
35 36
46 75
26 46
26 33
30 76
35 78
4 53
48 68
8 31
26 62
13 73
12 74
17 73
1 32
31 68
64 66
8 33
29 48
46 69
17 71
17 65
13 59
17 64
30 33
8 35
48 53
26 68
33 63
30 55
17 76
17 42
32 40
8 64
46 77
36 72
40 64
32 53
52 64
12 30
46 64
53 68
3 78
32 57
72 78
31 48
17 36
31 46
18 76
16 36
29 46
73 78
72 75
33 40
4 33
1 46
29 69
40 44
13 38
42 75
7 53
53 74
36 73
31 76
26 77
1 36
18 30
32 75
12 48
26 53
36 48
8 52
22 78
17 21
18 65
35 76
32 65
12 68
59 72
10 48
29 52
25 73
50 78
47 75
31 75
4 8
41 68
32 44
17 68
5 76
17 72
1 64
52 72
8 36
36 74
36 78
12 32
12 78
8 57
17 29
64 76
23 26
17 52
36 67
12 31
12 25
4 36
26 54
33 76
75 78
13 37
44 78
25 76
36 76
48 72
46 68
41 72
8 32
48 77
30 36
26 69
29 57
36 54
30 46
32 36
29 55
32 72
44 68
18 32
55 77
40 55
33 66
12 44
42 62
42 58
12 53
36 38
1 12
25 32
4 59
26 75
64 74
12 61
8 28
37 78
29 64
48 64
48 59
32 78
29 78
26 78
36 57
69 75
5 48
30 32
17 38
29 74
