25 33
52 58
26 33
8 17
48 52
48 74
10 30
2 48
1 74
53 75
33 42
17 36
40 78
13 32
23 53
26 53
59 75
64 71
29 48
4 64
32 41
4 30
42 68
35 40
29 72
57 77
5 36
36 53
17 30
18 36
26 64
8 25
8 23
25 32
45 69
65 68
46 72
30 40
12 55
69 72
32 77
36 69
17 68
12 18
32 62
73 75
32 36
18 64
30 59
32 37
33 78
30 64
26 72
16 48
71 78
64 68
32 33
52 74
72 73
29 30
26 40
36 40
75 78
32 68
12 66
40 76
12 46
55 65
32 59
59 64
46 53
8 68
36 64
29 69
33 36
35 36
31 73
12 26
46 75
38 46
23 33
32 76
30 78
26 46
34 68
8 31
26 62
12 73
12 74
17 77
13 36
26 68
66 71
12 33
31 63
32 69
21 77
17 66
13 74
17 64
3 30
35 76
12 72
37 68
17 63
32 55
17 76
42 46
32 40
8 26
12 77
36 72
36 48
68 72
33 57
62 66
46 48
32 78
66 68
29 64
17 78
12 64
17 33
13 46
30 76
36 50
29 53
31 35
72 75
29 33
4 32
45 59
33 37
40 46
14 77
64 75
16 76
17 62
57 73
12 59
26 42
1 17
36 47
32 75
31 48
31 53
36 75
32 66
22 78
48 53
40 61
35 72
32 46
12 68
59 72
10 48
57 78
25 30
1 52
17 75
31 75
8 76
36 68
32 44
4 8
31 76
12 48
1 64
44 72
8 36
76 78
29 78
12 32
12 78
17 57
29 35
64 76
5 35
29 73
34 67
31 64
36 42
33 52
53 78
50 76
30 48
73 78
44 78
25 38
36 76
72 76
43 68
48 72
8 32
48 77
30 36
26 69
52 55
17 54
46 78
28 32
4 29
54 77
44 68
18 32
36 55
55 64
33 68
44 46
42 53
17 31
1 53
36 54
1 30
25 64
17 59
26 75
29 44
48 75
8 28
7 78
8 12
26 48
31 65
8 78
62 64
4 26
12 62
40 77
41 48
30 32
17 38
37 74
