25 64
8 52
26 35
26 42
38 48
32 48
10 17
2 48
4 36
40 75
42 78
17 36
33 77
13 32
40 57
26 44
38 78
30 37
29 48
29 71
57 73
8 31
36 78
12 59
32 72
12 78
42 48
36 58
37 64
18 36
4 32
25 26
33 36
25 75
69 74
64 65
33 52
21 34
53 55
69 72
29 36
5 36
44 78
32 69
8 67
17 75
48 76
23 68
30 69
30 32
68 78
64 76
26 75
16 48
71 78
72 77
33 44
40 72
73 75
59 74
31 72
36 40
36 62
68 71
26 29
7 55
12 46
33 55
13 64
31 66
8 17
1 68
17 76
12 26
35 63
35 36
31 59
26 66
12 76
8 38
55 64
42 76
26 46
46 59
26 34
64 73
52 62
31 46
62 78
66 77
32 36
12 68
53 64
33 78
17 53
31 42
17 29
17 72
3 62
17 32
12 17
18 48
12 72
17 68
17 30
32 78
18 73
42 46
72 74
8 30
12 77
26 62
12 66
32 59
45 57
52 69
48 65
31 52
40 62
29 76
4 73
12 64
33 53
1 46
74 78
75 78
29 68
32 74
36 57
29 33
12 32
37 54
8 33
46 75
14 32
72 78
16 29
1 33
32 40
12 40
26 48
36 55
17 31
32 75
4 47
64 66
36 75
32 66
22 53
48 53
46 63
10 35
32 46
25 68
64 72
48 50
18 78
30 48
52 72
4 64
68 72
59 77
36 68
35 75
40 68
30 76
12 31
53 68
26 78
8 68
13 76
23 77
48 68
12 50
17 25
35 46
44 76
5 35
29 73
30 68
43 74
30 64
33 41
64 78
26 64
29 46
1 17
30 44
17 77
36 76
45 76
1 64
48 72
8 32
30 55
30 36
26 32
25 29
17 40
8 77
28 32
36 48
17 54
4 75
32 76
32 57
30 53
44 59
17 46
12 54
33 46
8 53
33 72
33 68
23 64
65 73
75 76
1 32
12 75
8 28
36 69
12 36
30 78
31 36
8 36
31 32
13 41
53 78
32 53
64 77
30 40
59 61
37 48
