12 75
8 30
32 48
18 78
64 65
30 52
29 64
25 78
30 46
53 78
33 46
4 40
50 55
26 66
32 77
30 77
1 78
4 69
4 26
1 12
17 31
35 72
48 75
36 75
17 40
32 64
17 55
5 17
31 35
23 78
8 68
26 72
36 47
32 40
36 78
17 36
18 77
31 36
46 53
52 76
8 40
73 76
63 72
32 44
48 59
30 64
17 33
31 71
10 53
36 64
44 68
12 57
41 59
8 64
12 76
65 73
64 76
53 59
36 59
30 66
12 65
35 64
29 32
14 29
32 53
64 78
12 35
46 57
53 75
36 77
17 64
8 69
32 33
8 31
28 36
46 76
32 67
17 74
26 73
12 73
8 26
17 34
10 68
17 68
25 46
64 74
61 69
68 75
43 59
32 76
8 59
21 33
12 52
31 53
64 69
5 66
1 17
75 76
26 48
40 52
8 33
72 75
68 72
29 42
4 12
12 71
75 78
48 78
25 36
59 68
31 73
36 55
32 74
12 26
31 32
55 76
36 52
13 64
57 71
32 72
59 75
48 64
36 76
30 42
29 69
25 53
40 78
31 78
26 68
32 46
8 34
7 76
26 54
62 78
1 54
12 78
29 38
46 48
12 36
30 40
36 46
42 53
42 72
16 26
8 29
50 68
30 73
36 73
40 75
58 68
16 72
12 48
26 35
36 48
25 32
30 62
8 78
35 74
32 69
33 74
38 62
13 68
30 36
31 33
8 48
3 48
26 33
30 32
33 36
48 72
33 42
17 46
29 44
46 55
44 46
2 37
32 68
1 30
44 72
1 48
66 77
36 53
48 52
18 75
13 36
41 68
62 77
26 77
17 32
37 78
31 74
32 35
17 75
12 40
32 57
29 66
26 32
37 68
32 45
28 64
64 75
18 76
45 72
4 29
4 48
12 53
33 76
33 48
12 32
17 72
33 40
42 63
64 72
23 32
13 54
29 36
37 57
22 30
17 62
26 78
29 68
30 48
46 78
36 62
68 77
12 25
17 78
17 44
17 66
33 72
38 55
64 77
23 76
