12 75
69 76
32 37
26 53
55 78
32 74
26 64
10 64
30 72
25 68
33 68
33 72
13 76
36 55
12 78
30 66
31 74
12 68
13 64
68 71
46 59
29 64
64 75
32 34
48 72
52 78
64 68
17 25
31 62
31 36
46 69
26 34
30 54
40 48
75 78
46 62
25 69
36 75
3 32
37 77
46 64
17 18
23 44
4 26
48 68
17 78
17 33
17 74
29 32
5 18
31 68
29 77
42 72
33 52
32 48
59 77
17 54
4 30
18 53
1 40
36 66
10 75
26 30
29 53
46 78
33 78
26 75
43 46
35 75
36 48
7 74
17 35
2 33
8 17
14 29
41 68
53 67
68 73
26 73
26 63
26 32
1 29
30 33
17 68
1 53
62 72
35 78
5 40
8 36
44 76
62 71
42 75
12 30
4 12
29 36
45 71
36 57
8 75
12 32
50 52
40 75
1 63
22 69
17 32
12 72
17 48
30 75
33 53
12 36
52 72
8 40
12 52
25 35
4 32
52 55
32 78
65 66
41 46
64 78
32 72
13 32
26 29
32 40
48 77
17 42
40 76
59 65
55 69
25 78
36 78
32 68
73 76
25 32
36 62
35 64
36 38
12 29
48 66
59 76
31 65
26 40
17 72
75 77
8 33
31 53
16 17
21 32
32 36
12 46
8 12
36 72
48 57
26 48
32 57
18 42
1 32
30 46
16 36
26 46
29 74
48 73
33 77
36 53
31 78
44 48
35 58
42 68
4 8
36 46
48 64
33 64
17 64
33 75
44 55
8 48
12 53
32 47
32 50
44 64
40 46
69 72
26 31
12 31
66 73
36 73
8 30
54 68
36 77
35 61
1 17
48 78
12 77
17 38
12 48
64 73
30 59
32 53
32 42
4 28
62 64
17 76
36 76
23 45
13 30
32 77
33 36
33 76
36 68
57 59
44 72
8 66
8 26
64 72
23 76
8 76
29 59
37 78
68 74
8 53
68 78
38 64
30 64
31 48
29 76
30 37
12 76
28 78
12 40
17 57
30 78
55 72
36 59
31 46
