12 77
57 75
32 40
23 26
48 78
68 72
26 64
12 47
30 78
64 68
37 76
8 76
3 32
30 33
10 12
25 78
12 72
12 74
29 48
48 71
45 59
53 72
69 72
71 72
21 78
18 32
42 68
40 48
2 32
17 76
1 33
1 32
30 76
16 64
75 78
12 31
18 55
36 43
36 55
29 36
29 46
1 17
31 77
26 62
30 48
8 78
17 33
23 78
8 17
38 59
31 40
8 29
13 25
36 76
35 48
42 57
48 69
34 64
46 75
62 69
17 36
12 50
36 74
32 34
77 78
76 78
1 4
53 73
33 35
8 36
4 17
68 76
36 58
17 40
44 78
16 73
22 75
30 57
33 73
66 68
65 76
59 68
26 28
67 68
26 76
66 73
32 78
31 72
63 74
4 78
17 53
32 75
17 74
48 75
4 68
17 45
35 74
41 48
12 29
17 29
31 35
4 36
31 48
17 32
31 33
18 48
29 54
48 53
30 36
48 72
8 12
40 69
17 71
29 32
33 68
8 42
12 26
7 54
35 36
14 46
32 64
31 36
53 75
74 77
12 64
72 77
32 76
26 69
29 44
36 53
32 68
73 76
32 33
12 46
48 64
12 78
64 78
32 48
36 59
1 12
30 40
48 65
30 59
8 32
5 57
53 68
46 78
32 36
46 77
66 77
44 53
54 55
36 37
32 59
32 62
55 73
33 40
36 44
44 62
63 78
30 66
25 36
29 50
32 55
72 75
17 42
68 75
28 64
36 46
12 36
33 66
8 64
46 66
17 38
46 76
12 53
61 68
8 25
40 64
8 65
26 29
26 32
12 32
42 52
18 59
4 37
26 46
48 55
26 77
12 59
46 52
13 29
42 46
8 46
25 64
40 75
26 40
17 52
10 30
41 64
17 62
36 57
33 75
31 64
38 77
5 30
33 36
53 78
35 72
26 72
25 30
13 52
37 69
8 72
75 76
32 72
52 64
26 68
30 31
68 73
30 64
64 75
17 35
33 53
62 72
31 32
1 30
13 33
32 52
26 78
17 23
36 64
44 68
