40 69
5 43
40 64
36 52
73 78
68 69
26 29
26 47
17 78
64 68
8 30
8 76
29 55
30 33
61 77
57 78
8 78
33 46
30 42
48 71
37 59
40 76
17 46
71 72
21 78
18 32
35 42
53 73
2 32
17 33
1 12
12 64
48 78
16 64
44 76
35 77
35 68
36 48
68 74
4 29
29 33
38 65
8 52
13 29
37 42
12 46
12 72
33 55
30 66
59 78
33 75
8 29
25 48
17 68
30 52
35 57
17 32
31 34
12 73
32 46
36 68
12 40
46 74
32 41
69 78
23 29
1 30
68 77
35 46
36 77
4 77
36 37
36 58
17 40
34 62
16 72
62 75
30 36
29 48
66 68
46 76
54 55
26 28
67 76
26 76
44 64
32 78
26 31
29 31
4 78
31 53
33 48
17 74
48 72
17 26
1 25
75 78
48 68
30 44
12 17
31 36
4 36
52 69
17 53
31 33
18 26
29 74
48 53
12 36
36 72
8 38
1 31
71 73
5 29
33 68
63 72
26 75
7 59
17 35
14 30
59 64
53 77
53 75
17 57
64 73
72 77
32 76
53 64
36 66
55 62
12 32
3 62
17 69
33 44
31 75
12 78
62 78
32 48
36 59
12 18
12 30
17 36
10 72
10 32
12 57
32 68
46 78
32 36
30 76
69 77
30 32
25 55
8 48
26 66
32 33
8 73
33 35
29 36
1 44
52 78
30 46
8 50
30 48
32 55
8 75
17 65
40 68
28 64
31 48
36 42
36 78
8 64
48 66
32 38
17 75
12 53
30 53
25 74
63 64
46 50
8 12
26 36
12 68
42 75
36 45
18 53
26 41
12 66
26 42
12 59
46 52
13 72
40 46
32 72
13 32
33 62
4 48
25 31
4 76
64 65
31 64
36 57
32 45
17 59
40 48
54 68
1 36
53 76
23 72
26 72
25 75
48 76
37 68
8 17
75 76
32 74
26 40
26 68
54 64
40 73
17 64
32 75
32 77
33 76
22 72
32 64
13 78
64 75
23 32
72 78
46 59
36 64
32 44
