8 69
12 52
48 64
12 64
16 76
26 64
25 33
48 62
46 48
32 78
4 12
32 76
13 76
31 33
17 72
64 75
30 32
36 57
75 78
72 74
26 38
33 77
32 77
33 55
45 74
36 50
57 75
25 53
4 57
32 33
48 66
36 53
36 78
54 55
5 26
28 32
30 64
26 48
16 17
29 72
32 46
66 68
59 71
31 48
38 68
30 69
1 76
29 33
17 73
10 17
64 76
12 40
17 30
8 53
64 69
40 73
40 64
33 50
12 76
40 68
48 78
41 59
8 78
55 77
28 29
35 78
65 78
8 29
36 75
48 53
33 59
71 76
8 25
18 30
40 72
42 69
17 36
26 30
48 76
52 68
64 72
1 46
53 66
4 72
44 64
25 46
29 32
32 69
46 68
26 36
30 46
46 76
12 25
31 35
1 8
38 72
13 68
36 76
13 31
32 74
36 68
36 46
32 64
17 59
18 36
40 69
12 17
29 64
54 65
42 55
35 68
12 31
35 37
29 35
33 68
47 48
30 35
42 48
35 64
17 58
26 32
29 78
29 31
33 44
8 48
30 59
68 73
10 12
4 48
66 77
32 63
12 53
26 62
44 78
8 68
31 53
48 54
12 22
65 76
32 43
18 72
46 77
17 31
41 78
12 57
29 40
30 37
21 32
17 76
8 30
17 44
32 68
17 74
8 42
46 72
32 59
1 36
18 33
8 55
26 52
17 77
12 77
2 36
29 68
26 72
29 52
17 57
25 78
8 75
14 26
36 74
32 40
5 32
34 64
12 48
62 75
23 48
46 62
59 62
4 42
31 40
23 26
23 72
36 64
36 45
53 78
53 73
32 36
72 75
48 72
12 55
32 67
13 32
42 72
40 78
32 62
53 75
30 77
44 77
17 52
64 73
26 46
7 68
31 75
53 64
34 61
1 12
33 64
52 78
30 75
8 36
37 73
17 78
73 75
1 71
30 78
66 78
26 75
12 37
3 32
17 68
12 30
33 76
26 68
36 66
4 32
33 78
36 63
31 36
46 74
17 75
36 59
36 44
