14 21
21 51
3 59
40 51
42 50
12 30
7 48
32 57
6 54
42 56
11 33
26 28
10 15
27 49
21 49
6 7
56 60
21 35
20 51
48 49
12 43
22 23
9 49
58 59
29 49
15 33
15 16
17 30
34 43
6 32
23 48
26 46
9 15
33 42
9 47
27 32
22 44
12 13
9 44
12 48
33 49
39 56
29 39
31 58
12 52
11 43
11 26
0 43
32 44
4 30
32 45
26 33
13 17
15 52
0 9
3 49
13 32
14 18
16 32
48 52
30 43
12 31
3 26
9 12
14 25
7 12
22 41
42 46
28 55
11 12
17 39
30 38
17 42
41 45
17 26
12 56
25 44
17 58
30 48
7 49
15 60
15 32
1 32
23 31
11 31
43 45
16 35
25 45
15 21
14 52
21 48
14 46
32 56
33 48
22 47
16 44
14 47
8 43
15 23
25 31
7 20
11 47
32 33
32 41
33 44
4 12
37 58
11 45
4 56
45 58
40 45
30 45
0 59
22 58
30 52
29 57
25 33
12 45
42 48
19 48
12 44
12 16
17 32
18 30
0 2
35 47
11 23
7 31
32 47
28 43
24 33
46 52
32 42
0 51
47 56
26 48
4 6
10 43
12 37
33 56
14 31
43 49
38 59
3 13
11 48
22 29
11 56
26 49
14 45
32 58
16 23
12 32
17 56
32 39
11 14
22 60
42 52
9 17
33 45
30 46
2 16
0 20
51 59
52 54
13 57
40 59
13 21
21 33
14 58
16 18
47 60
43 59
26 29
5 32
4 25
8 25
31 32
15 27
15 40
36 56
16 47
45 49
34 57
44 48
33 43
1 27
8 29
33 47
9 56
16 42
8 42
3 15
0 42
21 32
52 57
15 30
48 59
9 32
25 30
21 44
21 42
20 26
32 59
17 43
31 55
32 37
47 59
12 15
19 27
32 46
13 23
7 47
5 16
0 49
17 35
3 32
25 58
14 19
13 20
9 31
30 31
20 25
25 42
30 42
22 32
44 59
8 32
8 45
5 56
12 28
15 48
11 15
31 45
4 44
0 26
3 14
3 44
9 53
32 34
44 45
1 14
0 44
17 49
23 52
3 45
14 16
0 27
27 38
2 54
26 30
0 3
40 44
1 3
19 32
33 38
10 48
11 32
18 21
26 52
32 49
28 44
13 59
8 56
17 23
16 27
14 50
23 32
3 53
7 15
27 47
20 43
32 51
30 50
21 52
6 23
32 48
47 51
17 53
45 52
19 21
12 46
15 43
38 44
0 16
56 58
30 32
9 43
27 56
17 21
26 37
23 34
16 30
15 44
21 47
28 32
0 7
4 43
28 52
21 25
6 10
15 58
21 58
46 48
