14 58
6 35
43 60
9 21
23 43
51 52
47 60
14 32
30 56
15 29
12 26
16 59
45 57
18 32
11 42
19 21
12 34
30 32
52 59
4 12
12 51
29 53
12 23
43 46
26 48
5 48
35 39
12 57
7 32
2 32
32 43
31 32
7 47
11 25
23 44
9 30
45 46
44 59
15 37
31 58
42 48
20 52
32 38
32 56
4 32
15 20
3 21
31 52
31 45
32 45
12 28
41 49
17 21
17 28
6 44
12 40
6 30
11 21
42 56
8 47
33 59
43 48
33 47
7 30
14 23
17 32
26 50
25 26
17 23
27 54
33 48
4 37
15 16
9 42
11 15
22 23
45 60
11 59
48 52
25 32
17 43
14 25
1 47
3 27
43 57
30 43
34 56
22 49
10 42
22 32
17 30
8 46
7 58
44 48
16 51
46 47
45 51
8 16
43 59
9 22
32 58
0 31
44 49
32 33
39 56
14 42
14 21
11 48
12 49
46 52
7 31
18 27
4 45
3 28
12 14
19 58
20 25
30 45
21 26
32 54
31 40
32 49
48 60
17 25
0 3
17 59
33 51
0 36
10 47
32 47
45 56
43 44
25 42
21 43
26 35
0 23
21 28
32 42
7 45
56 59
25 52
9 44
13 27
5 30
3 26
48 58
9 52
25 39
17 31
19 56
15 23
17 55
0 13
5 56
4 33
3 45
32 40
3 58
15 27
33 56
0 4
27 52
0 58
17 47
48 56
12 47
0 47
14 17
15 21
0 15
42 51
12 58
29 37
15 45
32 59
11 32
16 56
9 32
9 12
39 44
42 43
15 38
16 32
31 49
45 48
20 59
42 45
21 32
23 25
22 45
14 33
44 47
14 49
25 30
12 30
15 30
38 44
0 32
11 52
13 52
15 42
34 59
32 50
30 58
13 30
8 41
12 21
9 28
46 56
40 44
14 47
7 43
0 48
9 53
21 23
24 57
26 57
14 31
21 30
26 30
17 52
2 43
49 56
33 38
16 28
3 15
3 32
14 48
20 45
18 43
0 18
9 45
11 29
15 33
8 32
44 46
28 32
15 49
46 49
1 32
29 31
4 35
7 22
27 34
21 59
26 33
11 23
33 52
14 51
11 12
29 44
12 50
0 16
0 26
15 26
11 33
16 41
17 44
47 49
11 16
32 48
20 32
9 58
15 44
19 22
3 30
49 55
13 21
30 42
43 49
22 26
16 58
3 38
14 56
20 26
12 15
8 48
6 32
27 32
10 31
3 48
25 33
6 40
21 47
15 52
16 33
16 43
19 37
8 42
21 27
2 44
7 12
13 56
13 53
16 48
13 23
27 49
32 44
1 16
1 6
10 13
17 54
33 44
