0 48
30 52
9 15
15 18
13 43
35 48
11 30
32 41
15 16
15 29
32 46
0 16
7 45
7 44
16 29
38 44
8 42
20 32
42 56
28 56
12 51
21 44
6 21
27 51
14 56
33 42
12 49
12 33
21 48
48 54
32 43
8 47
3 33
11 17
20 23
15 57
20 45
15 58
23 48
27 60
5 26
52 56
32 38
32 56
43 50
15 47
17 49
10 58
24 26
26 30
7 56
6 32
32 51
37 52
0 31
0 35
18 45
14 18
20 48
47 58
4 17
43 45
14 45
3 42
27 55
17 32
26 54
22 47
21 39
17 25
51 57
14 58
11 28
10 20
15 43
1 23
30 44
17 30
2 4
25 32
3 52
9 29
3 22
25 29
17 58
30 43
9 27
44 47
11 49
22 55
23 42
45 48
22 31
12 15
12 32
9 25
45 56
3 16
11 48
49 56
20 58
19 47
49 52
32 45
13 44
3 11
30 47
30 32
26 47
6 59
17 31
38 48
4 42
45 58
17 56
25 40
42 43
11 27
3 14
13 16
1 32
16 51
14 21
12 45
2 32
31 39
12 23
0 59
19 32
47 48
14 47
21 27
3 47
21 58
14 26
0 21
14 35
17 26
7 53
1 59
11 13
42 57
31 33
44 49
11 15
30 46
12 16
44 48
11 32
9 17
15 56
3 30
0 58
15 17
9 33
9 46
21 32
41 48
4 51
32 44
45 46
28 32
6 50
43 52
25 48
1 27
15 40
14 19
15 52
25 56
23 51
4 43
8 52
14 52
32 59
0 4
34 43
7 42
3 45
8 12
23 30
15 42
16 49
7 32
16 40
15 32
42 46
26 31
7 59
21 30
11 14
9 60
12 14
30 59
28 38
21 52
43 47
31 32
4 44
32 52
8 32
31 43
21 49
5 56
21 28
38 45
16 44
21 45
12 43
40 42
27 47
16 19
3 26
15 45
18 23
12 52
7 30
16 17
10 50
26 35
0 17
25 45
13 58
2 21
43 49
37 44
3 32
11 44
26 32
43 56
43 46
9 32
33 59
33 43
6 31
44 59
31 52
27 30
32 49
12 17
30 45
33 46
15 30
42 44
7 33
47 54
10 21
48 58
14 44
28 59
29 32
32 57
12 47
11 26
32 33
39 52
44 46
23 57
22 33
0 22
31 59
23 26
12 40
15 25
9 12
36 56
32 42
0 33
30 48
0 49
28 49
21 59
9 49
6 12
12 22
0 19
33 48
37 59
5 13
32 34
16 56
21 29
41 49
33 60
33 39
33 44
23 31
9 34
37 58
8 16
13 23
12 25
15 26
32 53
16 48
13 22
0 25
13 32
20 25
34 56
8 60
27 48
14 53
