3 28
28 30
1 21
0 32
32 38
25 52
0 49
6 56
3 15
14 38
17 49
0 9
21 51
7 27
51 58
42 45
30 31
21 47
3 53
3 41
3 47
15 32
11 27
0 52
8 47
29 39
33 41
2 52
16 25
43 45
33 47
4 43
17 42
11 25
14 51
7 58
21 44
44 48
33 34
23 33
22 29
7 40
3 39
3 32
32 48
12 27
21 58
3 43
32 57
0 17
22 43
22 30
40 56
48 56
12 59
18 60
32 44
15 50
28 54
12 17
11 15
21 32
32 52
32 56
9 26
30 33
32 51
21 34
49 59
16 58
5 49
9 40
31 43
15 44
32 58
26 33
35 59
32 36
8 25
27 45
17 27
11 49
25 32
19 30
3 19
21 45
30 34
9 46
17 31
24 33
8 32
15 38
7 32
17 51
30 52
8 56
9 45
16 33
31 32
6 43
3 23
39 51
11 31
13 15
14 22
13 21
23 44
48 49
8 17
6 32
15 21
42 48
26 46
28 44
1 33
31 42
17 21
0 37
33 45
0 2
32 33
44 47
20 21
35 47
19 44
21 30
30 32
11 14
12 52
25 49
33 48
33 44
12 16
13 28
16 32
12 23
15 43
6 46
33 60
46 49
45 49
12 26
15 58
14 44
12 55
43 59
4 26
20 26
1 32
14 31
47 57
47 48
15 59
20 57
30 58
23 30
16 29
0 47
43 58
16 47
14 26
15 26
26 52
39 49
6 7
40 49
44 45
29 58
18 44
10 40
32 59
4 42
30 59
7 45
16 56
12 46
1 60
23 45
9 53
12 31
7 31
17 59
30 55
15 29
12 32
15 42
25 58
23 57
31 59
13 41
43 50
25 42
26 32
37 59
44 46
4 31
21 42
43 49
19 48
9 58
22 57
17 43
14 50
11 48
17 53
15 48
45 54
15 19
42 51
20 56
23 52
13 56
4 32
17 56
8 11
0 11
3 6
16 20
15 18
12 15
7 21
9 30
16 44
22 23
17 48
7 44
9 18
27 33
9 32
23 37
32 43
45 56
4 56
0 30
14 52
31 48
12 48
12 35
22 47
20 44
23 47
13 26
21 38
56 58
11 21
16 28
14 30
23 48
12 21
22 42
10 32
42 52
27 32
30 47
47 49
25 38
12 28
11 44
32 34
11 12
25 59
32 46
43 56
45 48
14 48
30 42
0 44
27 43
25 43
14 25
17 32
14 33
9 37
32 42
32 60
10 16
14 45
26 56
52 59
5 43
0 26
0 13
2 16
29 56
15 54
10 42
8 15
20 45
9 49
13 52
5 11
16 45
13 32
46 48
26 47
4 12
0 27
14 56
3 12
27 52
16 48
32 45
35 52
