23 58
28 45
34 59
32 42
21 46
9 25
11 33
6 23
7 44
2 48
16 33
0 59
5 23
7 11
14 58
13 47
30 57
3 31
9 35
22 42
27 31
27 44
22 31
12 20
15 29
13 26
21 26
25 29
48 51
46 58
17 43
9 42
44 54
30 40
12 19
2 25
3 30
40 48
33 56
25 33
56 58
2 30
12 16
18 32
28 34
38 60
13 21
3 43
12 23
11 52
7 18
12 17
37 56
12 26
52 59
56 60
32 47
52 53
42 49
15 38
1 44
22 47
23 52
3 56
44 50
0 46
20 33
33 45
10 14
33 47
0 30
14 32
23 30
32 56
32 48
7 43
26 52
30 42
1 59
43 51
51 56
31 58
32 59
14 55
35 47
21 51
6 26
9 22
44 47
11 44
21 56
15 42
32 58
19 32
0 12
18 43
3 9
32 46
31 32
12 30
16 30
39 46
3 59
21 41
0 15
12 13
13 23
25 27
12 49
32 38
48 57
31 42
21 42
0 48
15 30
12 59
43 58
32 57
11 46
8 57
32 33
30 58
15 16
25 58
25 32
25 40
32 34
31 43
11 16
15 47
15 25
8 44
31 54
13 44
32 50
0 43
15 43
13 35
0 35
14 46
17 28
26 59
22 49
18 26
25 51
43 48
17 26
0 8
27 32
14 44
3 23
5 32
14 15
10 15
29 56
23 26
20 30
15 39
27 43
12 44
9 41
45 48
48 52
32 49
44 45
14 42
1 48
12 21
6 12
15 17
42 59
4 17
7 17
44 48
9 33
9 43
25 43
45 53
47 59
11 28
3 7
19 45
17 31
8 43
0 32
3 20
17 56
49 60
26 36
13 32
8 32
30 49
26 32
22 45
50 56
49 56
42 47
38 49
3 54
13 39
6 40
31 45
0 37
4 12
17 21
21 49
14 49
21 22
0 16
8 17
27 45
16 55
16 52
15 33
21 52
0 17
4 20
14 33
9 31
3 27
12 47
7 9
16 48
17 32
9 21
8 27
42 57
33 46
16 26
31 37
11 32
14 48
28 32
4 33
26 49
10 49
10 48
11 22
6 14
42 58
15 58
44 56
5 12
26 56
41 52
0 21
7 59
14 30
16 47
15 56
32 44
14 21
4 15
28 30
29 33
6 27
21 33
11 15
16 32
11 25
30 47
20 32
17 45
29 48
44 58
7 32
44 59
20 53
43 44
14 52
27 47
12 15
23 47
43 45
32 60
32 45
16 51
11 45
4 52
16 38
21 45
30 45
19 30
29 45
1 51
24 28
12 45
3 32
16 34
32 52
19 52
11 21
17 37
43 49
15 23
4 49
32 39
47 56
23 48
42 52
9 48
32 40
33 48
