6 43
15 33
6 42
3 32
14 43
9 47
13 56
31 41
47 52
2 32
19 44
34 44
18 44
7 30
3 21
19 47
22 57
16 27
26 35
9 21
12 21
47 48
32 50
31 56
6 44
23 39
12 56
43 47
43 44
53 58
44 48
17 60
0 20
48 59
12 45
6 7
30 56
10 52
0 32
11 25
8 16
23 58
8 25
23 52
3 7
31 38
13 16
14 30
22 30
12 58
37 56
33 49
14 56
3 12
26 45
21 60
21 43
30 52
14 27
3 45
11 44
12 15
33 51
3 14
15 57
9 15
5 32
10 28
10 32
23 42
19 30
32 52
21 52
7 42
17 29
26 58
0 31
28 39
48 55
0 58
21 48
37 45
32 59
38 48
21 41
16 55
0 2
15 42
45 49
31 48
30 44
30 38
14 32
4 28
12 46
22 56
42 56
32 46
31 32
13 58
16 17
0 27
17 45
20 31
11 33
13 45
27 30
20 59
15 32
17 38
22 47
21 46
49 53
21 49
7 8
14 54
32 58
14 34
43 46
42 48
32 33
43 52
51 52
23 51
25 48
23 44
46 49
20 57
3 43
6 32
15 25
11 58
44 59
29 45
16 23
14 45
3 13
13 31
1 44
1 43
25 28
19 26
7 31
30 47
45 48
42 43
11 17
43 60
17 27
45 59
11 30
1 59
30 41
14 15
8 30
0 42
11 40
25 33
9 46
33 40
38 52
0 48
15 48
32 49
44 49
23 40
21 54
30 51
16 37
23 48
7 11
29 32
9 20
17 44
14 48
32 43
42 51
5 47
2 43
32 57
32 34
15 52
1 39
0 29
27 32
3 49
32 56
6 59
25 32
0 13
15 39
16 59
15 18
22 49
33 50
7 46
7 59
15 46
9 17
28 32
21 32
16 26
0 15
12 32
40 47
21 26
12 44
22 53
0 26
12 28
25 58
11 29
16 45
8 12
44 51
21 33
26 56
48 56
21 56
18 32
12 35
49 59
9 32
17 32
17 33
13 47
23 45
27 52
16 58
34 43
11 48
11 32
21 25
11 47
12 25
17 47
26 42
35 47
33 42
18 31
44 52
12 27
10 56
26 49
15 45
36 45
12 40
14 58
16 49
15 56
32 44
9 33
17 42
32 48
27 47
15 30
31 33
11 52
9 16
4 9
25 44
14 50
33 59
27 42
19 28
32 47
24 32
4 49
14 16
33 52
12 59
8 37
13 43
26 57
32 60
20 43
5 12
3 26
3 56
25 31
4 12
21 30
15 16
0 45
9 23
26 29
9 58
8 54
15 22
30 32
12 30
15 26
4 17
35 56
22 32
20 42
3 4
0 21
45 51
17 43
14 33
4 23
48 49
