28 53
3 22
27 28
18 32
12 56
0 12
47 52
31 52
13 32
21 60
26 52
17 39
11 52
10 21
19 23
34 56
5 28
31 48
17 32
47 48
3 33
42 47
12 34
19 54
43 48
45 53
21 58
1 15
3 30
0 47
42 52
15 29
8 20
10 30
25 32
15 44
42 49
4 17
23 35
5 59
7 20
32 43
14 21
4 45
42 58
21 33
15 38
28 59
7 33
6 16
12 44
15 48
12 52
12 40
4 16
0 30
15 43
3 59
19 22
25 44
20 32
8 59
9 58
15 21
41 59
11 47
38 47
22 50
9 20
43 52
33 43
26 31
51 57
17 45
19 25
14 26
17 44
12 60
39 48
47 49
13 56
7 19
29 47
16 21
45 47
11 27
14 45
31 47
7 32
1 44
26 30
14 42
21 50
8 33
7 23
28 39
33 42
23 26
21 30
14 58
7 46
26 43
8 30
21 42
21 23
23 58
30 47
3 16
31 51
23 48
16 48
27 52
32 46
2 15
12 31
30 32
0 22
12 54
0 11
11 51
49 56
11 49
20 49
35 44
15 16
26 33
3 11
44 48
25 51
3 21
30 43
54 56
37 48
9 51
37 57
26 56
5 32
30 44
31 32
6 15
6 55
4 32
32 58
9 15
33 37
31 44
12 43
34 49
15 46
44 45
56 60
3 47
11 45
22 41
7 44
0 33
25 40
13 15
32 47
8 39
16 42
0 17
12 30
12 17
30 58
16 44
9 28
31 56
10 32
23 43
26 59
30 45
25 59
33 44
13 29
8 14
18 45
12 25
3 12
21 56
6 22
17 56
14 38
11 25
2 9
9 32
17 49
17 51
29 56
32 49
52 55
32 45
0 49
44 58
15 58
17 25
27 47
9 35
31 49
6 18
32 41
46 52
14 16
32 40
3 31
32 48
26 32
0 48
29 57
12 51
31 42
13 16
11 32
1 13
45 49
45 56
7 59
32 52
17 48
28 32
14 56
2 4
23 32
23 53
6 32
16 52
14 33
33 38
1 26
0 3
9 11
45 46
22 43
14 43
9 52
15 42
32 50
17 40
34 48
4 60
17 30
12 16
12 32
29 32
21 49
44 52
43 56
15 32
13 37
12 33
27 42
42 43
48 59
13 27
24 49
33 45
3 32
11 44
32 33
32 59
43 58
21 25
16 27
0 7
30 59
13 45
25 43
20 46
12 14
20 42
21 26
15 45
11 56
21 40
32 57
0 26
16 43
14 46
38 43
15 23
9 14
58 59
27 32
15 26
10 45
8 27
32 35
14 48
23 44
16 25
22 46
9 30
15 49
30 33
0 58
21 47
18 44
30 48
27 48
17 36
0 42
48 57
4 56
