13 32
13 14
16 32
3 32
3 44
45 49
9 12
21 29
12 32
6 8
25 31
7 52
16 28
21 41
14 45
6 55
15 44
14 52
32 56
10 17
25 33
12 45
16 44
34 42
0 52
12 20
3 51
30 34
12 14
12 43
11 16
30 39
32 47
15 52
9 42
15 40
18 28
23 31
23 56
45 59
16 42
21 43
25 45
32 38
38 48
12 56
26 45
17 45
20 23
16 47
56 58
21 47
23 27
12 49
22 32
11 32
28 44
33 47
4 21
19 56
1 32
8 11
41 59
16 21
14 49
21 37
0 9
14 20
31 43
16 33
13 52
8 52
11 45
3 42
25 44
3 15
42 54
11 14
26 56
33 58
22 43
7 59
3 30
12 26
10 30
11 42
46 59
26 30
7 44
31 32
0 33
31 42
12 58
4 17
9 25
43 48
15 57
23 44
45 56
29 56
21 32
4 47
33 38
20 46
16 26
32 42
15 48
4 43
48 56
27 29
22 47
30 42
32 43
2 27
15 17
43 46
12 15
30 58
16 52
42 59
7 56
3 13
36 37
14 54
48 58
17 31
15 30
7 14
48 59
26 33
10 32
7 45
15 58
17 32
32 37
21 26
8 9
15 23
0 47
14 44
14 31
25 46
40 49
20 32
5 16
0 15
29 32
22 23
9 43
30 49
57 59
44 59
13 30
8 19
47 52
0 30
27 32
58 59
12 17
15 18
23 52
45 52
12 27
14 21
25 30
15 51
38 60
32 34
43 57
3 26
10 29
20 56
30 44
31 45
32 33
0 59
43 56
22 48
26 32
23 26
29 43
6 48
31 44
1 2
15 21
32 45
12 47
18 32
43 44
32 58
42 58
32 35
9 28
20 30
22 49
45 50
9 60
17 47
23 35
30 48
31 51
49 52
47 53
9 22
3 6
17 40
7 49
34 51
48 49
0 58
43 51
0 48
11 28
13 53
21 27
15 56
13 56
33 39
2 15
25 47
28 33
12 59
11 25
0 38
26 42
12 33
9 56
0 18
11 21
1 33
17 43
11 46
0 32
22 33
52 53
13 43
23 32
5 57
21 35
8 40
0 42
37 48
15 27
7 27
15 47
4 49
32 39
19 31
5 32
44 56
43 59
3 35
17 30
3 48
17 25
25 28
32 48
21 44
11 47
46 57
33 49
24 51
14 55
21 51
14 32
19 21
26 44
4 12
13 45
15 54
44 45
6 60
17 42
14 33
0 16
46 50
47 49
17 58
32 46
12 50
16 31
11 27
40 48
16 49
21 45
6 58
12 30
16 27
32 52
1 52
7 30
9 44
19 48
32 44
23 60
8 32
4 9
33 48
26 48
17 39
3 11
26 49
25 41
