38 45
17 31
21 32
22 48
13 15
33 48
33 42
12 59
0 32
27 46
3 26
7 15
17 21
32 48
11 44
15 30
17 41
7 29
9 11
30 49
49 58
13 34
25 32
18 47
0 56
44 48
12 14
42 45
7 32
29 45
41 58
3 58
32 47
2 56
9 44
12 32
27 32
0 11
22 40
5 26
32 46
17 48
6 32
9 32
27 42
4 12
12 33
15 27
21 52
19 33
22 35
37 45
14 16
30 52
14 48
25 56
44 45
4 21
8 30
9 15
35 48
32 52
10 44
13 16
34 44
11 39
6 20
16 26
34 50
13 56
11 23
15 17
23 31
30 53
42 51
46 59
28 49
43 51
29 32
16 44
14 17
26 49
32 58
3 43
2 15
38 59
16 32
25 48
44 54
26 56
23 52
40 56
24 37
15 44
12 47
7 45
8 12
14 56
14 51
11 21
21 48
2 22
9 49
3 31
47 57
14 42
43 45
44 57
43 57
29 56
7 36
1 39
20 49
17 57
9 25
44 46
0 33
6 16
32 39
32 42
18 38
12 27
15 33
19 46
31 32
7 12
15 29
54 60
31 59
48 51
13 58
25 45
12 26
26 52
17 59
25 26
12 48
30 39
45 59
11 55
45 49
6 45
33 59
21 31
47 49
10 48
30 33
16 52
17 32
32 45
4 44
20 53
8 32
33 43
14 31
8 16
33 47
20 31
35 47
25 38
12 25
7 14
15 47
0 51
43 47
1 51
17 50
14 40
48 56
20 32
18 30
14 58
3 15
43 44
11 30
4 48
48 49
33 54
32 37
30 34
5 35
15 21
32 59
28 56
21 46
30 31
26 32
32 33
32 44
3 32
26 59
3 42
21 45
47 58
21 27
26 42
25 40
3 23
0 44
52 56
12 43
13 26
15 26
22 30
15 16
23 28
6 48
7 17
8 21
20 52
23 32
56 60
26 33
13 32
12 30
1 32
28 47
9 19
16 59
4 37
11 52
0 43
4 42
12 58
32 43
1 56
16 31
16 58
31 42
9 43
11 42
15 19
21 56
11 45
12 56
13 60
12 21
20 28
14 47
17 44
42 48
23 43
3 47
12 44
16 43
32 49
7 43
27 43
33 52
13 30
0 52
9 28
18 41
0 17
19 22
25 27
45 51
23 49
3 11
4 45
0 58
15 52
8 15
49 52
17 46
21 47
0 22
43 48
23 47
5 50
10 32
3 38
14 15
23 58
27 30
30 46
0 40
15 31
6 30
32 60
14 55
42 43
9 16
44 49
30 32
23 29
33 45
52 53
12 16
21 22
8 49
14 23
57 59
0 28
3 59
21 33
0 27
11 25
42 58
10 25
9 17
9 21
32 56
