32 55
2 29
0 45
33 49
14 60
32 48
3 12
51 58
13 52
17 51
11 49
11 15
31 32
48 59
32 56
0 42
27 42
0 12
26 31
23 52
14 15
6 26
39 45
16 49
22 26
9 48
0 17
1 58
12 32
42 46
46 58
40 48
49 56
21 25
21 26
26 50
50 59
12 43
12 13
30 45
33 43
12 23
7 48
32 46
16 17
3 6
41 42
14 46
14 34
15 59
14 35
16 35
32 49
19 56
17 25
25 32
4 27
14 17
0 26
17 58
3 32
10 18
30 32
20 52
25 51
15 19
49 53
32 60
32 44
43 56
21 23
32 43
7 44
0 15
39 44
21 32
28 38
5 14
8 22
13 31
15 58
43 49
3 23
8 30
25 28
44 56
26 43
11 20
8 12
26 49
32 34
23 47
20 25
30 43
30 49
23 32
13 23
12 56
15 48
13 32
11 31
32 40
4 21
27 30
44 52
25 48
21 56
35 47
40 59
5 11
16 23
11 43
12 22
42 43
0 44
7 26
4 45
13 30
15 42
12 45
48 57
27 58
11 42
15 31
16 52
11 32
41 50
15 32
53 59
23 48
44 47
47 56
32 51
9 34
43 45
3 45
18 29
17 57
21 37
19 33
7 43
6 54
32 58
28 58
6 21
23 58
27 32
2 14
9 52
1 15
32 47
32 52
57 58
3 16
33 52
21 48
27 47
30 51
12 48
26 44
14 32
25 58
45 53
11 46
7 8
8 49
1 14
8 14
33 56
17 45
32 42
44 57
12 15
27 33
13 15
42 44
7 15
38 47
11 33
9 18
12 57
23 27
43 47
0 9
0 52
9 43
10 25
15 40
30 31
12 60
12 44
10 32
37 42
0 49
47 49
13 20
9 42
11 27
16 33
28 47
36 43
6 32
15 43
32 59
16 56
20 33
28 43
9 56
11 44
43 52
5 25
30 59
44 45
17 47
16 22
23 31
12 38
0 21
21 44
54 59
4 42
21 33
33 44
19 30
0 33
14 45
25 56
33 51
26 47
30 37
3 29
22 56
4 49
16 20
21 55
1 34
32 45
26 48
17 56
17 32
3 42
31 52
20 59
14 48
24 48
2 45
9 44
3 21
21 59
42 52
16 30
4 30
0 18
45 46
7 33
0 46
8 9
32 41
16 21
22 32
29 33
12 28
16 58
38 56
16 32
45 47
22 44
39 48
44 46
3 48
15 30
30 38
4 32
21 29
15 47
15 49
16 59
10 14
12 51
3 31
7 25
31 47
35 45
17 31
6 29
3 60
33 45
13 28
11 17
26 52
26 32
15 56
7 19
48 54
39 59
17 48
21 40
9 14
27 37
12 52
22 30
9 31
17 30
