17 26
25 26
4 11
23 51
27 30
4 48
33 44
35 42
16 48
10 43
13 46
14 42
15 45
11 17
9 50
25 42
25 29
15 56
31 49
43 59
30 54
13 58
22 30
0 45
31 41
1 42
13 32
14 52
12 38
14 45
44 59
32 58
13 45
21 48
19 31
9 30
19 32
17 44
30 51
14 18
3 7
26 45
21 58
1 15
43 58
31 38
11 20
16 57
48 58
29 36
1 47
14 26
19 21
12 48
25 49
15 37
18 44
0 17
42 59
45 52
0 21
45 46
30 49
12 21
17 33
40 42
47 51
5 17
32 48
29 42
6 12
30 60
22 47
9 58
32 59
20 32
31 43
32 35
11 60
28 42
12 45
11 49
25 32
44 56
1 6
23 27
26 32
15 49
31 35
9 45
14 44
27 32
47 52
43 46
5 13
15 26
41 53
21 49
39 56
7 58
28 52
26 59
16 32
0 30
12 32
21 52
29 43
20 26
32 47
12 16
0 47
48 52
3 25
7 48
16 42
30 47
25 48
14 16
37 52
6 32
0 31
15 30
6 10
46 47
15 44
26 57
10 44
15 35
3 44
4 21
47 59
3 15
4 23
13 39
15 48
17 27
7 32
0 3
13 27
25 45
34 48
26 49
24 58
44 47
9 56
16 49
17 47
12 58
11 52
27 56
16 43
33 56
17 43
33 46
31 32
51 59
3 18
16 31
20 60
3 22
6 23
11 23
32 49
30 33
21 33
38 45
21 60
32 57
43 49
25 43
26 29
11 51
11 58
30 44
7 59
26 38
25 59
12 23
14 40
12 46
3 12
9 57
4 56
16 33
4 58
43 47
22 44
3 30
44 50
16 45
21 27
8 12
47 48
42 44
9 33
8 52
15 32
3 23
0 15
11 59
15 47
3 13
22 28
43 56
31 45
15 23
15 20
20 21
48 49
13 53
16 22
26 56
15 41
11 44
30 45
32 34
8 54
52 58
32 33
37 49
7 56
20 40
0 9
6 9
32 42
33 53
12 34
23 32
3 32
14 32
30 32
27 48
8 42
7 43
11 38
33 40
9 19
8 44
39 55
12 14
21 28
15 27
16 21
14 31
17 45
33 47
16 51
8 21
14 23
0 22
9 14
31 40
2 39
9 32
2 22
21 43
45 49
17 48
19 33
32 46
30 34
11 56
15 59
32 51
32 54
28 33
43 52
23 25
12 17
0 46
2 48
12 42
55 56
7 21
10 32
12 56
7 45
30 52
8 32
28 56
42 49
32 56
32 52
16 18
0 12
0 59
0 37
21 44
4 33
5 33
43 48
14 29
32 44
17 32
17 50
32 43
52 57
27 28
12 26
14 30
17 56
15 25
23 48
