36 56
47 52
12 58
19 27
48 57
22 33
43 52
7 12
14 27
1 48
16 45
10 45
4 44
21 52
38 40
47 58
0 8
8 12
3 49
8 38
0 11
9 26
28 46
2 14
15 33
26 30
13 17
18 33
8 60
26 32
30 31
14 48
17 45
21 39
30 56
21 42
15 58
3 52
32 46
21 22
32 51
23 33
32 41
30 44
16 21
33 59
45 53
11 56
35 44
25 44
12 48
28 48
15 48
30 48
26 29
21 44
47 59
22 48
16 49
16 39
21 57
2 13
12 18
25 55
4 12
27 30
11 16
59 60
8 21
15 20
44 56
9 45
44 49
5 48
25 27
9 33
32 43
12 56
32 37
45 56
26 60
3 23
32 49
0 56
16 26
15 59
30 47
14 26
34 43
3 4
14 56
14 32
12 16
5 23
0 21
26 33
10 25
37 49
25 51
15 49
35 52
20 52
14 42
23 37
6 9
19 26
13 30
0 48
15 32
6 30
12 54
48 59
31 42
0 42
13 43
42 47
49 57
41 59
47 56
6 32
26 42
43 45
43 50
32 47
2 32
17 23
21 50
31 48
10 32
20 45
0 15
7 40
3 58
11 27
3 32
19 45
7 32
0 32
29 31
45 58
17 43
8 44
11 17
23 25
32 58
13 27
32 34
14 46
9 35
25 52
13 23
21 45
11 58
33 60
31 32
30 50
1 32
34 47
21 33
15 44
21 47
10 11
43 53
22 57
56 59
9 13
26 34
21 46
12 19
12 43
27 38
3 14
22 46
11 45
44 51
1 16
16 25
0 16
31 52
25 45
27 28
39 58
32 48
32 53
15 40
18 44
17 52
7 54
20 32
45 47
13 31
7 33
15 47
48 56
30 59
22 40
3 15
7 16
7 42
17 33
51 52
14 47
37 42
6 49
9 43
12 44
29 44
11 32
43 57
23 44
32 33
12 31
26 51
15 23
11 25
46 58
12 38
4 15
23 42
30 43
11 59
14 17
17 44
17 31
30 33
16 43
3 33
16 32
21 30
14 33
43 58
14 23
21 38
31 58
6 28
29 47
3 20
28 44
16 59
20 21
15 26
23 52
1 52
9 25
18 56
0 59
17 32
4 48
3 27
0 26
42 55
0 5
32 40
9 12
56 58
0 30
17 27
8 48
9 42
9 46
32 42
11 30
9 49
31 45
12 24
22 56
22 42
20 49
17 42
43 56
15 56
28 32
14 45
32 52
30 32
32 44
28 49
29 45
29 32
13 25
31 49
43 49
15 46
15 52
17 41
7 17
12 32
16 51
3 59
19 44
0 51
11 12
32 39
33 47
32 54
48 49
6 12
7 43
35 48
4 30
14 15
15 21
4 47
