5 7
17 20
2 23
8 29
11 22
5 18
6 11
1 20
19 29
23 25
8 25
2 21
7 21
1 10
0 26
2 26
11 14
3 22
2 22
5 17
5 15
15 26
1 8
13 24
9 11
2 14
14 22
7 15
20 21
11 20
16 19
3 7
0 15
11 21
3 15
5 26
7 22
9 12
8 28
9 24
21 22
3 12
12 14
2 5
18 26
3 26
6 25
7 14
2 17
12 15
7 29
19 21
11 17
13 25
1 7
7 13
11 23
3 5
26 29
2 15
8 13
1 21
1 5
9 20
14 19
5 29
1 15
11 12
7 11
0 14
3 10
9 10
0 21
14 20
7 17
18 24
4 10
17 26
1 18
6 27
20 22
7 26
1 22
15 21
5 22
5 20
20 26
15 20
14 21
12 20
0 8
9 21
6 13
10 13
16 27
19 23
6 28
1 11
8 11
2 12
21 26
9 18
5 14
2 7
5 11
3 11
28 29
1 26
1 13
5 8
3 29
12 24
19 28
8 23
0 7
11 15
11 26
3 24
3 18
10 18
15 17
7 24
7 8
2 19
11 29
7 9
10 28
5 12
5 21
7 18
7 12
12 26
10 24
14 15
0 19
9 14
23 29
3 20
14 26
11 28
12 21
22 26
11 18
14 23
10 12
15 24
11 19
0 11
3 21
17 28
0 1
7 20
3 23
3 14
2 11
2 20
3 17
0 23
20 23
12 22
2 3
8 10
9 26
9 15
