5 7
2 26
11 12
11 29
7 24
13 19
2 5
1 15
20 21
11 17
12 21
10 23
9 21
7 14
3 29
16 29
11 14
7 20
7 21
8 24
11 15
15 26
9 26
7 22
11 28
2 12
22 26
2 22
6 21
0 22
21 26
3 7
3 8
11 21
13 16
17 19
5 9
14 26
12 15
25 27
0 21
6 14
12 28
13 14
0 26
3 26
17 18
14 17
19 22
17 25
10 28
18 23
17 23
3 5
2 8
1 11
23 26
5 26
9 18
15 21
0 3
2 19
5 14
5 6
1 2
1 14
9 20
11 19
7 11
8 12
9 15
21 22
5 21
3 14
3 15
0 23
11 24
11 18
10 19
24 26
2 20
7 26
8 26
5 15
1 21
5 12
0 7
1 20
7 9
5 20
5 24
6 22
0 11
4 29
6 18
23 25
22 23
1 26
10 18
7 8
18 29
3 18
17 27
7 12
5 11
3 11
15 20
19 24
1 9
10 17
18 25
3 12
20 28
14 15
0 1
3 24
11 26
1 7
7 15
7 19
5 8
5 22
10 29
28 29
0 15
10 22
11 13
14 19
2 21
10 11
12 26
20 24
2 7
10 13
8 9
12 20
11 20
15 28
7 10
8 15
20 26
14 20
7 13
2 15
14 21
3 20
9 12
0 12
3 21
14 23
1 3
7 29
11 23
22 28
2 11
2 9
8 20
8 11
2 3
3 17
1 12
1 5
13 23
14 29
