5 7
2 26
11 12
2 24
0 15
9 15
0 18
12 22
20 21
17 25
12 21
8 28
19 23
7 14
12 15
9 12
11 14
7 20
7 21
3 6
11 15
22 28
3 9
8 22
2 9
1 12
16 29
11 19
11 22
5 18
21 26
3 7
3 22
11 21
5 28
17 23
15 29
5 13
12 20
0 25
18 19
1 7
14 15
15 26
2 23
3 26
5 20
8 14
20 23
10 18
12 14
11 18
3 29
3 5
0 11
1 11
6 13
5 26
2 14
15 21
1 21
2 20
5 14
16 24
14 20
1 14
7 10
0 23
7 11
0 17
7 8
1 2
5 21
3 14
3 15
10 11
0 19
9 11
2 8
0 29
2 21
7 26
8 19
5 15
1 15
5 12
10 19
3 20
5 9
1 9
3 28
17 19
0 13
0 10
20 22
14 21
11 29
15 20
14 25
7 28
23 29
13 27
7 24
7 12
5 11
3 11
14 26
26 28
1 20
11 17
7 22
3 12
9 20
7 15
13 19
7 9
11 26
5 23
9 21
8 11
1 5
7 29
1 26
11 23
8 17
7 17
6 19
24 25
2 5
18 21
12 26
22 29
2 7
10 22
28 29
4 21
11 20
14 24
24 26
10 14
20 26
7 18
17 22
2 15
1 8
6 27
10 13
10 15
3 21
3 24
1 3
6 26
17 20
8 21
2 11
8 26
13 18
9 26
2 3
10 12
18 23
22 26
11 24
12 23
