17 19
7 23
3 8
6 7
9 10
1 11
13 15
9 15
2 26
3 9
5 12
7 18
19 28
3 15
3 29
9 21
8 14
15 26
17 28
5 15
17 25
21 29
7 21
11 29
10 15
7 24
11 25
2 15
12 21
7 8
8 11
3 10
20 26
15 18
5 21
17 24
8 12
5 23
11 22
1 26
17 23
5 9
3 20
13 23
13 26
2 9
2 23
4 27
15 22
3 6
13 19
21 22
2 11
11 24
14 26
13 27
5 6
12 15
2 21
20 21
21 26
14 22
1 5
25 28
5 18
11 18
8 24
8 15
7 11
1 7
10 21
13 17
9 20
10 26
0 11
1 9
3 21
0 22
6 20
1 22
8 23
0 28
1 12
11 17
19 25
12 20
23 24
14 18
0 20
1 8
20 22
2 5
5 7
0 26
11 28
0 12
2 14
5 11
8 9
5 14
3 18
24 29
6 10
1 2
18 23
7 22
19 29
10 20
12 26
3 11
11 15
2 20
22 26
5 20
16 17
11 23
11 26
11 20
9 26
16 19
13 22
3 26
0 7
7 12
3 14
11 21
2 29
1 21
7 20
17 18
7 26
10 14
2 12
0 21
14 15
12 23
7 29
12 22
11 14
7 10
8 26
1 29
7 15
2 3
0 18
15 20
24 28
5 10
14 28
7 14
5 26
2 7
11 12
3 12
3 5
19 24
1 20
14 21
3 7
14 29
1 3
11 19
0 19
9 14
