1 11
24 26
9 22
6 13
4 26
1 3
8 12
9 11
0 9
0 22
11 20
5 20
12 15
2 8
7 20
1 26
1 12
9 20
10 29
28 29
10 11
5 14
1 5
7 26
3 8
5 21
26 28
7 28
8 11
0 7
3 26
1 23
1 20
0 23
21 22
7 8
13 24
3 12
9 26
2 14
19 25
10 19
6 27
13 19
19 20
5 18
15 22
0 20
2 17
7 24
1 15
13 29
2 20
2 3
0 15
3 5
17 26
14 26
8 21
20 21
11 18
7 9
10 17
17 23
1 7
15 17
8 14
25 28
7 11
1 21
19 23
3 20
3 21
14 20
3 17
8 28
2 7
2 12
11 19
7 21
7 29
14 18
0 28
11 14
12 26
10 23
3 24
5 12
11 17
15 18
1 18
20 22
15 23
0 5
20 24
10 25
14 15
5 11
12 21
11 15
3 22
15 21
14 22
14 21
2 18
2 11
10 24
18 21
11 22
3 11
14 25
13 23
8 26
5 7
12 24
10 13
11 26
11 27
0 3
5 23
20 26
3 14
2 15
9 19
6 29
11 21
5 19
5 15
8 15
7 23
13 16
7 15
5 26
9 12
2 21
9 21
7 10
7 12
7 14
7 22
22 26
21 26
17 28
1 2
2 22
1 14
11 24
0 11
11 29
16 29
3 9
6 19
11 12
3 15
2 26
18 29
18 23
5 8
3 7
17 29
12 20
6 10
5 9
12 14
