7 22
7 14
11 28
18 20
8 21
6 7
9 29
16 23
10 11
10 23
19 25
5 12
3 29
10 18
7 20
0 5
8 29
15 28
2 11
20 21
8 19
14 20
0 24
7 26
26 29
7 19
17 23
7 15
9 14
19 23
20 26
0 1
10 27
19 20
6 23
11 24
5 14
3 15
12 24
10 19
3 21
13 28
21 22
13 27
3 9
15 22
8 14
3 8
11 21
0 7
12 14
15 23
14 29
2 3
12 20
1 11
9 15
11 13
5 18
2 26
11 22
1 26
3 5
11 17
1 7
5 15
10 21
1 14
7 11
1 24
12 18
2 24
15 21
15 20
5 11
4 23
18 22
2 15
22 28
3 19
2 7
1 2
12 21
11 14
9 26
2 21
13 25
5 21
0 6
11 12
8 26
2 18
6 21
14 26
14 15
20 22
14 21
9 17
0 13
11 15
15 26
3 12
16 28
2 14
0 20
9 22
1 12
3 14
25 28
3 11
22 26
1 21
17 19
1 5
11 20
0 11
11 26
8 11
7 23
1 10
0 10
2 9
18 26
7 10
7 18
2 5
3 26
17 29
7 9
13 23
2 12
24 26
8 9
5 8
7 21
7 8
17 28
7 12
9 11
3 22
2 20
6 29
1 20
21 26
3 24
8 12
5 7
10 17
5 20
0 12
15 18
12 26
14 22
15 29
17 25
5 26
11 23
11 29
3 7
3 20
5 19
5 24
13 17
1 3
