6 15
16 27
5 21
0 20
8 18
23 26
20 23
5 10
8 21
12 20
2 23
1 2
1 3
7 26
9 12
0 7
2 21
18 23
2 11
6 17
5 22
11 29
11 21
3 20
24 29
19 20
7 13
0 17
7 29
10 19
11 24
5 26
7 14
14 21
3 23
12 15
17 22
7 12
1 5
5 12
7 21
3 26
3 22
21 22
20 26
7 10
2 22
7 18
9 26
13 25
21 24
3 21
0 11
8 9
1 8
3 18
1 12
8 24
27 28
1 14
8 26
7 15
3 5
2 14
6 28
10 20
14 18
19 22
7 11
5 14
14 20
13 28
2 15
11 18
5 11
2 26
9 10
10 11
11 19
0 3
9 20
12 26
9 18
11 14
3 17
2 7
12 29
5 20
11 15
14 15
7 8
6 25
1 21
12 14
15 22
2 20
15 29
15 17
13 16
19 26
1 7
1 10
12 25
14 24
0 2
2 5
8 20
3 12
14 26
3 11
18 21
12 21
7 19
10 12
11 20
22 23
11 26
11 22
7 9
0 5
4 17
13 24
19 23
0 26
8 22
9 11
18 26
9 15
3 15
11 12
17 19
25 28
1 11
11 23
7 20
10 26
7 23
5 9
21 26
5 15
3 24
10 15
1 15
11 17
8 11
9 14
5 7
1 26
20 22
24 28
15 21
6 13
8 14
0 23
2 19
2 3
5 17
1 29
3 7
3 14
13 29
0 29
21 28
28 29
