15 22
18 26
5 18
19 29
10 28
15 27
0 21
24 29
2 5
10 17
1 3
17 29
11 29
7 26
10 19
2 8
3 20
9 23
11 23
20 26
7 18
17 24
11 21
12 23
13 26
3 15
7 20
19 28
20 29
6 19
18 28
9 13
7 14
10 13
1 2
7 13
0 3
7 12
9 24
9 29
14 21
3 26
8 21
1 8
2 29
5 8
7 15
11 13
4 25
14 22
12 26
18 22
18 20
7 8
2 26
15 20
12 22
11 17
3 22
2 20
2 15
7 21
5 20
7 10
1 29
12 14
0 7
14 20
7 11
11 14
14 23
6 24
8 11
1 11
5 11
17 20
5 15
20 22
27 28
7 9
14 26
12 18
11 19
6 29
0 11
1 13
19 24
3 5
2 11
15 23
3 12
0 5
5 26
3 18
7 22
12 20
5 13
11 28
7 23
1 14
3 17
0 14
5 14
1 19
10 24
10 21
5 12
1 9
9 19
3 11
2 21
23 26
0 22
12 28
11 20
21 24
11 26
21 22
3 8
2 3
1 26
14 18
0 25
17 19
20 21
2 12
1 5
24 28
1 23
9 11
15 26
8 23
1 7
7 17
8 26
15 21
2 23
9 26
11 12
3 9
3 21
10 26
21 26
11 22
6 16
21 25
5 7
10 11
0 15
10 20
2 7
5 6
11 15
0 8
17 22
2 14
12 15
9 12
3 7
3 14
14 15
16 25
8 15
5 21
