20 21
1 26
8 21
17 20
10 26
10 11
7 8
2 5
6 10
24 28
2 23
10 17
2 8
7 26
1 13
9 19
21 26
12 29
11 23
20 26
22 29
4 16
11 21
5 14
11 22
3 15
7 20
1 12
3 19
3 9
1 10
12 28
14 26
2 15
1 7
15 23
7 29
5 20
8 12
12 15
18 28
1 3
9 24
7 18
5 18
20 24
7 15
11 13
1 23
26 29
12 14
5 23
9 11
1 5
21 28
15 20
8 10
0 16
1 8
5 22
7 23
7 21
22 26
24 29
14 15
14 21
7 9
12 18
7 11
11 14
0 17
7 24
15 22
1 11
5 11
0 10
3 13
9 18
10 14
10 19
2 9
11 17
17 19
9 13
13 20
5 21
25 27
8 15
2 11
9 12
3 22
19 29
5 26
20 28
22 23
3 12
3 26
5 8
8 14
3 23
1 21
17 26
0 24
14 20
2 21
3 14
0 6
7 14
5 12
3 11
2 20
25 26
6 19
12 21
11 20
7 13
11 26
3 20
7 22
2 14
18 26
20 23
6 17
6 25
20 22
2 26
5 15
5 9
0 27
11 18
15 26
8 26
7 12
11 19
21 24
15 21
2 12
0 19
11 12
11 29
3 5
13 23
2 3
8 11
2 19
14 24
7 28
3 17
1 15
0 25
2 7
0 11
11 15
17 18
5 7
9 14
1 14
18 29
3 7
21 22
10 15
22 28
3 21
0 29
