17 18
10 13
12 19
8 10
2 5
0 3
8 11
14 28
13 18
20 22
3 26
6 16
10 18
21 23
23 24
15 26
14 21
20 23
2 15
7 28
1 14
5 23
11 19
5 14
2 22
4 6
17 24
8 15
1 8
17 20
13 28
5 9
14 26
14 20
7 15
19 24
11 23
6 25
2 3
20 26
10 11
3 28
9 24
3 21
10 15
0 28
7 21
7 24
0 18
22 26
1 12
8 17
20 28
1 11
0 25
12 14
3 5
3 20
11 12
5 20
2 26
1 29
13 19
9 23
14 15
16 18
14 29
7 10
7 11
11 14
5 10
7 12
14 22
21 26
5 11
12 29
15 21
2 29
5 7
17 19
9 20
5 21
5 22
5 15
2 12
1 17
10 19
25 29
2 9
3 7
9 11
8 14
15 20
10 21
7 29
1 3
7 22
0 26
8 26
11 21
9 19
3 23
12 21
6 19
5 12
25 27
11 13
0 7
2 14
3 11
7 20
11 24
0 21
26 29
11 20
3 29
11 26
11 17
7 26
11 22
7 9
7 14
18 21
9 17
21 28
3 14
0 12
3 15
2 21
10 20
7 18
11 29
8 13
11 18
1 5
0 24
1 26
5 24
2 11
1 15
9 26
1 2
12 26
7 8
1 22
9 27
3 6
13 17
23 26
15 22
2 7
3 22
11 15
2 20
1 20
7 23
12 22
15 23
5 26
18 19
0 8
8 21
12 15
3 12
