3 11
11 13
12 15
1 15
2 21
6 25
8 21
11 24
5 23
13 24
21 22
9 14
12 28
1 2
0 19
11 19
2 17
13 17
1 22
2 15
0 5
10 14
10 12
22 29
3 10
2 9
5 15
8 23
0 1
3 26
2 11
8 20
23 24
9 12
7 15
2 26
9 11
20 29
1 21
6 22
3 22
11 14
2 13
3 5
9 21
15 17
11 21
8 15
0 14
20 21
14 22
0 22
7 23
24 25
15 26
26 28
3 20
17 26
11 12
1 8
16 25
12 26
5 26
5 10
1 3
1 26
13 15
20 28
7 11
14 20
3 9
7 12
9 26
3 8
5 11
10 11
15 20
2 5
5 7
10 26
7 19
19 24
7 18
8 10
1 7
3 14
23 26
7 29
5 21
3 7
17 18
2 12
0 7
0 26
24 29
11 18
10 15
2 7
4 27
10 23
18 21
13 27
2 3
6 16
10 20
11 28
5 12
19 25
6 19
6 24
9 17
18 22
14 26
21 29
11 20
3 19
11 26
3 21
7 26
12 20
7 20
7 14
12 21
7 9
0 21
3 15
11 29
13 29
18 20
1 5
9 19
11 22
22 24
7 28
0 9
8 26
7 8
14 15
3 23
23 28
1 11
19 22
14 21
1 18
0 11
2 14
5 20
14 18
2 20
8 14
20 26
7 21
11 15
11 17
15 23
5 28
5 8
12 17
7 17
5 29
18 29
12 14
1 23
3 12
