0 9
4 28
2 19
2 21
14 20
0 8
3 10
11 20
11 12
6 27
11 21
2 20
24 27
13 22
11 22
15 18
13 17
19 21
2 9
9 11
13 29
6 28
3 5
5 29
3 26
2 23
3 29
21 23
5 20
9 26
2 11
21 29
7 20
5 15
7 15
10 20
5 12
12 20
5 10
2 26
11 15
7 14
1 15
18 21
15 26
2 14
3 11
12 29
2 3
14 21
1 5
10 11
8 11
1 17
2 12
6 13
7 19
5 24
26 29
16 22
9 23
19 23
1 3
11 28
20 21
1 26
5 17
10 18
7 11
2 15
1 14
19 26
5 14
9 20
5 11
7 8
5 18
7 17
5 7
1 9
0 22
6 24
10 12
24 28
7 22
15 22
9 21
0 20
0 25
3 7
0 5
2 10
18 26
11 29
18 24
8 14
0 7
3 8
13 28
12 19
7 23
12 21
3 9
14 26
10 15
8 15
6 23
7 9
21 26
3 20
14 15
8 18
17 22
12 22
1 11
2 7
11 26
3 21
7 26
3 23
11 18
14 29
11 19
12 26
10 17
8 9
8 17
1 23
7 18
16 25
1 20
22 28
15 20
20 29
23 26
0 15
11 13
1 2
19 25
3 12
11 23
8 26
15 21
3 14
3 19
20 26
11 14
1 7
12 15
5 26
12 14
7 21
1 10
5 22
14 22
0 11
7 12
8 21
17 24
7 24
13 24
3 17
0 14
25 28
