3 29
18 27
8 12
12 17
12 21
7 11
0 10
15 19
0 16
7 21
10 11
16 44
5 13
16 42
16 29
6 36
2 15
9 36
2 8
21 26
20 34
6 17
15 44
7 27
16 27
13 21
3 6
7 12
7 17
8 26
27 38
20 24
6 10
3 7
4 15
26 44
8 10
20 29
26 42
6 42
7 36
20 21
17 24
2 10
18 32
10 19
9 13
8 44
10 15
24 36
4 44
12 44
24 35
0 34
27 42
7 20
11 30
25 43
6 29
9 21
9 30
10 12
1 43
32 35
4 10
7 44
23 38
12 43
7 10
36 43
9 15
4 7
6 26
21 34
2 44
10 21
4 8
7 16
19 24
6 15
3 16
30 44
15 42
0 9
11 42
0 13
9 20
30 36
16 30
19 36
30 34
9 11
0 36
1 35
21 36
2 19
7 15
11 34
2 18
2 36
17 19
25 31
7 29
0 17
7 13
19 44
7 30
0 27
0 25
16 20
0 21
9 12
13 16
10 26
6 8
18 36
10 16
17 44
17 36
15 17
4 37
18 24
7 25
13 44
9 42
36 42
12 16
1 40
7 43
20 44
21 27
16 21
17 30
9 19
12 29
27 39
6 9
0 7
0 26
7 8
15 24
2 7
7 9
13 25
6 19
7 26
0 20
4 26
17 21
18 29
9 10
10 17
27 36
10 34
3 10
10 30
13 34
7 42
15 16
29 36
27 30
15 36
11 21
20 42
42 44
0 44
20 30
0 30
13 27
2 26
4 42
9 26
11 43
12 36
10 42
4 12
6 7
12 27
8 16
4 16
0 19
21 42
18 19
2 43
8 29
7 19
10 43
6 16
16 34
26 30
3 26
19 27
21 44
15 30
19 21
12 42
0 6
13 20
15 20
9 16
11 26
12 19
11 25
10 44
21 30
9 27
11 16
2 24
34 44
10 29
16 26
0 42
10 36
10 20
30 42
10 27
