6 42
24 26
1 3
2 13
27 29
27 42
0 10
0 30
3 8
7 21
0 44
0 36
6 9
12 16
19 21
21 30
3 11
21 29
7 17
36 42
0 20
3 19
0 21
6 21
13 26
21 27
29 42
7 19
4 26
16 42
0 26
19 35
12 15
3 34
2 42
11 12
26 30
12 21
16 23
24 30
7 36
10 29
7 29
21 42
0 4
10 19
11 16
8 10
15 30
35 42
7 18
9 29
10 43
12 30
13 30
18 34
7 9
5 11
9 16
10 17
8 21
0 17
15 44
2 10
0 12
7 44
27 30
17 20
7 10
9 20
12 19
4 24
10 13
19 44
1 11
10 21
6 27
7 16
10 11
19 43
0 27
6 10
16 30
16 27
12 20
6 44
9 30
24 43
21 44
7 13
7 43
20 42
12 36
30 38
20 21
8 18
25 27
12 26
0 15
2 36
8 44
6 15
17 30
16 24
24 44
12 24
7 30
10 18
10 25
9 36
4 7
7 8
9 44
10 26
2 12
7 20
10 16
36 44
15 32
17 18
9 42
4 31
10 12
4 43
0 6
15 36
16 36
15 16
30 44
25 36
9 17
4 11
6 17
27 36
18 43
19 36
9 26
0 7
26 44
15 27
16 44
0 42
19 27
8 43
6 19
7 26
7 11
8 36
4 16
6 7
9 10
9 21
34 36
19 42
6 20
10 30
20 29
7 15
15 21
15 17
35 43
9 11
3 25
16 26
42 44
16 29
4 13
29 44
26 36
10 27
15 42
2 7
21 36
21 26
10 42
4 44
16 21
1 37
13 34
13 24
6 16
10 20
7 42
16 20
7 12
0 38
7 34
15 26
2 8
12 44
2 6
30 42
17 39
11 29
8 34
16 19
13 36
2 19
17 34
11 34
7 27
19 20
0 16
10 44
13 18
25 40
13 25
2 32
9 15
20 26
0 9
2 17
10 36
10 34
20 27
9 27
