4 24
6 18
24 34
13 43
19 43
16 34
0 10
16 20
4 9
18 24
10 12
18 30
11 15
19 42
0 21
12 36
11 13
0 42
4 21
17 30
9 10
11 24
10 35
7 13
9 17
4 8
3 24
7 19
6 29
16 42
6 9
10 13
4 7
11 44
7 26
6 36
2 12
6 21
10 21
12 17
7 36
1 13
9 42
8 44
27 42
10 19
37 43
16 17
9 29
11 19
17 21
6 27
7 35
3 34
2 17
10 26
7 9
13 18
15 20
9 44
12 19
12 27
16 29
0 29
0 9
7 44
7 27
12 42
7 10
21 44
21 29
13 25
8 36
15 42
16 27
10 36
2 36
9 16
24 31
20 44
0 6
21 27
21 25
9 19
2 26
20 21
8 23
4 10
17 44
7 21
9 15
9 21
8 10
10 17
4 40
15 44
2 7
15 27
0 36
26 36
19 27
7 15
24 32
1 25
11 27
27 29
10 11
7 43
19 26
7 34
17 26
3 26
12 20
26 30
2 16
8 27
10 16
16 30
11 26
7 20
16 43
12 16
30 36
2 44
17 20
25 39
16 36
16 26
15 30
20 27
21 36
16 18
12 43
0 34
2 19
26 44
10 42
0 7
0 27
6 10
12 30
1 34
42 44
6 34
9 20
7 12
6 7
21 42
15 29
21 30
10 27
27 36
26 42
0 44
25 43
2 13
3 44
15 16
10 29
5 34
0 8
9 26
0 30
19 30
21 26
10 15
36 42
9 30
17 36
10 20
30 42
30 44
12 15
8 18
15 26
16 44
6 16
2 42
7 11
20 36
7 30
12 13
7 42
0 20
7 17
4 6
0 12
6 20
4 19
6 42
0 15
0 19
10 30
4 13
8 11
2 10
24 42
20 30
7 29
16 21
18 29
10 43
0 16
10 44
36 44
3 35
7 16
15 36
13 19
11 21
9 34
19 25
3 36
32 38
38 44
7 8
