20 26
10 26
9 17
3 15
19 42
15 17
11 13
7 11
8 20
0 26
19 21
6 10
7 15
5 11
0 10
19 20
9 12
0 9
13 44
4 42
20 44
29 36
18 26
16 20
10 20
12 24
6 16
9 44
21 27
0 36
6 34
20 42
16 30
16 29
10 19
8 10
11 30
6 13
9 20
7 43
7 36
2 16
36 42
36 43
27 36
10 21
8 21
11 34
21 44
26 30
9 30
30 42
8 44
7 24
6 26
2 21
29 30
25 43
8 35
21 42
6 21
10 36
15 44
11 15
0 12
7 44
4 7
34 36
7 10
25 34
17 34
30 36
18 40
9 16
0 20
3 19
7 12
4 17
3 21
0 7
8 30
2 7
10 18
26 36
12 16
10 30
19 44
4 21
13 15
21 29
42 44
7 9
13 19
6 42
8 16
4 10
4 16
11 36
1 20
7 20
18 31
3 24
13 24
27 44
12 26
7 26
12 19
9 19
15 27
2 15
21 30
6 9
0 43
3 12
12 44
2 10
10 16
21 26
27 42
10 15
13 17
29 34
6 7
4 8
16 26
7 29
13 23
9 21
2 27
1 32
2 19
1 17
0 19
10 44
10 29
35 38
10 42
0 6
0 24
16 36
12 18
7 21
2 6
20 32
36 44
25 29
17 25
10 12
9 36
24 43
15 21
6 36
12 15
4 15
20 36
16 19
34 35
20 27
16 21
13 27
12 27
4 27
25 37
8 42
17 43
4 9
10 11
15 16
2 18
38 39
9 27
16 17
9 26
13 25
7 19
0 44
19 30
10 43
7 30
0 16
3 7
11 27
12 17
30 44
6 15
0 34
15 36
7 18
7 27
17 24
10 27
2 11
16 27
19 26
7 8
11 29
16 44
7 34
0 30
26 42
26 44
7 42
10 13
0 42
10 17
24 42
7 16
9 10
6 44
12 30
0 21
30 43
2 36
0 29
16 42
9 42
