13 21
10 26
9 35
8 16
11 43
2 26
1 6
7 24
19 29
16 36
3 34
2 10
7 15
10 43
0 10
12 27
6 9
0 9
12 19
6 42
3 18
17 36
13 19
18 29
16 17
3 13
6 16
30 44
0 21
19 24
2 34
7 8
9 15
10 34
10 19
15 27
12 15
11 30
11 36
8 43
7 36
26 29
36 42
17 27
30 42
10 21
7 34
6 20
17 30
15 44
11 20
0 42
19 26
7 11
13 23
10 18
0 19
19 36
19 27
11 34
30 36
10 36
15 36
15 21
4 16
7 44
6 10
9 36
7 10
24 25
6 26
6 29
2 30
9 16
21 26
2 27
7 13
10 11
17 44
0 7
11 13
26 42
4 7
21 36
25 29
10 30
0 44
9 44
15 30
12 34
16 44
7 9
16 30
26 36
13 16
18 35
4 8
15 42
20 44
2 16
3 25
31 35
30 43
0 24
6 21
7 26
16 20
2 4
16 34
2 7
12 30
9 30
4 19
12 16
8 10
10 17
10 16
20 30
4 12
10 15
15 16
1 40
6 7
9 17
16 26
7 29
8 15
9 21
0 4
18 26
9 20
9 12
21 42
10 44
19 42
0 30
10 42
3 4
3 39
13 17
12 44
7 21
11 27
13 44
21 44
2 12
8 18
10 12
0 6
9 11
21 27
0 12
12 43
21 30
5 38
0 43
11 42
10 29
16 21
2 24
0 36
12 13
27 32
18 38
17 21
8 26
4 10
19 34
13 36
0 20
1 25
2 25
6 27
20 42
7 19
7 32
10 24
8 21
7 30
0 16
4 24
29 36
7 20
19 44
8 42
6 25
27 44
42 44
7 27
34 42
15 43
20 29
16 27
36 44
9 29
26 27
26 44
7 17
17 26
24 43
0 15
7 42
10 20
0 37
20 21
17 42
7 16
9 10
7 12
19 21
6 44
27 36
15 20
20 36
16 42
9 27
