1 26
19 31
9 44
19 27
21 42
12 21
16 36
2 36
10 43
10 19
3 13
3 11
24 44
0 21
20 26
7 26
10 27
10 13
21 27
6 10
16 27
27 34
29 44
12 20
4 6
11 30
5 43
7 9
8 29
0 27
16 24
29 43
8 10
12 15
11 27
6 19
6 20
9 26
2 7
12 27
15 25
16 26
2 16
0 8
16 21
9 21
10 21
0 10
19 21
6 12
18 24
9 30
0 12
8 44
42 44
7 34
18 39
0 30
7 8
7 13
12 16
20 36
1 32
17 29
13 26
7 44
12 44
8 30
7 10
17 43
7 35
2 15
9 17
19 20
20 21
9 12
19 42
17 44
0 9
24 36
0 16
2 19
7 20
16 20
10 42
20 24
16 34
2 11
10 17
2 44
27 36
30 44
18 43
30 42
6 44
13 27
11 21
0 26
3 18
35 40
1 18
19 26
4 7
6 42
10 12
4 10
10 15
3 21
4 36
7 27
17 27
10 20
6 21
24 26
2 3
4 12
10 16
6 26
18 26
9 36
0 42
11 34
13 21
0 36
6 7
9 20
10 29
13 36
4 15
19 24
7 29
6 27
15 17
7 19
23 37
7 36
16 42
9 42
7 30
2 10
26 42
12 19
16 30
10 44
17 34
17 30
0 20
2 9
7 17
9 15
15 42
4 27
0 19
2 42
4 17
29 30
29 36
10 30
11 13
6 9
24 29
21 29
4 34
30 36
21 36
10 36
16 44
16 19
10 34
3 10
25 30
9 16
15 36
11 25
7 15
30 43
13 16
0 15
17 36
36 44
21 26
0 44
27 38
0 6
15 16
8 42
13 25
11 38
10 26
18 34
36 42
43 44
9 10
8 9
19 32
11 42
30 34
0 11
7 43
20 44
4 35
6 16
8 15
7 21
8 21
7 25
7 16
15 44
0 7
20 42
16 25
12 26
12 13
7 12
7 42
15 30
