15 19
24 30
30 42
13 27
12 36
23 40
16 36
0 26
15 17
30 36
16 27
15 36
7 20
17 26
20 26
16 34
10 44
8 10
0 30
0 15
2 44
6 16
19 29
13 26
34 43
21 26
42 44
7 9
4 16
4 12
3 32
6 30
21 44
8 26
12 42
12 30
7 29
12 21
7 34
21 30
3 43
13 42
0 27
27 42
2 17
17 36
10 21
9 36
6 19
20 21
6 26
0 42
11 16
10 13
10 20
7 13
20 27
8 27
7 24
9 30
0 9
6 18
3 25
18 19
8 25
7 44
17 44
3 35
7 10
20 38
8 42
8 20
8 39
2 8
12 19
1 31
2 36
12 20
6 9
11 43
5 29
7 30
0 44
4 7
10 27
7 12
0 19
7 18
8 34
6 10
6 36
36 44
27 30
4 30
7 11
21 43
26 27
16 26
10 19
16 19
13 44
10 12
18 34
9 12
9 42
13 19
10 15
1 35
11 36
7 19
16 20
10 24
0 21
0 6
13 24
11 35
10 16
7 26
27 43
12 34
27 34
21 36
13 17
9 20
6 7
4 36
4 10
30 44
15 21
18 37
7 27
24 44
26 36
9 34
2 29
7 36
25 42
25 34
3 27
10 30
12 15
0 16
15 18
10 42
6 20
29 44
15 29
9 24
17 21
1 19
7 43
16 42
17 29
6 42
0 20
29 36
19 24
12 27
0 18
15 42
10 17
9 17
4 15
10 29
16 21
10 36
16 44
9 26
9 19
12 16
6 24
19 44
0 11
13 16
7 15
27 44
7 17
20 30
12 44
3 26
8 21
0 13
0 36
0 10
19 21
9 44
6 11
25 38
10 26
20 44
4 11
15 43
9 10
4 21
9 16
2 30
11 26
10 43
2 42
21 42
25 32
2 15
15 16
7 21
2 10
2 16
7 16
10 11
0 7
9 21
36 42
2 7
4 29
16 17
7 42
11 30
