6 8
0 9
29 42
19 42
10 25
6 9
0 2
4 18
12 27
7 21
7 19
12 44
7 34
19 30
7 18
10 11
29 34
3 34
8 16
12 36
11 24
24 29
16 42
11 25
10 13
9 44
15 44
7 36
1 3
24 36
12 19
2 20
0 17
24 42
11 44
13 32
11 30
1 8
11 18
9 27
10 36
4 20
2 10
10 42
7 20
4 44
19 21
16 25
15 36
8 21
6 16
3 17
16 43
10 24
10 29
30 34
6 21
11 37
0 20
6 26
9 12
4 30
18 19
13 43
7 17
7 44
42 43
30 36
7 10
23 34
19 31
11 13
21 34
18 30
9 16
10 21
36 42
7 16
7 9
21 42
19 44
0 21
15 26
20 42
12 26
3 29
27 42
21 27
15 35
12 16
16 27
2 44
7 15
6 15
17 38
6 10
2 11
0 42
8 29
10 20
18 21
19 36
9 11
10 12
2 9
7 12
7 30
0 12
13 15
13 26
16 21
4 10
6 30
7 43
13 19
0 10
10 16
36 43
10 15
0 44
4 27
20 21
4 17
2 16
29 36
15 20
16 19
0 43
4 7
10 17
7 26
25 39
13 34
16 30
15 42
24 38
42 44
0 7
9 30
25 40
16 20
12 42
9 10
9 21
10 19
8 10
9 20
0 36
15 16
2 4
26 36
21 36
3 32
1 18
15 19
10 30
7 29
7 42
17 36
11 15
8 13
26 44
20 44
9 29
12 15
36 44
3 35
6 36
27 30
0 24
26 27
27 44
7 13
2 7
24 43
17 27
12 21
20 27
0 13
2 30
0 4
17 35
17 21
9 42
8 26
0 19
9 26
26 42
16 36
7 27
12 30
10 43
6 44
7 25
10 27
0 16
30 44
6 7
8 34
19 27
20 26
9 36
16 17
10 44
16 44
6 20
6 12
7 8
16 26
6 27
21 30
2 15
5 34
21 26
17 29
0 26
