0 27
0 6
27 44
21 25
4 47
7 34
0 44
0 32
0 34
3 14
17 29
23 32
0 4
32 42
17 22
29 34
12 34
34 39
16 48
44 47
9 39
34 36
6 39
4 27
3 40
14 27
5 10
29 40
32 37
16 20
8 23
2 40
10 19
4 44
6 12
5 32
7 21
4 6
2 34
12 47
14 36
29 45
12 31
22 46
6 36
6 32
32 36
21 37
6 21
44 49
0 39
32 33
12 44
8 11
8 32
21 47
32 46
10 32
17 47
11 32
28 32
27 46
37 49
27 45
21 49
12 32
4 22
31 51
4 49
2 21
12 27
14 32
32 39
7 44
6 51
16 32
6 14
14 39
17 32
30 35
0 2
4 12
7 46
34 41
44 45
0 41
3 34
14 29
11 48
21 32
32 38
6 17
0 29
0 47
26 32
32 40
25 32
37 46
22 38
21 28
39 51
17 19
27 32
31 44
27 36
3 44
1 33
2 4
4 40
27 29
3 32
29 32
22 40
18 25
31 32
50 51
13 26
32 47
32 48
0 37
32 51
35 49
32 41
34 40
32 45
32 44
32 34
15 32
5 6
1 32
0 14
19 27
19 51
34 44
32 50
19 32
6 47
0 7
7 27
13 32
20 32
7 41
