0 27
0 6
14 44
8 48
19 37
14 34
0 44
0 32
0 34
34 37
29 47
23 32
0 4
32 42
3 4
3 44
5 6
14 40
10 21
4 14
44 49
2 34
29 44
40 47
32 40
47 51
20 22
7 27
12 19
30 38
23 48
17 29
2 27
4 36
17 44
5 32
21 40
7 44
44 46
14 29
6 12
12 34
0 47
19 47
6 31
6 32
0 49
21 22
4 44
2 4
40 51
32 33
12 44
1 21
8 32
21 29
19 32
10 32
12 27
11 32
21 37
17 41
32 46
3 37
34 46
12 32
5 16
4 6
32 49
3 39
27 34
14 32
17 49
32 39
6 27
16 32
14 27
7 37
17 32
11 16
50 51
0 29
40 44
7 34
0 45
27 51
13 36
4 12
8 18
21 32
32 38
27 45
0 3
31 39
26 32
6 41
25 32
4 40
22 51
10 11
0 7
19 22
27 32
6 45
34 36
6 46
33 50
17 36
34 39
4 27
2 32
29 32
2 25
25 35
31 32
26 28
32 35
32 47
32 48
7 22
32 51
7 49
32 41
9 39
32 45
32 44
32 34
15 32
6 21
1 32
0 14
6 29
32 36
27 39
28 32
21 46
12 31
0 39
34 47
13 32
20 32
41 47
