0 27
0 6
27 34
9 20
29 34
6 36
0 44
0 32
0 34
2 7
3 4
17 44
0 4
34 44
22 27
37 51
27 47
3 27
0 12
14 44
6 40
4 44
1 16
13 21
36 50
11 48
6 14
40 41
0 39
17 33
25 46
0 14
0 19
28 32
14 47
5 32
21 34
4 12
3 32
29 31
27 45
12 44
14 51
30 32
12 47
6 32
14 39
40 44
6 47
1 32
6 12
22 32
7 27
26 35
8 32
19 21
4 27
10 32
3 46
11 32
23 32
4 36
12 22
12 34
21 46
12 32
3 44
32 40
7 49
7 51
32 37
14 32
4 39
32 39
4 6
16 32
8 25
19 32
17 32
8 21
29 49
10 11
14 34
6 31
7 34
22 23
32 38
17 29
27 40
21 32
4 19
6 51
0 31
45 47
5 38
21 39
25 32
32 33
2 36
2 32
4 47
44 45
27 32
16 42
21 29
5 10
6 19
17 41
6 48
40 49
2 49
29 32
15 39
7 37
31 32
0 7
32 35
32 47
32 48
27 36
32 51
39 47
32 41
34 46
32 45
32 44
32 34
18 32
13 28
32 50
0 29
27 46
17 37
29 44
0 2
34 40
21 22
34 41
49 51
26 32
20 32
37 44
