0 27
0 6
27 34
32 36
4 34
19 44
0 44
0 32
0 34
7 22
3 4
23 46
0 4
3 34
6 19
20 35
27 47
44 45
0 12
47 51
40 44
4 44
21 35
10 13
29 37
5 11
14 44
40 41
0 39
26 51
3 51
0 14
22 37
28 32
12 29
5 32
14 27
4 12
44 49
29 31
0 31
12 27
14 34
30 32
12 17
6 32
21 22
27 40
6 46
1 32
6 34
6 48
6 47
1 16
8 32
2 16
29 47
10 32
3 44
11 32
23 32
4 36
25 48
6 12
21 46
12 32
7 21
0 49
32 40
7 51
32 37
14 32
14 39
32 39
4 27
16 32
6 22
17 36
17 32
10 21
4 39
8 11
21 47
31 34
15 40
0 46
32 38
29 40
27 39
21 32
7 19
27 51
3 27
34 45
40 46
39 44
25 32
32 33
21 36
2 32
4 47
6 45
27 32
8 42
29 34
5 25
2 19
17 41
6 21
19 32
32 49
29 32
34 39
7 37
31 32
0 7
13 32
32 47
32 48
36 49
32 51
0 47
32 41
17 44
32 45
32 44
32 34
18 32
28 50
32 50
6 14
2 27
17 37
29 44
2 12
7 34
9 33
14 41
4 49
26 32
20 32
22 38
