0 27
0 6
27 29
6 49
6 29
6 37
0 44
0 32
0 34
2 44
19 32
2 32
0 4
4 36
21 29
32 33
4 27
4 40
36 40
39 44
14 51
12 44
1 35
32 36
41 47
5 42
34 47
6 31
0 7
3 51
30 40
4 14
14 39
28 32
0 29
5 32
14 47
7 12
37 44
34 48
0 31
41 44
0 14
7 34
12 19
6 32
21 37
19 39
14 45
32 35
29 34
21 44
6 17
16 48
8 32
1 32
34 40
10 32
21 38
11 32
23 32
2 46
29 49
13 23
38 46
12 32
44 49
3 40
32 39
7 51
27 40
14 32
12 27
7 21
7 27
16 32
34 39
2 17
17 32
11 21
7 32
8 10
12 47
34 46
9 28
3 27
36 49
14 44
22 27
21 32
25 26
37 39
4 44
17 27
6 47
31 34
25 32
20 32
40 45
0 22
17 29
41 51
27 32
15 32
6 34
8 25
4 22
44 47
27 34
32 37
16 33
29 32
2 6
22 32
31 32
0 39
13 32
32 47
32 48
0 36
32 51
0 12
32 41
46 51
32 45
32 44
32 34
18 32
5 11
32 50
4 6
21 22
3 49
4 47
19 20
3 10
4 46
19 21
6 12
26 32
17 50
27 45
