0 27
0 6
7 47
7 46
6 41
22 39
0 44
0 32
0 34
3 21
2 32
32 36
0 4
4 36
29 37
32 33
4 27
40 44
17 27
7 51
29 51
12 27
21 35
2 40
41 47
31 40
34 47
6 31
0 7
17 36
8 30
4 14
12 45
28 32
12 29
5 32
0 47
6 12
44 49
2 34
0 45
29 44
0 14
3 7
19 27
6 32
19 22
21 39
14 34
32 35
12 34
44 51
6 45
8 44
8 32
32 38
34 40
10 32
33 38
11 32
23 32
6 46
20 49
13 28
36 49
12 32
48 49
37 44
4 39
3 44
6 40
14 32
29 39
7 15
32 40
16 32
27 39
11 16
17 32
5 48
7 32
5 21
6 22
23 37
1 17
4 19
27 36
6 14
22 37
21 32
25 26
32 46
4 44
17 19
14 29
27 31
25 32
20 32
27 40
10 11
17 29
41 51
27 32
32 42
27 34
10 25
14 21
44 47
6 34
3 32
1 16
29 32
0 2
32 49
31 32
0 39
13 32
32 47
32 48
14 44
32 51
0 12
32 41
3 51
32 45
32 44
32 34
18 32
12 22
32 50
4 34
2 21
21 46
4 47
0 19
34 37
4 46
21 34
27 47
26 32
9 50
6 39
