0 27
0 6
7 32
4 19
6 40
6 47
0 44
0 32
0 34
44 47
47 51
23 32
0 4
32 42
22 36
3 13
6 14
2 44
11 21
4 14
3 21
19 32
29 44
3 7
40 44
27 37
22 27
27 29
32 46
30 38
5 48
14 17
14 19
3 49
12 34
5 32
29 40
7 21
2 32
14 47
6 31
34 39
0 47
34 47
37 44
6 32
22 28
0 19
4 44
2 4
17 40
32 33
12 44
1 21
8 32
12 21
2 7
10 32
12 27
11 32
34 37
17 34
27 46
10 48
6 46
12 32
8 16
4 6
32 49
22 32
27 34
14 32
6 39
32 39
6 27
16 32
8 37
21 22
17 32
16 18
50 51
0 12
37 39
6 45
0 41
44 51
46 49
4 29
11 35
21 32
32 38
27 45
40 47
4 39
26 32
40 41
25 32
17 31
12 41
5 20
0 7
36 44
27 32
6 25
34 40
27 49
32 50
17 49
44 45
4 27
0 36
29 32
3 4
10 25
31 32
23 26
32 35
32 47
32 48
21 46
32 51
7 34
32 41
7 9
32 45
32 44
32 34
15 32
21 34
1 32
0 14
29 34
36 51
36 39
28 32
19 51
12 31
0 39
14 29
13 33
20 32
2 29
