0 27
0 6
5 25
36 40
4 6
17 36
0 44
0 32
0 34
14 34
41 47
4 46
0 4
39 44
14 47
32 33
4 27
12 34
0 47
40 44
13 42
4 40
15 40
32 49
6 7
7 32
3 44
4 44
14 40
3 7
30 32
17 29
25 44
20 32
29 39
5 32
27 47
6 46
19 32
6 14
29 44
2 44
0 39
17 27
22 47
6 32
34 45
40 51
7 34
5 11
2 6
21 35
0 37
16 48
8 32
10 38
14 27
10 32
13 32
11 32
32 35
2 40
34 41
14 51
6 37
12 32
12 27
7 27
27 29
4 29
38 50
14 32
0 14
9 32
23 28
16 32
6 39
8 10
17 32
19 34
6 31
11 21
22 32
27 46
28 32
3 21
21 37
32 37
3 22
21 32
19 26
2 21
12 49
27 41
21 44
4 36
25 32
32 50
3 34
17 45
7 21
12 29
27 32
0 7
34 49
19 51
27 44
4 49
22 46
32 36
1 32
29 32
39 45
19 49
31 32
2 48
23 32
32 47
32 48
21 29
32 51
0 12
32 41
20 51
32 45
32 44
32 34
16 18
0 31
22 33
6 34
6 12
37 39
4 47
34 51
17 46
32 39
12 31
44 47
26 32
1 8
0 36
