0 27
0 6
8 48
12 44
4 6
40 49
0 44
0 32
0 34
2 36
4 47
21 36
0 4
3 40
39 46
32 33
4 27
6 34
0 29
22 44
32 38
4 7
0 40
32 49
7 47
6 7
3 21
29 44
6 31
17 49
30 32
17 29
27 44
20 32
27 47
5 32
14 39
3 38
2 32
6 14
14 46
19 34
0 39
17 44
2 51
6 32
34 45
17 40
7 34
8 25
34 41
1 28
27 51
5 10
8 32
13 21
29 34
10 32
13 32
11 32
32 35
40 44
39 41
21 47
3 47
12 32
14 34
7 32
27 29
4 14
23 33
14 32
0 14
9 32
23 32
16 32
39 44
10 11
17 32
25 27
12 29
11 21
19 32
37 44
28 32
4 22
6 36
19 37
22 34
21 32
0 22
26 36
12 34
27 46
27 36
7 37
25 32
42 50
4 34
45 51
21 40
12 47
27 32
7 15
27 40
2 4
6 39
4 49
21 49
3 32
1 5
29 32
6 45
17 46
31 32
19 48
32 50
32 47
32 48
12 41
32 51
0 12
32 41
20 51
32 45
32 44
32 34
16 18
0 31
32 37
21 44
12 27
2 6
14 51
19 44
22 46
32 39
6 29
31 47
26 32
16 35
0 37
