0 27
0 6
11 33
4 44
7 27
17 41
0 44
0 32
0 34
19 22
4 14
32 46
0 4
40 41
21 22
21 23
4 27
36 44
0 29
22 34
32 38
6 25
7 47
14 17
0 7
7 49
0 49
29 44
27 31
13 37
16 30
2 29
34 47
20 32
27 40
5 32
29 34
19 38
32 49
44 51
29 47
4 19
0 39
6 44
14 44
6 32
34 45
15 40
3 34
8 10
27 41
1 51
12 44
21 48
8 32
13 32
34 40
10 32
1 32
11 32
32 35
6 40
22 32
21 47
44 47
12 32
14 39
7 32
2 27
4 12
33 35
14 32
0 14
9 50
23 32
16 32
7 44
10 16
17 32
6 17
12 37
8 11
6 37
34 37
28 32
4 22
21 39
21 37
21 36
21 32
6 19
2 5
27 49
36 51
4 6
17 40
25 32
32 42
12 34
14 45
6 29
12 47
27 32
39 46
6 39
44 46
4 39
3 4
2 46
2 7
17 36
29 32
27 29
3 40
31 32
19 32
32 50
32 47
32 48
49 51
32 51
0 12
32 41
20 28
32 45
32 44
32 34
18 32
0 31
3 32
21 34
3 36
6 12
14 51
27 34
26 48
32 39
27 45
31 47
26 32
5 25
0 46
