0 27
0 6
10 16
4 34
4 39
17 47
0 44
0 32
0 34
46 51
12 34
27 49
0 4
36 49
22 27
21 23
0 19
32 39
0 14
39 41
32 33
34 36
6 27
4 29
0 39
40 44
13 35
6 47
6 37
32 46
16 33
7 17
22 51
20 50
12 14
5 32
25 36
4 37
32 36
6 51
7 44
34 40
21 47
22 44
6 44
6 32
0 47
21 40
22 34
5 11
27 41
8 25
19 38
21 48
8 32
13 32
44 45
10 32
32 50
11 32
32 35
6 12
29 34
14 31
4 44
12 32
6 41
7 19
2 4
29 51
1 32
14 32
17 26
18 28
32 38
16 32
7 12
11 44
17 32
39 42
17 49
8 48
3 34
2 21
23 32
3 22
5 9
6 21
21 37
21 32
46 47
36 39
4 49
28 37
4 6
0 7
25 32
30 32
27 29
29 45
6 14
14 29
27 32
37 40
7 27
44 47
17 27
3 32
14 44
7 34
2 27
29 32
12 40
4 14
31 32
3 40
20 32
32 47
32 48
27 31
32 51
0 29
32 41
3 46
32 45
32 44
32 34
15 32
0 31
19 21
12 44
19 32
12 27
2 34
34 39
45 51
32 40
0 46
2 47
26 32
1 10
32 49
