0 27
0 6
7 36
4 34
21 40
34 37
0 44
0 32
0 34
39 51
14 17
27 51
0 4
6 31
14 34
1 17
36 44
2 7
0 14
13 23
32 33
6 40
27 34
4 12
34 41
17 34
21 29
20 22
6 41
2 21
6 21
27 46
37 48
10 28
29 47
5 32
5 21
34 47
34 46
45 51
22 27
18 25
27 47
14 29
0 39
6 32
12 44
4 7
0 47
28 32
4 6
3 21
19 51
6 11
8 32
26 32
29 40
10 32
32 50
11 32
19 46
31 47
22 44
6 7
4 44
12 32
0 45
7 9
3 27
14 27
13 32
14 32
4 49
3 17
20 50
16 32
2 32
12 19
17 32
22 35
36 51
11 16
6 19
44 49
32 38
21 36
16 26
44 45
7 27
21 32
0 40
6 14
36 46
37 39
8 25
32 39
25 32
10 48
4 47
40 44
27 29
39 44
27 32
32 40
40 49
29 34
27 39
1 32
29 44
32 37
0 3
29 32
12 17
0 19
31 32
2 4
32 35
32 47
32 48
7 41
32 51
0 12
32 41
5 8
32 45
32 44
32 34
32 42
14 31
32 46
3 32
4 37
6 47
12 49
12 39
2 22
15 32
21 38
34 44
23 32
30 33
32 49
