0 27
0 6
21 40
4 34
17 39
17 46
0 44
0 32
0 34
34 51
12 14
6 51
0 4
7 27
14 44
17 38
40 44
44 46
0 14
13 16
20 32
16 44
6 34
4 14
29 41
37 40
7 36
37 44
34 49
2 34
3 6
22 46
14 27
8 10
7 41
5 32
5 21
32 40
32 36
12 27
27 31
5 18
47 51
39 47
0 39
6 32
44 45
19 34
0 29
28 32
4 6
11 19
29 44
6 27
8 32
26 32
29 40
10 32
32 50
11 32
3 22
2 37
21 22
2 29
3 13
12 32
14 17
7 34
4 27
27 37
32 33
14 32
21 49
4 46
33 50
16 32
7 9
12 34
17 32
22 35
46 51
11 20
2 4
7 44
32 38
12 44
10 48
29 34
6 47
21 32
0 40
6 39
27 36
19 32
6 45
32 39
25 32
25 48
4 47
6 49
21 27
19 39
27 32
44 47
12 47
34 40
6 31
1 32
27 29
32 37
0 36
29 32
17 45
22 51
31 32
3 4
32 35
32 47
32 48
12 41
32 51
0 12
32 41
23 28
32 45
32 44
32 34
32 42
0 31
32 49
3 32
4 7
21 47
0 49
19 21
2 14
15 32
1 21
8 25
23 32
26 30
36 39
