0 27
0 6
19 51
27 40
2 3
7 44
0 44
0 32
0 34
14 27
14 34
27 37
0 4
20 22
6 29
17 36
8 21
39 42
0 12
3 34
38 49
0 2
2 47
17 31
6 27
0 47
2 4
37 44
0 3
14 51
22 32
6 12
13 21
32 46
17 29
5 32
36 44
32 33
39 47
32 39
17 27
1 32
14 44
19 37
18 32
6 32
21 46
29 31
4 12
4 36
7 34
1 35
7 27
44 45
8 32
28 33
39 44
10 32
7 37
11 32
34 49
21 40
5 10
12 47
13 32
12 32
23 32
22 40
6 25
4 6
46 51
14 32
34 41
21 44
25 48
16 32
10 11
4 19
17 32
6 31
12 34
27 39
27 45
19 34
35 51
6 46
26 32
4 27
2 49
21 32
21 36
39 49
20 32
4 40
45 47
0 29
25 32
12 40
14 29
0 39
26 48
8 23
27 32
6 44
16 22
21 37
7 32
0 40
21 47
34 51
7 22
29 32
27 47
29 44
31 32
4 14
17 40
32 47
32 48
5 9
32 51
6 14
32 41
32 38
32 45
32 44
32 34
32 49
0 41
4 34
28 32
7 41
3 32
12 44
32 36
30 32
11 16
15 50
6 19
32 50
3 29
34 46
