0 27
0 6
21 46
4 44
27 37
12 49
0 44
0 32
0 34
14 27
34 46
36 40
0 4
20 23
39 51
22 40
8 16
32 40
31 47
6 29
13 32
0 39
27 47
19 35
2 21
7 34
41 44
7 21
6 14
0 12
34 51
12 34
10 16
32 46
7 14
5 32
17 26
20 32
34 40
27 45
3 27
1 32
39 44
47 51
1 15
6 32
22 44
26 32
3 4
14 47
32 33
8 50
29 34
6 49
8 32
0 36
44 49
10 32
14 44
11 32
7 32
2 32
29 47
0 37
32 35
12 32
23 32
2 17
10 44
3 22
11 30
14 32
3 51
33 36
22 32
16 32
19 49
19 39
17 32
0 7
14 34
6 41
25 48
6 45
32 38
4 36
29 45
21 49
0 29
21 32
31 51
6 37
13 28
4 29
4 12
39 41
25 32
4 19
6 36
34 39
12 21
27 39
27 32
22 47
6 44
2 44
7 42
4 34
6 12
32 37
17 46
29 32
21 48
21 44
31 32
27 40
7 37
32 47
32 48
5 25
32 51
0 31
32 41
5 38
32 45
32 44
32 34
11 46
40 47
3 32
21 28
4 27
0 14
6 17
17 29
18 32
32 50
9 32
27 34
12 27
4 40
2 19
