0 27
0 6
29 41
27 40
34 51
22 46
0 44
0 32
0 34
34 39
44 46
23 32
0 4
9 32
3 4
32 49
0 40
21 22
5 10
21 29
4 34
6 29
20 50
2 3
19 32
3 34
0 3
32 39
40 45
35 48
4 27
34 41
27 39
16 21
2 32
5 32
12 44
4 47
4 14
22 28
6 31
6 14
0 12
8 44
2 6
6 32
27 36
0 39
4 44
1 16
29 47
32 33
31 47
13 32
8 32
12 27
12 14
10 32
3 7
11 32
14 27
29 34
21 44
23 33
4 36
12 32
2 14
17 37
6 44
8 48
39 49
14 32
4 40
39 42
6 34
16 32
4 19
37 51
17 32
7 36
11 49
2 38
6 36
22 32
34 40
29 46
19 21
17 29
14 39
21 32
27 37
27 47
0 31
6 41
32 50
7 27
25 32
10 15
37 40
12 17
7 47
21 46
27 32
5 25
6 12
36 44
17 26
45 51
6 51
7 32
0 49
29 32
21 38
11 25
31 32
19 34
32 35
32 47
32 48
32 46
32 51
7 21
32 41
44 49
32 45
32 44
32 34
30 32
13 18
1 32
0 14
27 45
19 51
12 34
28 32
40 44
22 37
0 47
44 47
26 32
20 32
7 17
