0 27
0 6
0 7
3 39
0 40
7 49
0 44
0 32
0 34
4 44
6 46
23 32
0 4
9 50
3 4
22 44
19 32
2 19
14 27
29 47
4 6
29 44
13 20
22 32
6 39
11 21
14 44
32 40
40 44
25 35
4 34
14 34
6 41
5 10
19 39
5 32
12 27
17 47
4 12
7 22
2 36
12 47
0 12
15 32
14 21
6 32
3 12
6 14
27 41
1 32
27 47
33 46
34 46
13 32
8 32
0 37
12 40
10 32
11 16
11 32
3 34
21 44
34 49
5 25
32 46
12 32
19 21
32 39
22 51
30 40
2 8
14 32
4 39
2 27
27 29
16 32
28 33
27 39
17 32
8 18
32 37
32 38
39 45
2 4
29 49
7 12
22 38
29 31
36 51
21 32
17 37
17 23
0 45
41 47
36 49
27 34
25 32
10 48
21 46
7 44
4 47
6 37
27 32
1 16
6 29
34 51
7 17
31 51
0 3
37 44
14 17
29 32
34 48
44 47
31 32
27 45
32 35
32 47
32 48
21 49
32 51
21 40
32 41
6 51
32 45
32 44
32 34
32 42
21 26
32 50
0 29
34 40
4 19
36 44
28 32
31 34
32 36
0 14
6 27
26 32
20 32
6 7
