23 57
40 42
30 32
69 86
10 13
10 64
17 87
43 77
28 71
39 58
52 92
1 29
5 83
36 54
5 80
70 90
10 72
35 77
35 52
36 52
68 76
23 77
40 57
23 32
25 41
14 78
36 38
64 82
36 43
2 93
8 81
32 77
5 16
35 48
22 67
36 77
8 36
36 57
37 73
54 72
13 58
2 42
23 36
35 54
32 58
19 45
41 47
26 59
19 94
41 42
18 63
30 35
31 81
14 31
23 35
32 43
65 78
36 46
74 91
49 53
22 86
32 35
32 36
35 50
28 36
21 77
62 63
1 7
54 88
32 57
35 36
30 81
36 55
21 35
17 47
43 52
41 46
13 73
39 59
65 66
1 30
36 92
35 43
18 19
48 51
43 48
2 4
36 58
30 50
52 77
32 46
12 76
45 79
35 40
21 36
55 68
18 62
2 31
28 46
6 19
9 54
18 83
54 71
47 65
45 73
2 85
3 56
42 93
13 61
45 48
6 65
26 39
32 40
32 52
94 95
35 46
41 87
36 88
31 42
14 29
36 40
89 91
7 43
23 52
