6 23
9 28
32 52
31 64
28 76
35 54
41 48
14 36
36 46
36 65
28 29
18 36
32 43
52 54
35 51
26 48
23 77
7 32
45 52
36 45
36 39
42 77
3 48
13 38
5 73
31 82
31 94
37 66
4 19
22 42
67 86
30 77
35 52
19 47
19 45
1 71
21 88
2 43
32 40
5 30
7 73
65 83
2 35
50 76
18 35
43 57
36 40
19 81
35 46
21 68
36 43
41 93
8 71
23 95
13 39
69 91
23 45
32 57
59 93
18 54
48 78
32 35
32 36
17 47
36 77
13 36
35 57
23 87
74 85
31 58
35 36
58 83
53 90
2 32
61 88
35 47
23 30
55 89
36 54
29 81
1 79
42 91
50 59
12 92
42 62
10 30
35 77
56 62
58 63
26 41
40 77
36 52
40 55
77 80
17 63
6 52
13 72
41 73
5 41
2 40
72 81
14 49
16 42
30 36
35 43
32 46
14 21
36 57
32 54
25 87
78 86
10 65
1 8
18 58
46 52
10 36
2 36
32 39
68 70
43 46
43 54
92 94
35 65
22 64
