36 52
42 47
7 29
36 51
48 53
22 72
26 50
12 52
14 40
43 52
54 77
56 67
55 89
22 83
19 26
58 91
31 90
3 21
73 95
36 40
17 39
29 59
28 64
10 40
23 32
14 73
6 28
31 36
63 86
35 77
18 46
32 65
57 93
35 54
66 94
32 54
35 58
45 55
19 35
2 35
43 77
38 71
13 45
35 71
6 32
43 61
42 65
23 35
5 70
36 77
32 42
8 69
23 36
35 52
30 54
23 77
36 43
48 81
42 59
35 65
30 32
32 35
32 36
30 39
36 54
10 36
30 80
31 42
21 28
9 64
35 36
2 43
1 45
40 57
41 52
35 41
32 43
45 92
1 46
78 79
23 30
73 81
68 93
36 41
48 57
39 88
62 82
2 76
31 41
36 58
13 85
76 78
63 74
1 62
32 52
5 36
5 46
32 77
18 94
2 36
19 92
40 48
19 50
14 18
13 46
2 58
17 68
7 36
16 36
36 46
25 88
18 83
21 87
23 54
35 43
4 8
10 49
81 87
37 86
72 91
13 41
52 77
47 57
47 65
