2 35
25 95
10 77
41 77
10 71
21 81
14 82
5 47
23 57
73 78
23 32
65 68
8 30
4 18
40 41
17 70
36 52
18 36
36 57
7 90
35 41
5 91
32 43
14 31
32 48
31 80
35 52
30 36
59 74
5 26
26 31
36 43
35 43
37 39
17 62
66 68
1 48
13 63
40 77
36 40
13 32
42 92
52 57
7 9
65 94
31 76
32 52
36 54
18 77
19 46
43 67
13 91
32 46
1 49
50 79
29 47
36 46
55 61
56 69
30 41
52 54
32 35
32 36
36 77
64 78
8 58
48 50
2 36
36 47
1 58
35 36
13 35
23 36
72 73
64 89
16 76
32 54
35 40
42 58
3 94
21 86
36 41
72 85
53 58
51 73
39 93
42 83
2 40
29 36
32 86
23 52
19 87
30 35
22 54
32 55
6 57
19 35
71 83
12 36
28 93
28 45
35 54
21 45
35 77
23 81
23 35
2 77
46 87
18 42
14 43
2 48
42 45
19 36
28 65
45 92
43 52
39 46
62 81
10 65
6 22
38 63
30 88
43 54
59 88
