42 47
83 91
40 48
6 88
31 93
12 78
36 58
43 46
32 46
21 30
52 80
17 69
35 77
35 46
17 31
36 39
67 93
47 89
50 86
30 62
2 73
29 58
29 90
4 31
41 87
57 76
63 66
30 47
70 83
38 52
52 59
31 92
1 25
40 54
36 40
23 32
36 48
19 52
35 94
5 65
36 46
10 65
68 94
18 45
32 58
45 81
2 36
39 61
46 77
74 95
42 64
5 87
22 57
35 41
43 77
36 65
14 59
14 30
14 55
7 49
8 81
32 35
32 36
21 58
36 77
18 42
21 65
52 57
10 32
64 72
35 36
13 53
32 45
30 42
19 73
18 35
35 43
51 71
36 85
2 48
16 79
1 36
23 36
36 73
7 9
42 45
18 32
28 78
8 76
36 54
43 54
35 40
6 36
3 92
35 54
1 26
41 71
26 82
23 77
23 35
35 48
41 62
13 23
32 54
32 77
28 68
2 40
39 81
5 22
13 88
19 57
19 63
10 41
23 43
54 77
52 72
13 55
2 28
36 43
36 37
32 43
86 91
35 52
50 56
