31 36
12 39
35 54
6 61
63 64
76 83
54 87
70 93
9 48
21 89
35 52
42 52
39 62
48 54
36 43
49 85
22 28
23 35
2 52
32 77
14 22
50 56
5 30
32 40
19 73
30 86
17 58
3 21
1 42
67 72
46 88
18 58
23 32
23 77
45 72
13 53
35 40
45 71
32 46
31 35
14 41
2 77
55 92
2 36
30 36
1 66
13 41
21 39
36 42
4 71
19 25
10 55
43 77
23 36
54 78
41 74
37 87
36 77
38 76
10 95
50 92
32 35
32 36
36 41
46 54
16 91
32 65
69 81
18 52
47 94
35 36
41 43
40 52
59 63
32 57
42 68
47 62
35 43
7 13
43 65
8 59
42 58
18 31
36 40
1 58
5 68
46 94
36 54
23 45
40 57
28 88
18 36
10 19
73 81
19 32
90 93
8 13
32 86
35 48
2 35
7 51
36 48
31 79
36 57
36 65
35 46
29 36
26 29
52 77
28 30
35 77
36 52
5 6
26 81
32 43
45 64
35 57
14 73
2 43
30 47
23 65
17 83
82 91
78 80
