78 92
73 93
1 58
38 52
32 40
10 43
43 52
36 52
31 55
30 35
7 89
26 46
72 88
35 43
2 77
57 72
42 86
46 62
54 57
32 77
32 41
10 36
31 36
18 81
30 31
64 80
5 91
22 66
14 79
6 83
35 48
4 88
23 87
2 36
50 81
23 70
28 36
19 40
5 58
13 86
21 82
1 92
1 16
26 90
46 61
23 39
13 47
19 29
63 76
12 83
36 65
18 30
31 65
41 77
39 74
35 52
13 42
55 69
19 21
2 94
23 85
32 35
32 36
2 65
40 68
58 71
3 76
36 94
10 35
32 51
35 36
18 47
32 54
57 59
21 29
5 6
37 63
39 42
32 68
32 45
52 77
36 41
36 43
32 43
49 59
45 54
36 77
13 50
42 48
35 45
35 77
28 64
25 95
42 91
7 48
35 54
8 93
52 54
57 73
36 67
35 40
28 30
19 65
2 18
35 41
43 77
48 78
14 36
53 87
22 71
17 40
36 45
41 43
23 58
56 81
36 46
36 54
35 73
14 23
8 46
17 62
30 36
9 47
32 52
