45 88
21 32
32 77
68 78
54 77
23 35
5 14
13 95
35 48
39 47
26 42
41 77
23 91
28 92
39 88
30 35
21 54
18 31
32 65
21 30
7 63
57 66
49 56
58 81
13 25
36 74
6 10
32 43
23 36
40 92
23 42
58 93
36 42
36 52
68 85
28 86
31 55
35 52
19 22
57 69
1 64
36 54
10 78
32 76
13 17
8 40
13 19
43 52
35 77
18 90
31 51
35 42
81 82
23 32
14 19
36 48
35 43
5 40
14 73
43 77
16 45
32 35
32 36
41 52
32 93
30 32
2 62
37 38
18 40
12 36
35 36
19 35
42 46
28 29
36 83
45 46
2 3
4 47
2 36
48 52
36 43
36 77
2 58
36 41
23 46
43 54
57 89
36 50
1 59
5 53
76 94
52 77
26 45
18 91
71 73
7 86
58 80
30 81
62 72
36 46
22 94
17 64
30 36
59 87
32 54
71 83
36 65
35 54
8 72
55 79
35 41
2 50
52 67
10 39
29 46
57 61
31 65
40 87
1 9
41 73
35 65
43 48
47 70
6 63
