16 65
47 58
32 77
42 76
66 94
23 73
13 52
23 86
92 93
8 88
36 43
21 38
42 46
18 22
2 22
23 36
45 79
9 48
23 43
10 31
32 52
51 62
35 52
4 30
30 90
49 76
36 58
57 94
35 42
17 18
1 58
36 77
43 73
46 69
35 54
36 37
32 54
40 77
13 35
41 62
30 46
3 25
35 40
36 54
6 7
41 77
35 41
5 50
32 41
36 52
18 55
35 43
61 81
1 83
53 82
32 92
59 85
5 31
72 91
40 52
48 67
32 35
32 36
58 89
2 86
35 77
30 83
36 73
36 42
36 46
35 36
19 43
12 31
26 74
14 68
23 52
30 35
19 35
14 48
39 81
65 87
21 29
36 40
7 26
43 71
28 47
10 56
31 47
29 36
14 28
55 65
57 70
13 91
52 77
48 78
19 54
39 50
17 57
19 36
32 64
42 77
23 54
2 64
43 54
32 57
1 36
5 45
10 63
80 95
6 65
21 59
18 63
35 46
68 88
78 87
36 41
28 72
2 39
2 93
32 40
13 32
45 71
8 36
45 81
