36 50
72 86
48 56
19 64
2 76
13 63
23 30
45 78
43 90
23 36
30 32
21 46
17 54
12 38
6 73
5 18
31 35
1 32
22 47
32 57
32 40
32 41
52 62
46 54
13 36
6 52
1 36
36 40
23 32
18 65
54 63
35 57
23 77
87 94
37 91
14 46
7 89
14 21
73 85
55 94
23 35
2 81
9 67
39 76
43 77
45 58
8 69
28 81
65 77
10 95
35 40
10 91
2 4
42 80
25 29
46 50
81 93
43 52
42 51
13 39
78 92
32 35
32 36
64 71
36 77
31 32
36 45
2 88
52 79
35 43
35 36
31 40
35 52
41 43
42 45
17 65
35 77
26 59
16 42
8 54
47 58
19 59
30 36
54 72
32 77
10 42
66 86
41 48
40 52
23 57
18 53
30 77
18 70
35 47
13 21
36 52
28 58
31 36
55 87
7 29
46 68
2 19
3 82
36 57
71 93
28 48
39 58
22 83
36 43
14 49
61 88
26 36
74 83
65 92
48 73
19 68
32 43
1 62
36 54
35 41
5 36
30 35
5 35
36 41
