52 77
23 45
19 62
32 43
47 59
21 32
41 42
37 58
32 46
58 89
13 73
71 94
18 19
46 52
8 71
28 39
43 52
17 38
13 65
36 43
88 93
9 65
31 36
41 70
30 42
17 78
28 41
22 81
10 14
51 65
78 87
32 54
2 35
81 90
35 52
31 61
32 35
7 32
18 40
18 35
32 52
36 72
8 12
19 82
2 32
68 74
35 87
23 92
40 79
3 48
21 29
2 77
63 88
13 69
2 36
45 95
39 48
30 36
4 30
50 52
36 65
57 62
32 36
45 57
54 77
35 83
35 46
1 49
43 77
13 36
35 36
21 55
23 80
7 35
10 63
14 68
22 86
45 92
19 42
16 29
36 42
6 36
47 55
35 67
40 81
35 54
57 76
28 31
42 76
30 47
5 91
26 36
23 48
64 72
2 54
56 93
26 40
43 54
43 83
36 73
36 94
31 41
32 77
6 58
5 18
10 59
1 91
36 54
41 66
35 77
23 58
36 52
25 64
23 39
1 5
36 77
30 86
46 85
14 40
32 50
36 46
53 73
35 43
48 57
