72 92
10 40
17 50
32 54
9 30
39 89
23 63
19 80
1 64
7 86
32 46
30 65
35 43
32 42
41 71
10 73
1 36
43 77
46 77
28 36
42 43
2 35
35 42
5 40
57 58
58 73
35 65
76 81
19 87
56 67
28 48
35 77
2 36
46 54
62 63
18 69
32 72
57 78
31 40
13 57
31 88
21 36
3 49
40 58
35 54
5 47
68 93
8 30
74 76
22 29
40 47
36 52
35 39
21 88
21 30
14 26
32 52
2 4
23 81
16 61
66 94
32 35
32 36
59 65
36 48
35 46
6 71
13 39
36 51
23 94
35 36
10 14
36 45
6 41
7 59
5 29
2 77
43 52
38 70
91 93
32 45
52 54
36 77
25 95
12 45
42 52
31 58
32 77
36 57
62 77
18 41
30 78
8 23
35 73
36 42
14 18
83 86
2 22
55 65
13 83
41 81
35 45
18 36
31 32
43 54
19 52
23 68
23 47
36 43
19 36
35 52
37 50
32 43
13 41
55 87
36 46
28 92
36 54
1 85
48 53
64 82
26 90
17 48
79 91
