48 65
18 32
23 36
42 70
19 93
45 63
18 43
2 48
39 71
80 87
35 42
32 41
28 36
68 94
88 92
28 35
45 69
35 43
17 52
39 72
1 35
40 91
18 36
10 57
32 43
8 35
2 36
18 35
12 67
30 83
36 43
32 77
36 42
14 36
39 64
3 88
32 35
13 57
65 78
23 43
10 52
5 30
9 47
5 64
22 52
54 77
31 65
40 68
32 54
36 46
57 62
41 43
21 58
45 48
49 61
23 77
50 59
36 41
19 46
19 31
45 65
52 95
32 36
2 52
30 86
13 79
35 77
76 86
26 35
36 63
35 36
7 26
30 32
51 94
71 72
36 77
31 78
4 36
1 47
32 46
2 38
35 41
50 52
14 25
13 29
6 19
29 36
23 54
89 90
55 76
40 53
17 21
85 92
35 54
8 54
36 81
40 41
23 32
2 82
31 37
28 32
47 56
59 66
42 58
5 36
13 14
52 57
55 87
58 73
40 46
30 73
10 73
46 81
36 54
42 77
58 74
22 62
21 81
43 77
1 16
7 83
48 91
6 93
23 35
