14 46
19 62
19 67
35 65
28 73
29 42
36 45
35 66
26 76
23 51
13 30
43 58
1 30
10 87
36 54
19 63
73 93
47 80
18 91
36 77
6 81
35 77
1 92
38 53
50 55
8 47
2 32
22 28
35 43
62 85
35 52
23 36
18 71
23 32
12 57
64 72
32 35
18 35
37 79
45 87
32 42
32 43
7 81
57 90
64 93
13 36
48 58
36 78
47 82
43 52
40 63
41 54
23 54
43 77
52 65
21 31
23 86
61 72
30 71
30 31
36 52
17 69
32 36
7 89
59 77
91 92
32 52
2 35
32 41
36 65
35 36
36 46
4 30
21 46
46 78
10 31
17 74
39 45
14 36
46 94
42 77
6 73
5 39
2 43
13 40
18 83
5 35
13 28
10 50
36 40
8 88
2 77
3 29
35 41
14 57
25 94
5 57
9 83
22 59
36 42
35 54
56 68
41 52
21 55
40 48
39 48
32 77
68 70
32 54
42 45
49 86
31 81
16 23
54 95
32 65
58 88
26 36
19 40
2 36
52 58
36 41
36 43
35 76
1 48
