50 86
7 28
41 48
35 50
46 68
32 55
10 21
40 65
40 87
32 35
46 80
21 64
48 58
13 40
57 72
19 90
36 57
9 41
18 59
81 83
42 55
21 63
13 49
43 54
81 94
36 52
36 54
18 37
1 26
18 39
1 91
47 48
32 52
45 77
28 29
36 46
10 14
30 74
69 88
31 58
43 47
19 81
32 77
23 36
10 62
41 92
35 86
35 52
5 19
66 78
32 54
8 76
52 54
32 43
23 52
35 64
5 25
32 63
36 62
35 42
38 94
14 32
32 36
23 77
6 61
5 42
2 32
30 48
59 93
12 79
35 36
4 16
76 83
70 71
23 35
72 87
18 30
7 73
35 45
82 88
36 43
65 93
17 41
3 58
6 57
29 77
2 52
39 78
36 45
57 73
30 58
2 77
35 43
51 53
36 42
22 56
36 89
1 30
23 32
65 91
36 77
35 46
36 40
13 46
36 47
8 68
13 65
23 54
35 77
14 92
31 85
31 41
36 73
19 95
26 71
17 31
39 67
2 45
28 40
35 54
2 36
22 36
42 43
43 52
