89 93
58 85
51 76
13 42
55 58
23 41
36 82
30 43
40 46
32 35
38 41
10 70
4 36
32 54
12 53
23 36
2 16
31 36
45 54
31 57
8 41
13 31
36 57
62 87
30 45
41 58
35 54
36 54
36 77
50 64
23 35
3 29
9 42
21 36
30 36
72 88
32 40
55 92
29 69
37 50
2 80
35 43
2 87
23 52
18 78
54 77
14 72
32 52
35 77
5 39
6 17
36 48
43 77
5 56
40 52
7 92
13 35
2 26
18 73
26 88
67 76
18 48
32 36
5 21
1 36
14 40
8 19
13 73
32 90
46 73
35 36
25 49
23 43
35 41
86 95
17 74
1 64
32 45
39 59
6 36
40 42
19 71
36 45
2 7
35 42
30 54
61 94
18 81
48 81
63 94
52 77
36 52
28 47
42 43
47 48
36 43
52 81
22 46
28 68
10 39
32 77
22 62
28 66
32 43
65 83
47 93
65 78
59 68
30 32
57 77
19 65
63 83
86 91
23 32
1 10
35 58
46 79
35 57
14 36
65 71
31 35
19 91
21 46
35 52
