1 23
1 30
28 72
7 41
19 23
13 46
2 26
47 68
30 35
32 35
25 81
9 67
35 65
17 72
3 31
32 40
32 45
28 74
36 65
62 88
22 65
29 30
48 87
18 23
36 42
52 77
49 66
32 43
32 77
59 90
50 52
28 88
35 40
36 93
36 41
10 14
19 41
12 61
23 41
35 54
29 70
39 46
2 14
48 57
21 79
39 89
48 94
35 73
35 77
1 76
6 95
36 40
40 45
17 58
43 65
35 43
23 91
43 87
35 42
58 83
18 45
42 43
32 36
13 57
43 73
21 26
5 37
21 35
10 93
41 54
35 36
5 38
18 77
55 58
32 64
30 77
46 68
8 56
57 83
22 36
36 73
36 45
7 8
64 80
2 16
78 94
5 71
40 52
23 36
13 48
32 42
2 71
6 76
13 55
57 63
36 43
39 86
50 81
47 92
46 92
36 77
18 81
10 35
59 85
36 54
31 86
32 54
36 78
2 58
46 47
42 54
35 52
30 52
31 32
54 77
63 69
32 52
31 36
14 19
36 52
4 51
82 91
53 62
19 36
