35 77
30 67
37 76
47 68
10 45
1 22
19 35
63 64
46 56
32 35
76 89
36 43
52 54
48 87
23 36
2 3
28 41
35 54
83 92
32 42
43 54
28 58
1 57
32 43
35 42
6 40
18 91
22 65
32 77
23 42
19 23
23 35
28 68
63 86
32 41
72 83
71 81
7 47
35 73
35 40
17 59
4 36
41 62
36 62
36 77
32 52
7 94
13 39
26 30
47 72
35 52
5 73
18 40
36 57
48 88
2 35
13 55
41 58
53 58
9 48
36 41
36 69
32 36
43 82
31 57
5 91
36 86
19 46
10 30
13 35
35 36
31 38
2 31
14 92
39 49
18 25
23 32
36 40
32 54
43 52
59 65
54 77
36 46
36 95
43 77
79 93
36 52
19 21
12 65
8 90
13 70
2 5
66 74
10 46
30 50
39 61
16 93
51 73
35 43
50 80
21 26
36 45
36 42
36 54
1 85
52 64
42 77
29 32
2 40
78 81
14 48
8 18
29 94
17 32
52 77
6 31
23 46
30 58
45 57
65 87
45 81
55 88
21 71
14 78
