3 40
32 77
43 52
41 77
9 63
48 59
72 80
19 36
21 40
1 2
47 73
23 35
30 35
52 64
2 73
32 86
36 54
36 52
8 85
13 43
46 47
41 54
35 52
2 36
4 58
35 42
30 32
31 73
57 95
36 77
35 62
10 40
2 91
36 42
47 64
35 71
46 51
19 53
35 41
13 83
21 70
36 66
36 76
32 45
32 54
36 65
50 58
81 82
6 62
42 43
31 48
30 36
19 52
28 39
13 79
22 48
12 14
32 41
46 57
14 59
29 89
32 35
32 36
39 45
77 81
5 23
31 71
40 48
42 77
65 76
35 36
18 78
37 38
17 18
36 41
1 86
13 68
22 74
18 50
52 54
26 91
58 87
55 83
35 54
10 21
14 25
31 69
10 92
43 77
6 26
35 77
23 36
17 68
57 65
32 52
2 46
23 32
32 43
30 56
18 29
78 93
28 36
57 92
36 45
58 88
35 43
23 54
7 8
36 43
5 67
39 90
87 88
1 63
23 93
16 94
30 42
40 94
28 55
19 46
45 65
36 81
5 35
61 72
7 49
