36 51
69 72
64 79
10 31
21 50
35 42
2 31
18 95
35 77
6 65
18 57
45 54
35 43
36 58
13 59
8 87
17 35
36 54
35 93
89 92
49 57
5 62
40 83
8 22
63 71
13 14
23 73
16 47
56 88
36 77
17 63
14 73
10 46
14 80
30 64
32 54
32 47
23 58
13 73
19 31
4 53
36 42
81 88
36 45
41 81
30 36
23 28
1 65
48 72
32 52
32 77
36 91
36 52
32 42
42 52
32 43
13 23
40 50
35 41
43 85
2 36
32 35
32 36
23 52
3 81
74 86
59 91
66 68
35 52
46 90
35 36
2 39
78 92
30 77
48 54
12 26
7 62
23 36
37 65
19 36
52 86
18 28
18 22
40 41
45 77
36 39
19 25
5 7
35 48
31 46
57 78
87 94
2 70
29 76
40 76
21 46
35 83
32 45
26 55
52 54
30 32
5 47
2 19
43 77
28 82
21 55
32 48
65 68
35 40
42 43
35 54
1 6
36 43
46 67
29 93
36 41
10 41
9 58
58 77
30 43
57 61
1 94
36 71
38 39
