0 4
0 3
1 8
15 16
22 28
0 25
0 28
36 39
7 9
0 19
1 17
1 20
0 11
29 55
37 53
33 44
0 7
0 8
23 45
0 10
0 45
11 55
0 48
29 33
0 31
0 32
23 35
0 34
0 40
13 32
16 27
0 39
0 49
0 53
18 25
14 20
1 4
0 54
0 26
1 25
1 28
1 54
22 45
49 51
1 19
3 49
1 11
14 48
26 43
27 50
29 39
1 29
33 39
1 10
7 50
19 29
0 51
1 31
1 32
1 34
16 22
0 16
1 49
1 53
6 10
43 51
11 37
8 31
1 33
14 47
24 42
25 44
29 45
7 54
2 34
17 30
15 42
12 46
2 4
26 54
18 26
6 29
3 45
10 29
26 29
14 26
3 34
10 48
28 48
13 26
23 38
6 39
4 25
4 28
1 55
15 49
0 9
4 26
4 11
12 16
4 15
3 29
4 7
25 55
9 49
4 10
4 45
26 45
0 24
4 32
4 34
2 25
1 37
4 39
10 40
4 51
2 26
5 53
17 29
23 29
31 42
23 37
9 16
32 36
32 51
6 34
1 51
41 45
7 25
7 28
3 8
7 16
17 52
8 50
7 8
4 50
7 10
29 35
7 45
14 45
7 48
7 31
33 51
32 50
7 34
12 36
7 39
7 49
7 53
18 45
15 54
7 55
13 22
8 25
26 55
3 30
18 22
17 31
4 8
16 42
8 45
2 31
8 34
32 40
1 35
8 39
32 42
9 25
9 28
17 44
0 29
4 31
39 40
8 20
28 30
8 24
4 38
34 35
9 34
2 32
1 2
9 53
28 44
4 13
2 47
26 42
10 25
10 28
14 53
9 11
11 18
33 55
10 26
10 11
6 7
10 15
10 45
3 16
10 32
18 29
10 34
17 48
1 50
10 39
40 48
10 51
23 26
11 25
11 28
9 33
17 39
2 19
11 51
13 39
11 26
8 54
22 25
16 50
11 45
17 24
11 31
11 32
11 34
11 39
11 49
11 53
7 32
4 42
12 24
21 45
12 27
34 47
12 34
20 39
24 49
20 50
13 25
16 39
10 50
9 17
0 14
13 34
22 40
14 25
15 48
8 9
7 42
4 20
39 47
14 34
29 32
0 43
15 25
15 28
42 49
30 53
15 26
18 28
20 31
11 52
15 34
24 55
9 39
15 53
15 51
17 32
49 50
30 40
28 37
10 31
13 28
16 31
15 31
18 55
16 34
40 53
11 20
13 14
16 49
21 50
8 53
7 40
16 55
38 43
17 25
17 28
25 47
17 45
6 45
7 47
48 55
17 34
6 16
22 49
35 53
17 53
8 46
4 55
46 55
15 37
10 14
18 50
18 34
7 33
28 54
10 54
3 6
1 18
19 25
19 28
19 26
19 45
31 36
19 31
19 34
19 39
19 49
19 53
0 1
3 32
8 11
1 14
30 51
42 47
13 45
20 34
40 49
8 22
11 19
10 33
21 34
39 42
1 13
26 44
11 16
0 2
22 34
15 52
0 55
17 49
18 37
26 40
18 53
4 49
30 36
23 27
34 38
20 43
22 50
26 48
44 49
7 51
9 42
24 34
11 48
24 39
24 53
2 28
10 19
25 28
25 29
25 26
25 45
25 48
1 9
25 31
25 32
25 34
50 51
25 42
4 17
25 37
25 39
25 49
25 53
25 50
25 51
35 45
30 31
26 28
30 48
42 48
26 31
26 32
26 34
44 54
33 49
20 45
26 49
26 53
3 51
9 24
0 20
27 39
36 51
28 29
28 45
28 31
28 32
28 34
28 42
30 42
28 39
28 49
28 53
28 50
28 51
9 50
31 54
10 23
30 49
29 34
1 7
42 45
29 53
0 33
15 40
51 54
25 40
45 50
30 34
11 22
28 35
21 24
2 51
31 45
14 32
31 32
31 34
0 15
10 30
5 44
31 39
31 49
31 53
31 37
31 55
32 45
16 17
32 34
4 44
0 13
6 53
32 39
32 49
32 53
11 30
6 9
32 55
11 15
15 19
42 51
33 34
15 29
32 48
1 52
6 43
34 44
34 45
34 46
3 31
34 48
34 40
34 42
43 49
34 37
34 39
34 49
34 53
34 50
34 51
45 54
34 54
34 55
53 54
36 45
3 37
40 42
22 32
11 13
20 55
18 39
16 29
9 12
39 45
27 46
39 48
9 31
19 44
39 49
39 53
7 22
40 45
23 42
13 48
2 39
12 50
0 44
3 15
20 25
4 37
16 45
42 53
20 53
3 55
25 30
17 21
15 39
3 17
14 39
0 50
4 9
45 48
45 49
45 53
37 54
17 26
2 24
22 26
49 53
10 18
6 31
2 53
49 55
50 53
9 26
51 53
10 53
37 51
