0 4
0 3
14 26
2 28
20 47
0 25
0 28
39 47
15 50
0 19
17 39
17 24
0 11
29 42
1 18
33 44
0 7
0 8
45 54
0 10
0 45
11 55
0 48
42 45
0 31
0 32
1 14
0 34
0 40
32 40
46 55
0 39
0 49
0 53
10 18
51 52
1 4
0 24
0 26
1 25
1 28
9 32
19 22
22 29
1 19
4 31
1 11
14 48
37 43
9 24
29 51
1 29
9 29
1 10
11 18
2 11
45 51
1 31
1 32
1 34
0 23
16 25
1 49
1 53
30 32
26 35
11 19
20 49
11 52
35 49
2 4
33 39
1 50
15 30
2 34
0 15
20 24
12 46
9 18
10 23
20 55
17 42
3 45
24 50
28 43
13 45
3 34
4 48
8 28
13 26
8 49
16 44
4 25
4 28
8 16
4 40
0 50
4 26
4 11
37 51
4 15
28 30
4 7
0 55
11 30
4 10
4 45
8 42
9 38
4 32
4 34
12 42
23 26
4 39
20 48
4 51
7 22
5 53
29 39
9 26
17 31
50 51
33 42
2 31
20 37
6 34
1 51
0 41
7 25
7 28
3 8
7 16
8 50
23 47
7 8
22 28
7 10
32 54
7 45
14 23
7 48
7 31
6 26
26 29
7 34
29 35
7 39
7 49
7 53
0 6
7 32
7 55
15 31
8 25
15 16
13 30
30 31
17 49
10 48
4 42
8 45
0 18
8 34
15 18
6 53
8 39
29 33
9 25
9 28
11 37
17 20
6 19
3 39
22 25
0 2
24 48
10 55
32 35
9 34
53 54
14 20
9 53
10 17
0 13
18 28
1 42
10 25
10 28
14 53
7 9
29 55
17 45
10 26
10 11
7 44
10 15
10 45
3 7
10 32
10 33
10 34
0 44
15 42
10 39
40 48
10 51
2 25
11 25
11 28
6 10
9 39
18 26
11 15
13 39
11 26
9 22
3 32
30 51
11 45
27 29
11 31
11 32
11 34
11 39
11 49
11 53
50 55
40 50
12 24
16 26
12 27
20 36
12 34
1 2
24 49
29 49
13 25
12 55
9 16
7 50
14 28
13 34
18 31
14 25
37 54
17 55
9 23
0 35
49 50
14 34
32 50
34 47
15 25
15 28
9 33
8 18
15 26
32 48
22 26
4 38
15 34
16 24
3 31
15 53
15 51
26 42
31 50
1 48
10 37
10 31
37 45
16 31
49 51
21 29
16 34
40 44
10 19
1 43
16 49
28 44
40 51
13 53
16 55
34 43
17 25
17 28
12 47
12 17
3 55
39 51
29 44
17 34
6 15
47 52
25 36
17 53
8 37
6 25
40 42
14 49
10 13
25 54
18 34
7 33
0 46
14 32
6 31
25 30
19 25
19 28
19 26
19 45
22 31
19 31
19 34
19 39
19 49
19 53
0 1
20 45
8 11
23 38
2 16
4 33
14 45
20 34
40 55
8 21
18 39
0 29
21 34
39 50
1 13
1 6
1 38
13 14
22 34
31 54
0 22
4 30
8 26
7 47
18 53
3 49
30 39
23 27
42 50
3 22
2 17
27 55
4 17
43 51
6 45
24 34
11 48
24 39
24 53
16 32
20 28
25 28
25 29
25 26
25 45
25 48
43 53
25 31
25 32
25 34
45 50
25 42
17 21
25 37
25 39
25 49
25 53
25 50
25 51
3 15
2 30
26 28
18 51
9 54
26 31
26 32
26 34
1 40
10 49
22 45
26 49
26 53
40 53
4 50
11 13
27 39
22 53
28 29
28 45
28 31
28 32
28 34
28 42
11 50
28 39
28 49
28 53
28 50
28 51
8 53
36 39
1 54
5 33
29 34
1 9
36 54
29 53
9 10
15 48
34 52
3 25
9 45
30 34
33 35
30 53
24 46
36 45
31 45
37 39
31 32
31 34
45 55
19 29
39 44
31 39
31 49
31 53
4 14
31 55
32 45
26 54
32 34
8 17
42 43
44 55
32 39
32 49
32 53
16 39
31 42
32 55
15 32
15 19
31 51
33 34
1 16
2 45
26 45
3 51
34 44
34 45
34 46
37 40
34 48
34 40
34 42
36 49
34 37
34 39
34 49
34 53
34 50
34 51
35 45
34 54
34 55
32 37
4 54
3 30
16 29
42 44
26 37
7 54
18 48
11 42
29 31
39 45
21 27
39 48
16 50
16 20
39 49
39 53
2 39
40 45
7 42
26 30
44 49
17 48
15 36
7 15
20 25
4 53
16 45
42 53
48 54
40 49
4 22
3 9
32 51
10 42
9 11
0 17
17 23
45 48
45 49
45 53
11 54
17 26
1 22
2 40
49 53
20 33
6 49
2 53
49 55
50 53
1 7
51 53
13 51
13 28
