0 4
0 3
0 14
0 26
9 32
0 25
0 28
13 39
7 15
0 19
16 42
2 25
0 11
15 40
25 30
17 51
0 7
0 8
9 31
0 10
0 45
33 39
0 48
1 47
0 31
0 32
35 52
0 34
0 40
27 55
30 37
0 39
0 49
0 53
49 54
39 42
1 4
34 36
4 49
1 25
1 28
6 39
2 39
40 55
1 19
48 49
1 11
20 37
31 43
26 45
24 45
49 50
25 55
1 10
1 18
9 30
27 29
1 31
1 32
1 34
7 42
0 47
1 49
1 53
29 31
22 32
13 49
17 40
1 16
13 20
22 39
8 50
23 50
17 33
2 34
0 42
16 51
21 24
9 45
15 32
15 29
4 22
3 45
38 42
28 37
0 15
3 34
4 13
25 54
1 15
18 48
3 49
4 25
4 28
3 15
24 49
3 26
4 26
4 11
15 39
4 15
26 55
4 7
16 44
17 49
4 10
4 45
9 54
9 23
4 32
4 34
9 39
9 16
4 39
14 36
4 51
10 33
5 53
17 42
34 52
35 49
7 20
16 54
19 51
20 48
6 34
7 32
0 20
7 25
7 28
29 42
7 16
1 38
22 24
7 8
18 51
7 10
10 30
7 45
22 49
7 48
7 31
21 48
10 22
7 34
26 29
7 39
7 49
7 53
3 29
32 55
7 55
39 40
8 25
20 26
14 53
29 39
1 51
11 55
13 30
8 45
8 54
8 34
18 53
16 32
8 39
31 51
9 25
9 28
15 54
14 32
16 17
1 37
25 36
11 22
4 54
33 53
11 29
9 34
9 10
25 44
9 53
7 18
37 45
20 35
7 26
10 25
10 28
8 14
4 38
17 50
12 50
10 26
10 11
35 53
10 15
10 45
6 9
10 32
0 17
10 34
16 39
14 45
10 39
10 23
10 51
8 26
11 25
11 28
18 33
20 51
10 19
23 47
6 45
11 26
22 25
2 28
8 53
11 45
1 17
11 31
11 32
11 34
11 39
11 49
11 53
5 44
16 22
12 24
6 44
12 27
30 32
12 34
14 26
35 45
26 54
13 25
42 49
9 40
17 31
1 14
13 34
4 40
14 25
37 39
8 55
21 50
28 36
39 54
14 34
4 33
17 18
15 25
15 28
26 37
6 42
45 55
6 10
32 38
26 44
15 34
3 22
44 50
15 53
15 51
3 7
8 10
10 14
12 43
32 48
10 16
16 31
8 15
1 29
16 34
0 44
49 51
0 55
16 49
1 2
2 30
0 50
16 55
24 50
17 25
17 28
23 52
0 2
32 42
29 36
7 35
17 34
2 43
20 31
7 44
17 53
6 26
31 33
4 42
21 29
26 50
25 40
18 34
0 16
22 28
11 48
4 53
31 40
19 25
19 28
19 26
19 45
9 51
19 31
19 34
19 39
19 49
19 53
13 53
9 19
0 9
45 51
42 43
9 24
44 49
20 34
1 50
11 50
4 9
2 55
21 34
15 31
15 42
45 54
31 50
11 18
22 34
16 24
2 53
11 17
1 42
41 45
3 54
53 54
45 46
23 27
39 43
3 51
2 26
6 55
15 37
1 54
2 50
24 34
11 19
24 39
24 53
10 48
18 26
25 28
25 29
25 26
25 45
25 48
0 18
25 31
25 32
25 34
0 1
25 42
18 40
25 37
25 39
25 49
25 53
25 50
25 51
34 47
10 13
26 28
4 20
19 30
26 31
26 32
26 34
18 47
13 23
22 51
26 49
26 53
40 48
29 44
32 51
27 39
29 50
28 29
28 45
28 31
28 32
28 34
28 42
7 29
28 39
28 49
28 53
28 50
28 51
16 50
1 36
2 49
39 47
29 34
1 23
13 45
29 53
3 11
2 8
22 31
30 45
13 26
30 34
17 24
3 55
12 46
43 45
31 45
11 43
31 32
31 34
42 45
14 51
3 33
31 39
31 49
31 53
26 48
31 55
32 45
28 48
32 34
0 30
17 30
2 11
32 39
32 49
32 53
46 55
50 55
7 17
6 49
11 14
33 47
33 34
6 7
28 54
18 28
17 39
34 44
34 45
34 46
11 37
34 48
34 40
34 42
13 28
34 37
34 39
34 49
34 53
34 50
34 51
3 53
34 54
34 55
10 31
3 31
4 50
32 40
33 51
1 20
17 55
19 33
29 45
29 48
39 45
27 46
39 48
12 16
30 31
39 49
39 53
1 9
40 45
42 48
4 31
26 42
8 40
20 53
14 37
8 11
28 30
8 24
42 53
4 17
20 45
30 53
37 40
15 36
13 32
0 6
18 25
15 52
45 48
45 49
45 53
37 48
8 9
12 42
28 44
49 53
20 32
11 15
10 29
49 55
50 53
35 51
51 53
22 29
0 23
