0 4
0 3
14 53
18 30
3 10
0 25
0 28
39 50
20 39
0 19
40 42
48 49
0 11
45 51
24 50
7 30
0 7
0 8
31 40
0 10
0 45
3 53
0 48
18 42
0 31
0 32
45 47
0 34
0 40
0 6
15 30
0 39
0 49
0 53
9 46
20 25
1 4
3 11
4 49
1 25
1 28
4 50
32 55
21 55
1 19
4 20
1 11
16 18
7 15
4 17
22 45
29 39
16 27
1 10
53 54
20 31
15 55
1 31
1 32
1 34
4 9
37 47
1 49
1 53
4 16
8 28
15 33
33 40
19 22
19 44
23 29
29 38
9 49
1 42
2 34
26 50
32 38
21 24
9 17
3 8
26 33
11 30
3 45
34 52
28 37
17 48
3 34
14 28
22 47
2 32
11 55
7 9
4 25
4 28
33 39
24 49
9 32
4 26
4 11
0 44
4 15
24 29
4 7
4 19
10 23
4 10
4 45
22 37
15 32
4 32
4 34
28 30
16 32
4 39
0 43
4 51
31 44
5 53
49 51
34 47
2 31
1 29
20 49
13 15
18 32
6 34
14 32
31 33
7 25
7 28
29 31
7 16
8 26
33 42
7 8
1 35
7 10
1 7
7 45
10 49
7 48
7 31
21 27
27 42
7 34
4 48
7 39
7 49
7 53
3 17
3 15
7 55
2 25
8 25
32 47
10 44
1 45
15 31
16 24
8 13
8 45
6 53
8 34
37 45
19 32
8 39
28 54
9 25
9 28
37 51
16 54
32 51
1 37
25 30
10 14
48 53
6 44
17 46
9 34
9 29
20 44
9 53
48 51
13 53
6 9
44 49
10 25
10 28
1 8
10 38
16 50
37 54
10 26
10 11
7 35
10 15
10 45
15 42
10 32
17 23
10 34
17 55
0 22
10 39
18 28
10 51
7 50
11 25
11 28
10 48
18 26
2 28
17 31
42 48
11 26
36 52
20 40
36 54
11 45
8 50
11 31
11 32
11 34
11 39
11 49
11 53
6 16
11 17
12 24
26 45
12 27
10 37
12 34
0 26
33 50
32 48
13 25
34 43
12 50
11 37
14 30
13 34
35 39
14 25
3 55
11 51
31 42
30 40
15 43
14 34
9 39
1 20
15 25
15 28
17 49
4 42
0 55
9 50
29 43
10 33
15 34
1 2
30 36
15 53
15 51
39 40
16 17
11 14
20 53
3 32
32 42
16 31
8 46
9 26
16 34
0 30
39 51
3 22
16 49
17 18
26 37
2 48
16 55
1 14
17 25
17 28
23 52
11 13
25 43
45 55
17 45
17 34
18 39
8 40
7 44
17 53
26 51
6 7
15 40
39 44
9 51
17 36
18 34
7 11
47 53
11 48
4 53
12 43
19 25
19 28
19 26
19 45
11 22
19 31
19 34
19 39
19 49
19 53
13 39
6 36
19 29
31 51
2 42
39 55
13 26
20 34
23 45
26 38
9 10
45 46
21 34
0 51
19 51
6 28
45 54
10 20
22 34
2 45
0 17
0 41
16 33
25 40
0 20
20 26
1 9
23 27
1 22
40 51
7 42
44 45
25 54
1 47
42 49
24 34
22 29
24 39
24 53
22 28
22 55
25 28
25 29
25 26
25 45
25 48
30 51
25 31
25 32
25 34
0 50
25 42
51 54
25 37
25 39
25 49
25 53
25 50
25 51
35 49
31 35
26 28
15 35
14 40
26 31
26 32
26 34
2 24
42 50
13 48
26 49
26 53
6 42
50 55
0 35
27 39
1 16
28 29
28 45
28 31
28 32
28 34
28 42
9 54
28 39
28 49
28 53
28 50
28 51
8 30
26 44
13 45
36 39
29 34
1 13
22 26
29 53
11 20
11 29
18 31
2 53
9 45
30 34
37 49
3 31
12 21
14 45
31 45
4 33
31 32
31 34
7 22
14 37
25 33
31 39
31 49
31 53
8 16
31 55
32 45
18 25
32 34
20 29
26 29
0 54
32 39
32 49
32 53
40 55
16 25
2 4
9 31
32 50
15 26
33 34
17 26
6 50
24 45
1 3
34 44
34 45
34 46
14 39
34 48
34 40
34 42
14 54
34 37
34 39
34 49
34 53
34 50
34 51
22 53
34 54
34 55
3 7
4 18
26 54
11 18
24 42
18 53
10 50
29 55
1 23
0 9
39 45
24 48
39 48
12 55
26 42
39 49
39 53
1 18
40 45
29 40
10 30
17 39
3 49
8 54
30 49
8 11
2 49
0 13
42 53
5 6
0 16
39 54
13 23
4 31
15 52
17 51
12 29
2 15
45 48
45 49
45 53
28 43
48 50
16 42
1 55
49 53
10 13
15 29
0 29
49 55
50 53
23 36
51 53
2 8
45 50
