0 4
0 3
37 53
4 16
8 26
0 25
0 28
9 44
1 17
0 19
15 22
14 54
0 11
7 32
13 39
6 19
0 7
0 8
0 9
0 10
0 45
10 20
0 48
7 17
0 31
0 32
22 44
0 34
0 40
4 48
29 42
0 39
0 49
0 53
26 45
17 51
1 4
11 13
25 35
1 25
1 28
31 43
11 51
3 55
1 19
39 40
1 11
7 20
44 49
29 31
42 44
20 29
24 55
1 10
1 42
18 53
13 32
1 31
1 32
1 34
2 51
37 45
1 49
1 53
28 36
30 53
3 15
16 54
0 37
26 48
22 49
33 44
36 51
31 33
2 34
15 19
1 44
32 55
23 36
3 54
1 55
20 28
3 45
0 1
8 40
0 21
3 34
11 15
20 36
3 10
22 25
29 39
4 25
4 28
29 40
2 14
44 45
4 26
4 11
23 26
4 15
9 39
4 7
12 50
22 32
4 10
4 45
14 45
13 20
4 32
4 34
24 45
42 55
4 39
18 19
4 51
28 48
5 53
9 11
10 17
0 51
17 27
16 39
7 33
31 42
6 34
0 36
25 54
7 25
7 28
41 45
7 16
1 18
33 53
7 8
39 47
7 10
40 50
7 45
8 14
7 48
7 31
12 21
0 50
7 34
26 43
7 39
7 49
7 53
42 49
4 42
7 55
22 40
8 25
18 39
4 9
0 29
0 18
25 55
13 37
8 45
14 53
8 34
27 55
11 19
8 39
39 44
9 25
9 28
2 11
34 38
10 49
9 55
3 53
2 48
46 50
22 48
30 32
9 34
18 51
33 43
9 53
29 49
16 40
17 32
6 49
10 25
10 28
6 45
17 19
2 16
6 17
10 26
10 11
1 43
10 15
10 45
25 33
10 32
17 26
10 34
26 33
20 31
10 39
29 32
10 51
1 30
11 25
11 28
4 50
20 48
12 17
7 40
29 50
11 26
2 49
26 29
24 48
11 45
3 9
11 31
11 32
11 34
11 39
11 49
11 53
7 15
40 49
12 24
26 38
12 27
4 23
12 34
1 22
9 16
26 42
13 25
0 42
10 52
6 50
8 32
13 34
8 29
14 25
1 9
11 14
11 54
46 55
32 51
14 34
9 18
3 11
15 25
15 28
45 51
23 42
20 26
43 45
17 45
2 26
15 34
34 35
0 23
15 53
15 51
32 52
30 49
37 39
18 29
36 50
9 31
16 31
21 24
31 37
16 34
15 29
8 42
26 51
16 49
29 52
12 16
24 42
16 55
14 26
17 25
17 28
23 38
20 53
11 47
10 13
17 39
17 34
10 53
26 30
8 21
17 53
6 10
6 7
15 40
4 13
10 31
5 33
18 34
11 16
14 32
18 25
4 19
11 17
19 25
19 28
19 26
19 45
50 55
19 31
19 34
19 39
19 49
19 53
31 54
16 32
37 51
9 50
42 50
4 31
1 14
20 34
18 28
30 39
4 30
11 48
21 34
35 53
20 45
30 35
26 50
9 54
22 34
15 54
1 54
22 45
48 51
3 25
0 55
1 37
17 23
23 27
30 45
40 51
17 46
13 51
1 15
12 35
28 44
24 34
14 40
24 39
24 53
39 50
18 55
25 28
25 29
25 26
25 45
25 48
10 48
25 31
25 32
25 34
6 39
25 42
0 26
25 37
25 39
25 49
25 53
25 50
25 51
34 36
53 54
26 28
14 28
13 23
26 31
26 32
26 34
4 22
11 20
8 53
26 49
26 53
4 44
45 50
22 24
27 39
28 30
28 29
28 45
28 31
28 32
28 34
28 42
11 42
28 39
28 49
28 53
28 50
28 51
10 54
18 45
37 48
38 47
29 34
32 40
35 39
29 53
6 55
15 16
2 25
49 50
33 50
30 34
45 55
31 40
15 47
0 13
31 45
15 42
31 32
31 34
10 29
13 28
7 43
31 39
31 49
31 53
8 17
31 55
32 45
30 42
32 34
8 30
32 48
22 28
32 39
32 49
32 53
0 44
16 33
4 37
20 39
7 18
49 51
33 34
42 45
7 9
15 17
33 51
34 44
34 45
34 46
26 37
34 48
34 40
34 42
9 47
34 37
34 39
34 49
34 53
34 50
34 51
39 51
34 54
34 55
43 54
9 48
1 13
16 29
7 29
22 42
0 2
8 49
45 54
8 55
39 45
9 24
39 48
25 30
16 17
39 49
39 53
3 6
40 45
15 52
9 49
37 47
3 31
2 28
24 31
2 31
1 7
2 53
42 53
32 54
2 3
3 26
14 18
15 49
15 31
0 16
35 49
27 46
45 48
45 49
45 53
0 47
3 8
1 50
4 6
49 53
24 29
10 50
1 2
49 55
50 53
1 16
51 53
10 30
20 22
