0 4
0 3
37 53
31 44
12 55
0 25
0 28
29 30
1 45
0 19
8 40
4 54
0 11
7 32
35 37
19 33
0 7
0 8
0 29
0 10
0 45
39 40
0 48
22 24
0 31
0 32
22 53
0 34
0 40
4 8
6 7
0 39
0 49
0 53
17 26
9 55
1 4
11 14
39 47
1 25
1 28
39 44
15 18
10 14
1 19
40 55
1 11
2 50
0 22
18 31
15 44
18 43
17 27
1 10
42 50
39 43
13 32
1 31
1 32
1 34
15 54
31 51
1 49
1 53
26 54
30 48
3 15
17 48
0 13
32 48
18 39
33 44
28 36
6 40
2 34
15 39
26 51
32 55
23 35
3 37
8 26
20 28
3 45
0 26
40 48
27 46
3 34
8 11
3 22
4 53
2 11
29 39
4 25
4 28
0 36
14 20
33 45
4 26
4 11
26 44
4 15
9 21
4 7
4 50
22 28
4 10
4 45
45 46
37 45
4 32
4 34
24 45
17 32
4 39
18 19
4 51
28 48
5 53
15 32
9 10
29 40
17 51
39 55
7 33
51 52
6 34
14 45
10 18
7 25
7 28
0 23
7 16
1 37
0 44
7 8
36 38
7 10
46 50
7 45
14 48
7 48
7 31
12 21
0 17
7 34
1 43
7 39
7 49
7 53
3 49
17 49
7 55
22 45
8 25
11 30
4 29
42 45
20 31
24 55
40 54
8 45
13 15
8 34
2 53
11 19
8 39
31 43
9 25
9 28
9 48
23 38
10 49
44 50
3 53
2 32
29 31
8 18
16 30
9 34
11 51
31 35
9 53
29 49
17 36
2 29
0 33
10 25
10 28
6 55
16 29
0 2
18 48
10 26
10 11
7 26
10 15
10 45
5 6
10 32
9 26
10 34
10 42
20 25
10 39
9 32
10 51
18 47
11 25
11 28
4 42
33 54
17 24
3 7
0 30
11 26
33 50
26 29
24 48
11 45
6 28
11 31
11 32
11 34
11 39
11 49
11 53
7 51
40 49
12 24
1 38
12 27
10 23
12 34
8 50
16 50
26 42
13 25
17 45
10 52
39 50
30 50
13 34
11 42
14 25
1 17
32 37
28 54
45 55
32 51
14 34
9 39
3 11
15 25
15 28
0 51
42 55
20 37
29 43
3 32
2 28
15 34
34 43
41 45
15 53
15 51
32 52
2 10
14 28
26 30
1 6
4 9
16 31
21 24
49 50
16 34
31 50
39 42
1 23
16 49
34 52
1 16
33 53
16 55
13 26
17 25
17 28
29 38
20 45
7 36
14 53
9 17
17 34
3 10
25 30
8 21
17 53
6 10
3 9
15 40
4 13
10 31
25 44
18 34
11 16
14 32
22 32
20 47
45 47
19 25
19 28
19 26
19 45
7 29
19 31
19 34
19 39
19 49
19 53
7 17
16 32
2 13
45 50
17 50
4 49
20 26
20 34
23 42
1 55
30 55
11 48
21 34
35 53
0 15
15 43
26 50
1 9
22 34
10 22
1 54
30 45
14 15
3 51
0 55
26 37
16 17
23 27
20 50
25 40
1 29
13 48
1 51
12 35
6 49
24 34
2 51
24 39
24 53
12 29
27 55
25 28
25 29
25 26
25 45
25 48
8 10
25 31
25 32
25 34
6 39
25 42
26 45
25 37
25 39
25 49
25 53
25 50
25 51
34 36
53 54
26 28
14 39
13 23
26 31
26 32
26 34
22 49
11 54
8 53
26 49
26 53
7 30
9 45
22 25
27 39
3 20
28 29
28 45
28 31
28 32
28 34
28 42
11 17
28 39
28 49
28 53
28 50
28 51
18 49
4 18
22 37
15 35
29 34
9 11
25 47
29 53
1 8
4 16
25 54
42 49
1 30
30 34
15 16
16 40
48 50
0 14
31 45
29 51
31 32
31 34
29 55
13 28
11 47
31 39
31 49
31 53
23 50
31 55
32 45
19 42
32 34
9 54
8 55
22 51
32 39
32 49
32 53
33 42
33 47
4 37
2 49
1 18
49 51
33 34
7 9
42 44
12 42
9 44
34 44
34 45
34 46
14 26
34 48
34 40
34 42
22 48
34 37
34 39
34 49
34 53
34 50
34 51
22 31
34 54
34 55
0 20
16 20
1 13
17 31
17 40
4 19
2 26
8 31
7 54
16 25
39 45
9 24
39 48
30 39
16 46
39 49
39 53
6 16
40 45
19 51
9 29
13 39
42 51
28 30
24 31
31 37
1 40
20 53
42 53
11 18
13 37
26 36
18 53
15 49
8 15
0 16
33 49
35 45
45 48
45 49
45 53
0 42
3 31
24 42
4 6
49 53
15 42
39 54
1 2
49 55
50 53
20 54
51 53
10 44
2 25
