0 4
0 3
14 53
4 44
16 25
0 25
0 28
18 19
0 1
0 19
40 53
4 54
0 11
7 32
23 47
44 49
0 7
0 8
0 18
0 10
0 45
3 39
0 48
22 45
0 31
0 32
14 22
0 34
0 40
4 8
0 6
0 39
0 49
0 53
17 26
11 15
1 4
11 30
36 39
1 25
1 28
6 50
0 17
14 32
1 19
8 20
1 11
29 39
32 54
22 53
38 51
20 28
17 42
1 10
9 45
47 54
11 18
1 31
1 32
1 34
1 15
31 51
1 49
1 53
30 40
32 48
3 55
23 50
0 46
8 55
10 13
44 45
28 43
3 37
2 34
39 51
15 54
11 55
31 36
2 40
13 48
18 31
3 45
0 26
40 48
27 46
3 34
8 11
26 43
10 53
11 37
5 6
4 25
4 28
45 47
25 35
25 33
4 26
4 11
39 47
4 15
29 45
4 7
17 44
2 45
4 10
4 45
41 45
14 45
4 32
4 34
0 24
3 17
4 39
9 16
4 51
28 48
5 53
15 32
10 44
29 55
15 50
12 55
7 33
6 51
6 34
37 45
10 20
7 25
7 28
0 43
7 16
1 37
0 44
7 8
4 38
7 10
24 42
7 45
8 37
7 48
7 31
12 21
17 39
7 34
31 54
7 39
7 49
7 53
3 31
8 42
7 55
0 50
8 25
13 32
23 52
7 42
8 22
24 55
20 39
8 45
15 20
8 34
30 53
11 19
8 39
15 49
9 25
9 28
7 17
12 36
10 49
44 55
3 8
18 26
29 31
1 30
2 53
9 34
15 35
22 43
9 53
4 22
17 49
17 18
26 44
10 25
10 28
33 39
16 45
15 55
18 50
10 26
10 11
26 36
10 15
10 45
9 32
10 32
3 9
10 34
9 24
20 25
10 39
8 29
10 51
20 31
11 25
11 28
4 16
17 32
2 29
3 7
29 54
11 26
17 33
24 29
24 48
11 45
6 44
11 31
11 32
11 34
11 39
11 49
11 53
7 51
40 49
12 24
1 52
12 27
4 23
12 34
31 50
2 10
26 42
13 25
36 45
10 30
17 31
6 30
13 34
9 11
14 25
1 42
12 50
31 47
6 42
32 51
14 34
38 50
11 40
15 25
15 28
13 45
35 50
22 37
9 29
6 53
22 28
15 34
34 47
15 45
15 53
15 51
11 52
30 49
28 37
20 26
1 7
49 50
16 31
21 24
10 50
16 34
1 50
9 39
30 55
16 49
34 52
1 16
28 33
16 55
13 26
17 25
17 28
7 9
45 51
35 53
10 14
25 30
17 34
1 40
2 26
22 32
17 53
31 40
9 51
40 51
13 53
4 31
1 29
18 34
16 22
32 37
2 16
14 43
30 45
19 25
19 28
19 26
19 45
21 29
19 31
19 34
19 39
19 49
19 53
39 42
32 55
2 11
29 48
10 17
4 49
26 30
20 34
23 42
1 55
0 54
11 48
21 34
32 47
0 55
15 40
9 26
9 12
22 34
18 32
49 54
10 29
8 51
3 51
0 20
26 37
50 55
23 27
46 50
3 25
1 9
48 53
43 51
7 35
16 33
24 34
2 25
24 39
24 53
29 42
27 55
25 28
25 29
25 26
25 45
25 48
8 10
25 31
25 32
25 34
39 44
25 42
26 45
25 37
25 39
25 49
25 53
25 50
25 51
34 43
7 54
26 28
14 39
14 54
26 31
26 32
26 34
20 22
15 26
19 33
26 49
26 53
15 22
42 45
22 25
27 39
1 44
28 29
28 45
28 31
28 32
28 34
28 42
11 17
28 39
28 49
28 53
28 50
28 51
18 51
18 42
13 23
14 15
29 34
6 31
20 36
29 53
11 50
10 42
25 54
33 35
28 30
30 34
27 29
9 30
1 48
14 49
31 45
42 48
31 32
31 34
33 50
13 28
36 38
31 39
31 49
31 53
9 49
31 55
32 45
16 42
32 34
17 51
46 48
18 40
32 39
32 49
32 53
6 7
7 20
4 37
2 39
22 39
49 51
33 34
0 30
4 29
26 29
3 33
34 44
34 45
34 46
14 26
34 48
34 40
34 42
1 18
34 37
34 39
34 49
34 53
34 50
34 51
2 49
34 54
34 55
39 55
3 16
1 13
16 17
8 49
4 19
24 54
48 54
20 37
11 16
39 45
9 31
39 48
1 23
16 21
39 49
39 53
8 26
40 45
13 15
17 40
13 39
15 17
18 28
0 42
0 14
3 4
20 53
42 53
26 54
13 37
10 33
18 53
24 31
19 51
0 16
9 35
23 45
45 48
45 49
45 53
0 29
32 40
19 50
4 42
49 53
9 42
6 49
2 48
49 55
50 53
1 2
51 53
16 50
2 28
