0 4
0 3
31 40
11 37
1 38
0 25
0 28
11 30
33 40
0 19
34 52
20 53
0 11
13 53
11 13
9 11
0 7
0 8
28 37
0 10
0 45
45 55
0 48
1 48
0 31
0 32
2 39
0 34
0 40
9 39
24 48
0 39
0 49
0 53
0 2
19 54
1 4
26 42
33 42
1 25
1 28
33 50
3 9
4 53
1 19
37 49
1 11
4 20
29 39
12 29
42 48
42 45
7 44
1 10
44 49
31 54
47 51
1 31
1 32
1 34
29 50
1 9
1 49
1 53
0 54
9 36
0 16
21 55
23 26
6 45
16 45
1 17
0 30
35 39
2 34
11 19
18 53
26 50
9 32
20 28
0 37
4 42
3 45
22 32
1 22
6 17
3 34
34 47
22 31
15 38
15 19
12 43
4 25
4 28
8 40
24 29
20 47
4 26
4 11
26 43
4 15
20 32
4 7
33 49
6 20
4 10
4 45
14 32
0 1
4 32
4 34
2 45
18 25
4 39
11 14
4 51
15 17
5 53
6 16
30 45
37 39
4 37
7 40
14 15
9 55
6 34
13 26
24 46
7 25
7 28
2 11
7 16
30 35
40 42
7 8
22 40
7 10
13 45
7 45
26 37
7 48
7 31
1 50
1 18
7 34
26 33
7 39
7 49
7 53
9 10
14 53
7 55
20 49
8 25
2 28
14 30
17 31
1 37
22 48
14 39
8 45
13 28
8 34
8 17
2 53
8 39
19 33
9 25
9 28
14 51
3 11
42 44
7 50
10 48
3 26
25 44
18 26
32 52
9 34
39 50
31 51
9 53
17 22
1 30
23 50
7 42
10 25
10 28
8 28
54 55
27 29
11 36
10 26
10 11
14 45
10 15
10 45
0 50
10 32
2 17
10 34
33 39
11 18
10 39
4 19
10 51
2 24
11 25
11 28
7 9
21 27
7 30
44 45
3 51
11 26
16 39
22 51
4 6
11 45
15 31
11 31
11 32
11 34
11 39
11 49
11 53
0 14
30 51
12 24
40 49
12 27
47 52
12 34
40 53
6 7
13 23
13 25
45 51
0 18
34 36
23 42
13 34
1 13
14 25
13 37
3 13
43 51
8 26
3 4
14 34
10 33
9 26
15 25
15 28
13 36
31 47
9 15
9 29
24 55
4 54
15 34
10 13
24 31
15 53
15 51
26 29
23 38
3 48
29 51
25 30
0 6
16 31
0 46
9 16
16 34
3 39
11 15
33 35
16 49
26 35
0 15
10 14
16 55
49 54
17 25
17 28
6 44
7 47
4 23
0 24
8 49
17 34
10 31
29 43
18 55
17 53
32 48
16 20
12 16
9 24
11 20
8 10
18 34
6 53
48 53
0 36
20 37
4 18
19 25
19 28
19 26
19 45
18 22
19 31
19 34
19 39
19 49
19 53
31 50
20 39
4 49
1 55
29 31
8 54
17 20
20 34
1 15
0 26
16 32
15 44
21 34
11 16
8 9
28 35
10 29
10 50
22 34
6 31
21 48
45 47
46 50
32 51
15 18
36 53
10 17
23 27
14 54
10 52
20 25
8 37
2 49
32 42
17 49
24 34
38 50
24 39
24 53
17 26
36 45
25 28
25 29
25 26
25 45
25 48
29 48
25 31
25 32
25 34
3 16
25 42
25 40
25 37
25 39
25 49
25 53
25 50
25 51
18 50
39 51
26 28
17 32
22 25
26 31
26 32
26 34
11 48
28 30
45 50
26 49
26 53
39 42
29 45
16 25
27 39
17 24
28 29
28 45
28 31
28 32
28 34
28 42
18 28
28 39
28 49
28 53
28 50
28 51
16 27
39 54
29 55
32 40
29 34
18 37
7 32
29 53
32 55
22 28
17 54
25 54
8 11
30 34
6 28
2 51
26 30
2 10
31 45
30 53
31 32
31 34
22 53
44 55
48 55
31 39
31 49
31 53
15 55
31 55
32 45
50 55
32 34
4 50
8 15
12 42
32 39
32 49
32 53
10 49
9 40
25 35
41 45
40 54
1 7
33 34
1 16
4 55
1 33
7 54
34 44
34 45
34 46
3 15
34 48
34 40
34 42
20 26
34 37
34 39
34 49
34 53
34 50
34 51
3 55
34 54
34 55
39 44
0 29
31 42
18 42
26 54
39 43
5 33
0 23
9 49
1 45
39 45
42 46
39 48
17 45
10 30
39 49
39 53
1 14
40 45
8 13
2 3
42 49
7 51
17 50
42 51
30 48
29 32
22 45
42 53
22 43
12 21
0 17
2 26
40 51
19 29
3 31
16 17
4 44
45 48
45 49
45 53
9 42
16 29
15 32
8 22
49 53
2 31
44 50
15 49
49 55
50 53
23 43
51 53
1 51
35 49
