0 4
0 3
17 32
18 28
45 55
0 25
0 28
17 36
37 45
0 19
0 24
20 51
0 11
23 43
11 55
10 49
0 7
0 8
24 50
0 10
0 45
36 44
0 48
8 29
0 31
0 32
15 31
0 34
0 40
9 16
11 37
0 39
0 49
0 53
20 26
42 44
1 4
45 50
22 29
1 25
1 28
14 28
33 53
17 48
1 19
9 32
1 11
16 18
26 54
10 23
3 15
42 54
15 20
1 10
0 1
31 40
22 48
1 31
1 32
1 34
10 53
39 51
1 49
1 53
12 36
1 22
6 29
24 55
0 37
8 32
4 33
11 50
10 48
13 23
2 34
28 30
30 39
24 30
13 31
8 22
10 37
26 45
3 45
26 42
7 54
16 27
3 34
43 49
42 48
25 30
40 44
28 33
4 25
4 28
9 26
16 26
17 40
4 26
4 11
53 54
4 15
13 14
4 7
2 45
12 55
4 10
4 45
35 38
1 13
4 32
4 34
40 51
18 39
4 39
17 39
4 51
29 49
5 53
9 29
24 31
40 48
12 17
4 31
42 55
1 2
6 34
12 46
33 39
7 25
7 28
3 4
7 16
4 17
14 32
7 8
24 46
7 10
18 55
7 45
10 18
7 48
7 31
21 55
16 32
7 34
6 49
7 39
7 49
7 53
30 45
0 2
7 55
29 32
8 25
16 40
17 26
17 42
20 37
19 33
15 42
8 45
32 55
8 34
9 49
9 45
8 39
32 48
9 25
9 28
0 41
14 26
25 54
9 42
2 37
29 31
10 14
3 48
39 43
9 34
30 51
0 47
9 53
6 50
9 51
7 18
17 31
10 25
10 28
0 6
10 30
8 37
6 7
10 26
10 11
16 45
10 15
10 45
3 49
10 32
20 45
10 34
22 30
3 14
10 39
18 26
10 51
37 53
11 25
11 28
0 29
5 6
20 40
15 49
32 51
11 26
31 51
43 54
18 19
11 45
11 30
11 31
11 32
11 34
11 39
11 49
11 53
1 7
10 33
12 24
7 15
12 27
0 26
12 34
14 35
13 20
18 25
13 25
42 51
26 29
35 39
31 44
13 34
27 46
14 25
44 50
22 43
8 11
0 21
9 21
14 34
1 23
30 32
15 25
15 28
45 51
27 42
2 49
1 8
33 51
3 7
15 34
11 40
39 50
15 53
15 51
7 44
1 51
15 37
12 50
9 55
15 48
16 31
2 28
48 53
16 34
31 42
9 10
7 9
16 49
38 51
0 16
17 38
16 55
48 49
17 25
17 28
29 47
32 54
8 28
9 17
45 47
17 34
4 16
1 55
35 49
17 53
22 49
6 33
0 35
13 53
6 16
16 17
18 34
28 43
18 45
6 26
17 24
8 24
19 25
19 28
19 26
19 45
33 49
19 31
19 34
19 39
19 49
19 53
3 9
6 45
31 50
1 30
22 35
28 54
8 55
20 34
17 45
16 39
14 15
22 25
21 34
0 42
11 51
25 40
0 44
15 32
22 34
13 45
22 28
22 53
15 19
4 50
2 32
11 54
29 55
23 27
7 50
32 42
30 49
15 40
39 40
10 20
10 42
24 34
15 55
24 39
24 53
50 54
4 42
25 28
25 29
25 26
25 45
25 48
10 38
25 31
25 32
25 34
26 52
25 42
42 45
25 37
25 39
25 49
25 53
25 50
25 51
10 17
8 26
26 28
3 20
1 29
26 31
26 32
26 34
20 39
9 46
40 53
26 49
26 53
11 19
9 31
23 45
27 39
43 51
28 29
28 45
28 31
28 32
28 34
28 42
4 37
28 39
28 49
28 53
28 50
28 51
26 33
2 48
36 51
25 47
29 34
11 14
29 44
29 53
0 54
1 37
1 50
34 52
48 54
30 34
6 39
17 55
40 54
26 50
31 45
29 39
31 32
31 34
8 50
16 44
1 18
31 39
31 49
31 53
20 49
31 55
32 45
1 36
32 34
8 13
2 25
34 35
32 39
32 49
32 53
2 51
25 33
23 50
0 9
8 21
1 3
33 34
29 30
7 47
1 20
2 16
34 44
34 45
34 46
13 26
34 48
34 40
34 42
9 39
34 37
34 39
34 49
34 53
34 50
34 51
22 44
34 54
34 55
4 54
32 52
14 45
4 48
3 31
2 53
16 25
0 18
7 29
23 29
39 45
15 26
39 48
2 31
17 22
39 49
39 53
4 44
40 45
4 20
3 55
2 14
7 11
23 52
3 11
4 19
18 50
24 29
42 53
13 39
11 36
22 31
1 47
11 20
11 13
1 42
14 39
26 37
45 48
45 49
45 53
13 28
18 53
19 50
34 36
49 53
15 50
47 53
4 49
49 55
50 53
30 53
51 53
0 15
3 42
