0 4
0 3
11 37
4 14
45 55
0 25
0 28
1 43
37 45
0 19
19 44
19 51
0 11
23 43
8 16
4 54
0 7
0 8
42 51
0 10
0 45
1 13
0 48
17 38
0 31
0 32
15 31
0 34
0 40
24 50
11 17
0 39
0 49
0 53
1 18
28 44
1 4
29 45
18 28
1 25
1 28
37 53
26 30
21 24
1 19
9 55
1 11
7 17
0 30
10 16
3 15
31 37
11 22
1 10
0 1
31 44
18 19
1 31
1 32
1 34
4 53
15 32
1 49
1 53
12 35
13 22
4 23
16 24
0 37
8 32
4 6
44 50
10 48
13 23
2 34
2 28
29 42
28 30
13 14
20 45
10 37
1 45
3 45
9 26
7 18
16 27
3 34
47 49
9 50
17 24
2 48
42 46
4 25
4 28
1 17
33 47
15 48
4 26
4 11
20 25
4 15
49 54
4 7
0 2
12 16
4 10
4 45
8 26
22 32
4 32
4 34
3 51
2 43
4 39
17 39
4 51
6 33
5 53
17 55
24 31
3 18
12 42
9 10
42 45
26 54
6 34
12 46
6 39
7 25
7 28
18 31
7 16
2 29
14 32
7 8
8 46
7 10
23 29
7 45
3 17
7 48
7 31
0 16
11 55
7 34
6 49
7 39
7 49
7 53
16 22
11 48
7 55
11 50
8 25
40 53
10 40
40 42
4 20
6 16
17 35
8 45
16 32
8 34
17 49
0 9
8 39
20 28
9 25
9 28
41 45
14 26
25 30
29 31
45 54
35 49
10 14
2 40
22 55
9 34
20 53
0 43
9 53
6 42
31 42
8 22
40 54
10 25
10 28
33 45
8 17
8 13
6 7
10 26
10 11
16 45
10 15
10 45
3 49
10 32
2 39
10 34
50 54
3 14
10 39
22 26
10 51
15 37
11 25
11 28
17 26
5 33
11 30
49 51
39 51
11 26
31 51
22 25
2 24
11 45
0 17
11 31
11 32
11 34
11 39
11 49
11 53
1 16
9 24
12 24
22 37
12 27
0 26
12 34
13 47
6 20
18 51
13 25
39 54
1 9
36 39
4 33
13 34
27 46
14 25
1 44
7 43
8 40
15 50
10 19
14 34
1 48
4 30
15 25
15 28
45 51
42 50
31 54
26 38
33 51
7 40
15 34
32 40
39 50
15 53
15 51
7 33
1 51
13 15
19 50
29 55
51 55
16 31
22 28
8 28
16 34
9 31
10 31
3 42
16 49
15 47
21 55
39 42
16 55
31 48
17 25
17 28
23 38
40 44
48 53
48 50
26 51
17 34
28 36
25 44
10 29
17 53
7 30
7 26
0 35
13 53
16 26
9 45
18 34
30 43
0 18
1 33
29 44
8 24
19 25
19 28
19 26
19 45
49 50
19 31
19 34
19 39
19 49
19 53
7 42
6 45
7 50
1 20
18 49
25 54
9 11
20 34
42 47
39 55
11 42
30 47
21 34
45 50
11 51
3 25
24 45
11 15
22 34
0 21
22 45
2 53
18 37
4 29
32 55
0 51
2 55
23 27
12 29
8 9
15 30
15 40
39 40
20 26
9 29
24 34
29 51
24 39
24 53
17 54
2 50
25 28
25 29
25 26
25 45
25 48
10 38
25 31
25 32
25 34
20 49
25 42
19 32
25 37
25 39
25 49
25 53
25 50
25 51
50 55
23 26
26 28
9 20
1 29
26 31
26 32
26 34
11 20
29 48
3 16
26 49
26 53
31 33
16 17
30 45
27 39
36 52
28 29
28 45
28 31
28 32
28 34
28 42
1 37
28 39
28 49
28 53
28 50
28 51
3 48
10 22
36 45
25 35
29 34
11 14
0 29
29 53
51 54
1 14
1 50
34 52
20 48
30 34
33 39
22 39
2 32
26 50
31 45
9 39
31 32
31 34
32 50
40 49
18 26
31 39
31 49
31 53
34 35
31 55
32 45
15 17
32 34
14 28
2 25
34 36
32 39
32 49
32 53
7 15
0 44
9 23
0 13
14 48
3 26
33 34
10 42
35 39
22 49
9 16
34 44
34 45
34 46
26 36
34 48
34 40
34 42
27 29
34 37
34 39
34 49
34 53
34 50
34 51
44 53
34 54
34 55
10 49
11 52
0 14
4 8
3 31
53 54
25 55
18 30
9 21
29 49
39 45
15 43
39 48
8 20
0 23
39 49
39 53
4 44
40 45
14 18
3 55
30 53
13 32
15 52
11 40
4 17
1 54
6 55
42 53
37 39
36 53
30 32
2 42
32 48
7 32
1 42
13 39
26 37
45 48
45 49
45 53
13 28
18 53
17 33
32 47
49 53
6 29
10 54
4 31
49 55
50 53
4 9
51 53
15 20
42 49
