0 4
0 3
0 37
14 23
26 50
0 25
0 28
9 26
11 13
0 19
42 45
2 15
0 11
8 31
18 26
10 19
0 7
0 8
1 50
0 10
0 45
30 55
0 48
10 13
0 31
0 32
15 49
0 34
0 40
39 42
23 26
0 39
0 49
0 53
14 30
19 44
1 4
29 50
13 20
1 25
1 28
37 53
0 21
9 48
1 19
10 42
1 11
11 38
4 22
21 29
31 40
0 55
9 45
1 10
0 1
25 44
0 20
1 31
1 32
1 34
10 17
39 43
1 49
1 53
0 35
2 4
7 30
16 25
8 53
8 14
22 28
0 17
10 48
40 55
2 34
36 45
17 51
17 48
13 45
11 18
13 49
26 29
3 45
8 24
25 54
27 55
3 34
35 39
15 18
17 26
14 53
42 52
4 25
4 28
1 9
35 44
1 43
4 26
4 11
17 39
4 15
2 43
4 7
37 45
13 18
4 10
4 45
1 38
11 42
4 32
4 34
15 40
28 54
4 39
8 46
4 51
6 33
5 53
0 16
31 44
1 17
19 50
1 45
49 50
11 54
6 34
12 21
6 39
7 25
7 28
11 48
7 16
12 47
14 32
7 8
24 46
7 10
42 46
7 45
4 49
7 48
7 31
6 26
11 16
7 34
24 31
7 39
7 49
7 53
2 25
32 48
7 55
14 51
8 25
9 40
15 19
9 11
23 43
9 39
11 50
8 45
16 32
8 34
4 40
16 29
8 39
20 28
9 25
9 28
0 41
8 37
8 20
4 13
9 31
20 55
4 9
20 40
1 14
9 34
29 36
16 17
9 53
28 43
20 37
45 54
36 51
10 25
10 28
47 51
8 22
13 26
6 7
10 26
10 11
33 49
10 15
10 45
3 49
10 32
18 48
10 34
32 40
29 54
10 39
1 48
10 51
4 38
11 25
11 28
17 42
0 29
18 31
49 51
15 39
11 26
15 31
25 30
30 53
11 45
12 42
11 31
11 32
11 34
11 39
11 49
11 53
16 26
10 37
12 24
4 48
12 27
0 33
12 34
15 37
32 42
45 50
13 25
1 22
1 3
18 30
10 33
13 34
0 51
14 25
11 40
20 24
8 32
21 27
4 23
14 34
20 53
40 53
15 25
15 28
15 42
0 9
34 36
7 20
14 39
3 7
15 34
22 39
16 40
15 53
15 51
7 44
20 47
3 22
9 32
33 45
45 55
16 31
3 8
28 48
16 34
7 29
6 49
8 17
16 49
44 45
46 55
31 50
16 55
10 31
17 25
17 28
23 38
3 44
8 9
29 31
45 51
17 34
3 50
12 16
1 6
17 53
1 30
7 26
9 30
3 14
32 54
4 17
18 34
23 42
22 29
53 54
9 29
15 48
19 25
19 28
19 26
19 45
50 55
19 31
19 34
19 39
19 49
19 53
42 50
28 33
27 42
1 2
18 53
7 47
17 55
20 34
18 28
39 55
9 49
26 54
21 34
16 44
11 51
3 25
1 15
2 31
22 34
24 42
2 51
25 35
10 18
22 44
11 55
30 45
17 23
23 27
12 17
19 22
10 53
40 51
18 51
2 28
9 33
24 34
32 51
24 39
24 53
18 45
11 37
25 28
25 29
25 26
25 45
25 48
34 52
25 31
25 32
25 34
6 16
25 42
19 32
25 37
25 39
25 49
25 53
25 50
25 51
9 16
8 26
26 28
15 32
16 51
26 31
26 32
26 34
40 54
0 43
3 39
26 49
26 53
6 29
7 42
26 30
27 39
47 52
28 29
28 45
28 31
28 32
28 34
28 42
1 37
28 39
28 49
28 53
28 50
28 51
10 29
33 50
23 45
15 26
29 34
13 37
20 39
29 53
10 54
14 26
7 50
42 49
9 55
30 34
15 17
2 55
29 33
15 50
31 45
30 49
31 32
31 34
20 32
40 49
36 42
31 39
31 49
31 53
35 54
31 55
32 45
24 29
32 34
28 37
22 25
31 35
32 39
32 49
32 53
7 15
33 39
2 53
7 11
2 26
6 50
33 34
4 29
49 54
2 45
2 29
34 44
34 45
34 46
26 47
34 48
34 40
34 42
11 22
34 37
34 39
34 49
34 53
34 50
34 51
44 53
34 54
34 55
6 10
36 53
14 45
4 55
3 51
50 54
16 24
16 48
18 39
2 17
39 45
43 49
39 48
30 31
0 26
39 49
39 53
3 48
40 45
1 54
1 55
20 25
13 32
30 32
5 44
0 50
4 33
0 22
42 53
13 39
10 22
22 49
24 45
30 48
32 35
1 29
13 36
26 37
45 48
45 49
45 53
14 28
0 18
6 51
34 47
49 53
31 42
3 17
4 31
49 55
50 53
17 24
51 53
51 52
39 50
