0 4
0 3
40 49
11 37
15 47
0 25
0 28
45 51
6 31
0 19
34 38
8 22
0 11
14 22
11 13
9 26
0 7
0 8
0 37
0 10
0 45
45 55
0 48
1 8
0 31
0 32
30 32
0 34
0 40
8 42
8 24
0 39
0 49
0 53
20 48
8 32
1 4
42 50
6 29
1 25
1 28
27 42
9 38
7 29
1 19
37 45
1 11
30 40
17 39
29 31
1 50
9 29
7 44
1 10
4 6
22 53
7 51
1 31
1 32
1 34
9 24
12 17
1 49
1 53
0 41
9 10
0 55
16 50
23 26
24 45
9 45
11 42
22 45
43 45
2 34
7 11
18 53
30 44
20 40
28 54
0 14
28 44
3 45
22 31
1 2
42 51
3 34
34 47
20 49
15 38
15 19
12 47
4 25
4 28
10 22
29 55
18 42
4 26
4 11
1 43
4 15
22 55
4 7
33 49
6 39
4 10
4 45
14 32
0 1
4 32
4 34
0 18
15 20
4 39
11 14
4 51
1 17
5 53
0 44
1 9
13 39
4 14
3 17
37 53
45 46
6 34
14 26
24 46
7 25
7 28
2 32
7 16
12 16
47 50
7 8
22 36
7 10
13 14
7 45
26 51
7 48
7 31
11 50
1 18
7 34
26 33
7 39
7 49
7 53
9 32
13 51
7 55
49 51
8 25
10 20
18 35
45 50
13 23
18 31
13 15
8 45
0 54
8 34
0 17
11 54
8 39
6 49
9 25
9 28
51 54
3 11
1 44
31 50
50 51
3 26
25 44
17 24
32 52
9 34
39 50
2 19
9 53
16 29
18 29
0 16
12 42
10 25
10 28
8 28
3 7
29 45
11 29
10 26
10 11
14 45
10 15
10 45
4 17
10 32
11 20
10 34
1 20
32 36
10 39
2 28
10 51
18 39
11 25
11 28
7 17
27 46
13 36
44 45
40 51
11 26
16 39
2 49
10 33
11 45
15 31
11 31
11 32
11 34
11 39
11 49
11 53
28 37
30 49
12 24
3 31
12 27
1 52
12 34
22 40
7 33
1 13
13 25
17 23
10 42
15 35
17 29
13 34
13 26
14 25
21 42
10 14
43 52
8 15
3 49
14 34
6 10
27 55
15 25
15 28
7 43
28 47
13 48
10 49
4 16
2 36
15 34
10 31
24 31
15 53
15 51
29 48
23 38
8 16
0 50
25 30
16 25
16 31
0 42
17 35
16 34
6 40
11 51
6 53
16 49
22 29
17 31
31 37
16 55
18 49
17 25
17 28
5 44
8 37
4 23
29 51
4 54
17 34
4 37
4 50
25 54
17 53
32 48
16 26
20 26
4 9
13 30
11 48
18 34
19 33
8 53
18 26
7 54
10 19
19 25
19 28
19 26
19 45
2 45
19 31
19 34
19 39
19 49
19 53
26 48
22 28
4 49
24 50
29 40
20 28
17 42
20 34
1 15
0 26
16 32
9 55
21 34
11 55
49 50
35 45
15 50
7 50
22 34
40 53
9 49
39 47
40 48
3 51
18 48
33 36
10 29
23 27
14 28
10 52
22 25
21 48
24 54
29 30
17 55
24 34
26 50
24 39
24 53
26 35
31 43
25 28
25 29
25 26
25 45
25 48
2 16
25 31
25 32
25 34
16 51
25 42
25 40
25 37
25 39
25 49
25 53
25 50
25 51
15 33
39 51
26 28
20 30
2 25
26 31
26 32
26 34
10 48
4 30
8 50
26 49
26 53
39 42
15 45
16 33
27 39
17 45
28 29
28 45
28 31
28 32
28 34
28 42
2 8
28 39
28 49
28 53
28 50
28 51
30 55
20 53
42 49
3 32
29 34
37 40
19 32
29 53
32 55
18 28
39 54
20 25
6 17
30 34
43 53
30 51
1 30
30 53
31 45
13 53
31 32
31 34
2 53
44 55
3 48
31 39
31 49
31 53
16 24
31 55
32 45
8 29
32 34
23 50
31 48
1 42
32 39
32 49
32 53
4 53
9 11
36 39
0 33
7 20
1 54
33 34
1 16
40 55
32 54
26 30
34 44
34 45
34 46
15 32
34 48
34 40
34 42
26 45
34 37
34 39
34 49
34 53
34 50
34 51
3 55
34 54
34 55
39 44
23 35
0 47
2 51
18 32
34 36
6 44
0 23
31 42
7 26
39 45
17 26
39 48
29 54
9 39
39 49
39 53
1 14
40 45
20 37
2 39
21 55
25 43
9 21
3 4
0 2
17 33
10 54
42 53
0 22
12 46
6 9
45 54
15 40
9 19
3 39
18 37
4 48
45 48
45 49
45 53
26 42
42 55
11 15
14 39
49 53
22 42
9 33
15 49
49 55
50 53
3 9
51 53
1 37
31 35
