32 49
76 77
67 87
10 26
9 68
38 97
67 88
67 71
51 83
41 86
10 58
49 92
54 63
6 33
49 57
2 96
2 83
2 97
2 51
2 62
2 61
2 35
2 57
2 56
2 53
2 33
2 59
2 18
2 5
56 62
23 92
2 38
2 14
40 50
43 75
48 81
23 69
42 45
28 85
71 80
2 36
67 80
10 68
5 56
5 83
5 97
5 61
5 35
16 78
15 80
6 96
59 62
35 53
15 27
6 59
3 73
53 96
26 47
48 78
6 61
18 59
23 24
14 51
22 30
78 96
69 86
22 24
32 61
10 84
9 10
9 63
42 52
18 51
1 52
30 60
25 63
10 63
63 75
52 88
88 91
77 90
4 90
10 48
42 67
55 66
21 64
34 66
20 76
66 88
48 68
1 50
17 36
30 77
31 95
14 96
14 83
14 97
33 59
14 62
14 61
14 35
14 57
14 56
17 90
14 33
14 18
6 97
30 41
43 58
44 72
25 84
4 19
25 81
10 77
52 66
58 71
13 65
30 86
39 49
54 57
48 96
5 96
59 96
18 97
20 57
18 62
18 61
18 35
18 57
43 68
70 72
18 56
10 75
43 63
31 81
22 76
9 81
15 60
50 87
18 96
52 87
45 91
11 79
26 43
51 57
0 71
29 73
50 95
48 84
44 87
20 41
17 48
68 97
67 72
63 68
9 48
60 66
31 79
50 82
50 58
40 87
7 11
43 48
4 76
31 42
30 32
45 88
16 67
43 69
44 70
9 42
57 69
45 82
82 91
87 91
53 83
42 95
21 55
36 63
13 34
31 67
20 85
31 70
1 67
79 88
87 95
31 82
31 91
27 77
37 49
31 87
31 52
31 50
10 36
31 45
4 22
18 33
19 86
19 32
45 72
31 72
33 96
33 83
33 97
33 38
33 62
33 61
33 35
33 57
33 56
38 62
5 14
14 38
0 75
35 96
35 83
35 97
1 92
35 62
35 61
35 57
35 56
35 59
26 32
86 90
35 38
72 95
0 9
38 83
0 10
38 96
44 88
5 38
59 97
18 53
38 61
57 83
15 94
18 83
24 47
10 81
24 54
7 63
21 32
41 61
55 84
72 87
44 67
31 44
52 79
44 91
57 78
21 73
44 52
44 50
91 95
45 67
40 70
44 82
37 57
70 95
0 84
63 84
45 52
32 86
45 50
44 95
5 53
48 63
40 45
13 92
9 84
19 76
22 90
36 68
36 94
38 57
50 67
4 98
50 70
50 72
47 66
0 25
61 69
50 91
51 96
54 84
50 52
51 56
4 24
51 61
35 51
38 56
5 18
52 67
41 73
52 70
52 72
52 95
3 29
82 88
52 91
25 48
40 52
14 53
70 82
53 97
8 71
53 61
53 57
53 56
75 81
32 64
48 75
16 80
6 35
86 98
31 88
24 92
56 96
56 83
56 97
0 48
56 61
56 57
56 59
45 87
57 96
10 43
57 97
5 33
57 62
57 61
5 57
57 59
6 57
20 64
75 84
9 25
53 62
59 61
40 67
10 17
76 90
61 96
61 83
61 97
61 62
62 96
62 83
62 97
68 75
70 87
63 81
52 82
1 45
17 49
22 77
7 69
55 64
13 94
6 62
67 70
1 66
19 26
67 95
67 82
26 77
67 91
33 53
73 98
50 79
4 71
1 42
3 98
0 63
61 86
64 73
20 73
70 91
16 58
79 82
2 6
19 54
51 97
72 91
40 91
25 75
70 79
60 63
61 78
10 25
21 71
6 56
23 31
9 75
31 40
83 96
83 97
15 32
34 65
55 85
45 70
44 45
10 55
36 97
19 98
21 57
96 97
