81 86
15 78
67 87
9 84
21 47
38 97
44 72
24 41
51 53
7 57
50 77
4 36
15 20
5 33
30 69
2 96
2 83
2 97
2 51
2 62
2 61
2 35
2 57
2 56
2 53
2 33
2 59
2 18
2 5
56 62
45 88
2 38
2 14
63 84
24 85
22 47
30 52
4 63
4 67
61 63
48 49
67 92
22 23
5 56
5 62
5 97
5 61
5 35
27 71
32 63
6 96
6 14
35 53
7 98
6 33
42 65
53 96
54 60
25 50
6 61
59 62
10 49
18 83
67 88
63 68
42 98
70 95
75 84
42 61
43 75
55 92
10 36
18 51
63 75
22 64
1 64
10 63
45 82
30 67
25 39
9 32
10 19
70 88
80 81
25 92
70 77
16 17
36 76
9 40
9 43
45 85
1 71
48 61
31 87
14 96
14 83
14 97
18 38
14 62
14 61
14 35
14 57
14 56
9 48
14 33
38 83
6 97
44 70
57 90
64 90
10 40
15 42
31 77
52 82
48 84
31 72
54 69
3 81
73 92
20 73
0 54
5 96
59 96
18 97
58 90
14 18
18 61
18 35
18 57
58 72
67 77
18 56
9 75
32 84
49 80
37 90
96 98
52 78
50 87
18 96
45 87
45 91
19 32
69 75
51 57
20 57
40 48
50 95
0 1
36 68
75 79
57 98
30 68
10 43
0 52
9 19
44 95
44 88
11 29
1 19
13 31
22 55
16 20
50 88
87 95
10 68
67 73
13 76
22 60
58 81
4 76
52 77
32 75
82 87
72 88
33 38
11 57
70 82
24 86
91 95
31 67
4 10
31 70
9 10
7 41
69 91
31 88
31 91
21 66
31 82
50 72
31 52
31 50
42 76
31 45
0 17
18 33
13 19
65 78
21 52
70 87
33 96
33 83
33 97
53 83
33 62
33 61
33 35
33 57
33 56
14 38
5 83
62 83
34 66
35 96
35 83
35 97
10 25
35 62
35 61
35 57
35 56
35 59
55 96
10 84
35 38
43 63
52 88
18 62
32 48
38 96
31 86
14 59
59 97
38 62
38 61
57 83
70 72
6 59
55 90
48 75
26 86
10 79
55 66
17 25
10 32
16 34
44 67
31 44
81 90
44 91
45 72
64 86
44 52
44 50
26 76
45 67
43 84
73 86
43 79
0 50
3 69
23 58
45 52
41 78
45 50
61 98
5 18
66 88
77 91
49 57
40 63
4 42
9 63
52 95
60 80
38 57
50 67
1 54
50 70
52 72
26 58
36 63
17 24
50 91
51 96
13 36
50 52
51 56
9 79
51 61
35 51
38 56
5 53
52 67
50 82
52 70
77 87
0 67
71 86
21 73
52 91
0 69
31 95
18 53
66 73
53 97
15 24
53 61
53 57
53 56
79 84
16 27
24 26
19 49
6 35
41 60
19 48
63 79
56 96
56 83
56 97
54 71
56 61
56 57
56 59
52 87
57 96
21 23
57 97
51 83
57 62
57 61
5 57
57 59
6 57
71 85
45 95
43 48
33 59
59 61
3 80
15 36
21 78
61 96
61 83
61 97
61 62
62 96
53 62
62 97
1 8
26 42
82 95
55 57
28 29
44 82
67 72
48 63
41 97
22 71
5 14
67 70
87 91
40 68
67 95
67 82
63 76
67 91
33 53
45 94
61 68
64 71
40 84
4 25
37 81
31 66
72 91
1 30
70 91
66 86
25 94
2 6
25 40
51 97
82 91
0 20
17 34
48 79
40 75
30 92
44 87
48 68
6 56
10 73
10 75
10 48
83 96
83 97
68 97
2 20
32 49
45 70
44 45
31 94
32 43
26 47
23 81
96 97
