4 47
52 88
67 87
9 84
67 73
38 97
50 82
30 63
53 62
15 55
47 81
52 98
22 73
6 33
0 10
2 96
2 83
2 97
2 51
2 62
2 61
2 35
2 57
2 56
2 53
2 33
2 59
2 18
2 5
56 62
4 25
2 38
2 14
63 84
10 52
34 48
0 52
70 88
25 26
17 19
25 75
19 63
43 66
5 56
62 83
5 97
5 61
5 35
66 81
32 63
6 96
5 83
35 53
52 95
5 33
37 73
53 96
13 41
9 25
6 61
6 38
76 77
18 83
26 73
66 69
42 68
70 95
21 31
88 91
29 58
71 98
25 57
59 83
63 75
49 71
25 63
10 63
60 69
24 69
32 75
65 77
66 86
54 90
17 68
16 19
43 75
40 43
42 47
10 45
64 73
54 61
9 15
34 97
31 87
14 96
51 83
14 97
33 38
14 62
14 61
14 35
14 57
14 56
72 82
14 33
14 53
6 97
44 70
30 55
15 26
1 55
22 26
64 71
52 82
40 48
31 72
13 76
10 67
43 63
26 90
71 96
5 96
59 96
18 97
40 58
14 18
18 61
18 35
18 57
10 31
0 50
18 56
19 75
32 40
20 58
0 36
11 30
23 97
22 71
18 96
45 87
45 91
39 55
63 90
51 57
7 36
40 84
28 68
10 21
68 90
32 84
87 91
60 63
9 43
24 90
64 78
23 70
50 88
3 61
82 91
20 69
17 92
31 82
44 72
31 88
64 94
25 84
87 95
23 67
32 43
24 79
61 80
9 75
87 88
52 78
18 38
49 79
67 82
44 82
50 95
31 67
7 31
31 70
10 32
36 52
44 88
10 36
31 91
66 80
41 68
50 87
31 52
31 50
86 92
31 45
13 85
18 33
31 36
55 86
30 90
70 87
33 96
33 83
33 97
6 14
33 62
33 61
33 35
33 57
33 56
14 83
59 62
5 62
81 92
35 96
35 83
35 97
0 31
35 62
35 61
35 57
35 56
35 59
30 68
10 84
35 38
8 79
79 80
18 62
32 48
38 96
36 67
14 59
59 97
18 51
38 61
57 83
4 42
38 53
11 86
48 75
10 91
40 75
2 41
20 57
1 32
66 77
44 67
31 44
19 92
44 91
45 72
61 79
44 52
44 50
10 41
45 67
24 63
69 80
77 92
27 65
48 54
48 73
45 52
54 85
45 50
3 64
5 18
58 66
48 85
4 57
40 63
48 84
9 63
7 77
20 41
38 57
50 67
70 72
50 70
77 78
0 67
21 71
19 76
50 91
51 96
25 48
50 52
51 56
22 29
51 61
35 51
38 56
18 53
52 67
45 82
52 70
50 72
4 20
57 79
20 42
52 91
58 61
67 95
53 83
72 95
53 97
9 16
53 61
53 57
53 56
52 72
10 50
23 77
17 67
6 35
49 98
1 54
45 88
56 96
56 83
56 97
21 24
56 61
56 57
56 59
52 87
57 96
21 49
57 97
33 59
57 62
57 61
5 57
57 59
6 57
43 48
0 45
0 44
5 53
59 61
16 76
75 84
91 95
61 96
61 83
61 97
61 62
62 96
38 62
62 97
42 57
70 82
22 98
68 81
24 60
82 87
67 72
48 63
67 88
1 86
5 14
67 70
13 94
36 50
31 95
42 86
9 48
67 91
33 51
21 27
1 69
55 68
34 98
22 49
19 86
16 57
72 91
4 81
70 91
15 37
79 96
2 6
49 57
51 97
4 94
10 95
3 78
76 86
42 81
9 40
44 87
30 60
6 56
9 32
10 75
10 48
83 96
83 97
45 95
71 73
1 76
45 70
44 45
43 84
1 15
17 81
26 78
96 97
