68 84
40 91
67 87
7 55
57 66
38 97
67 88
81 94
18 51
36 95
4 81
17 50
20 61
14 51
30 92
2 96
2 83
2 97
2 51
2 62
2 61
2 35
2 57
2 56
2 53
2 33
2 59
2 18
2 5
56 62
4 41
2 38
2 14
31 40
67 71
43 71
34 79
29 39
16 24
10 84
17 73
15 86
43 98
5 56
59 62
5 97
5 61
5 35
58 75
58 79
6 96
59 83
35 53
37 57
6 83
17 52
53 96
66 80
61 77
6 61
53 62
28 78
33 38
17 19
57 63
10 48
0 57
79 86
10 32
9 10
9 63
80 86
18 38
19 81
43 76
25 63
10 63
63 75
40 88
55 66
10 96
21 86
10 65
22 58
1 94
55 77
24 60
22 49
2 86
13 90
36 50
20 71
32 84
31 95
14 96
14 83
14 97
33 59
14 62
14 61
14 35
14 57
14 56
20 43
14 33
14 18
6 97
23 48
7 11
44 72
4 24
22 41
15 19
52 82
32 69
73 81
1 4
24 71
42 64
48 68
19 98
5 96
59 96
18 97
31 88
18 62
18 61
18 35
18 57
19 90
70 82
18 56
10 75
36 52
26 84
49 73
64 79
64 76
50 87
18 96
52 87
45 91
23 63
84 86
51 57
70 88
64 92
50 95
17 55
44 87
25 69
10 97
48 90
67 72
20 92
9 48
0 77
31 42
54 66
67 76
40 70
0 11
43 61
50 88
10 68
72 87
22 78
70 72
37 90
44 70
54 64
13 77
40 45
82 91
45 72
38 83
30 42
71 76
10 69
72 88
31 67
19 73
31 70
9 85
60 63
0 75
31 82
31 91
44 95
36 67
31 87
31 52
31 50
3 16
31 45
0 54
18 33
21 24
87 95
31 36
49 77
33 96
33 83
33 97
6 33
33 62
33 61
33 35
33 57
33 56
38 62
5 83
5 53
9 68
35 96
35 83
35 97
61 92
35 62
35 61
35 57
35 56
35 59
9 20
21 76
35 38
87 91
4 78
5 62
10 25
38 96
40 50
6 51
59 97
18 53
38 61
57 83
21 80
18 83
32 68
1 16
63 97
13 27
19 47
47 96
3 24
41 49
44 67
31 44
47 71
44 91
15 21
9 25
44 52
44 50
91 95
45 67
44 82
21 79
32 75
70 95
42 61
1 73
45 52
25 84
45 50
13 52
14 59
30 49
27 60
23 68
9 69
4 58
63 69
36 44
26 30
38 57
50 67
29 98
50 70
50 72
32 63
43 85
26 48
50 91
51 96
42 54
50 52
51 56
73 94
51 61
35 51
38 56
5 18
52 67
50 82
52 70
52 72
52 95
45 95
26 66
52 91
30 41
40 52
14 53
31 72
53 97
36 45
53 61
53 57
53 56
34 55
15 81
48 75
25 32
6 35
45 88
7 57
43 81
56 96
56 83
56 97
1 65
56 61
56 57
56 59
45 87
57 96
57 77
57 97
5 33
57 62
57 61
5 57
57 59
6 57
4 98
25 75
45 82
38 53
59 61
20 80
15 79
22 30
61 96
61 83
61 97
61 62
62 96
62 83
62 97
16 71
70 87
58 78
82 87
42 49
43 77
55 67
48 63
66 90
63 68
5 14
67 70
3 8
41 63
67 95
67 82
48 84
67 91
33 53
60 66
0 79
48 69
32 48
22 26
54 82
10 57
67 86
52 86
70 91
75 84
23 76
2 6
52 88
51 97
72 91
88 91
40 67
0 85
81 98
42 73
26 90
9 32
6 56
34 92
9 75
1 31
83 96
83 97
25 48
1 10
0 48
45 70
44 45
63 84
68 75
10 78
10 31
96 97
