26 46
5 34
5 29
1 40
12 36
1 41
10 46
32 51
1 43
1 51
1 20
22 47
46 51
12 51
6 47
10 44
2 40
14 36
1 19
7 16
3 17
26 39
2 32
15 45
1 45
1 26
32 41
0 9
26 32
10 26
32 46
43 46
22 36
37 40
12 40
18 31
37 45
1 46
32 47
20 46
47 50
32 39
20 32
26 41
29 47
43 45
20 40
3 35
20 41
4 45
20 43
20 51
22 44
36 46
2 36
40 45
37 47
47 49
14 45
1 32
23 47
15 28
30 47
41 45
18 32
20 45
19 50
17 19
26 51
14 47
23 46
27 47
26 40
47 48
1 2
10 51
12 45
26 37
40 41
19 47
40 43
40 51
37 51
34 47
41 43
41 51
12 26
12 46
43 51
44 47
10 40
13 38
8 17
23 27
15 47
