17 44
34 50
29 47
1 40
32 40
1 41
32 36
23 32
1 43
1 51
1 20
22 47
30 39
10 51
38 47
10 22
1 19
17 36
1 12
44 49
0 28
3 47
39 47
26 46
12 36
1 26
41 46
6 47
20 32
26 43
26 45
43 46
22 36
26 37
2 44
4 5
1 10
12 32
10 46
5 45
2 50
27 32
20 26
12 45
15 29
32 45
20 40
27 47
20 41
1 46
20 43
20 51
17 47
14 47
12 40
37 45
37 47
14 32
36 40
1 45
23 47
13 47
32 34
12 46
9 16
20 46
3 18
14 48
15 45
26 31
46 51
32 51
40 45
18 23
2 40
40 46
19 26
26 41
40 41
19 47
40 43
40 51
37 51
46 47
41 43
41 51
10 26
45 51
43 51
19 51
2 37
35 47
7 8
41 45
15 47
