37 40
3 45
44 50
1 40
26 29
1 41
12 36
19 50
1 43
1 51
1 20
14 26
9 23
44 47
1 26
36 40
39 47
38 45
20 32
23 47
43 45
32 41
30 35
1 12
47 48
32 40
13 47
26 51
41 46
4 29
32 46
0 6
2 44
10 47
23 46
18 39
34 46
10 51
26 40
26 41
32 45
1 19
1 2
12 32
7 49
20 46
20 40
22 37
20 41
45 51
20 43
20 51
10 22
32 51
10 14
17 45
15 22
28 47
27 47
37 51
20 45
10 32
1 46
12 26
17 47
15 47
12 45
46 47
1 32
36 45
19 37
26 37
5 47
26 36
15 31
14 47
36 46
2 46
40 41
19 47
40 43
40 51
8 47
17 27
41 43
41 51
34 47
3 5
43 51
2 40
32 43
12 51
40 45
16 18
26 46
