6 16
26 45
35 47
1 40
37 40
1 41
12 40
40 45
1 43
1 51
1 20
47 50
10 26
12 45
37 44
12 26
20 32
45 46
14 37
26 43
28 34
10 51
47 48
1 19
5 15
22 37
19 51
32 51
0 47
36 51
26 39
29 49
26 51
10 12
26 41
4 32
36 46
30 31
46 47
15 47
2 40
36 40
14 47
17 47
18 39
46 51
20 40
9 38
20 41
17 46
20 43
20 51
1 26
1 46
43 45
1 32
32 41
3 27
10 32
17 45
36 47
44 47
2 10
20 46
8 22
29 47
14 23
23 27
41 45
1 12
34 46
3 47
19 47
15 19
5 47
18 26
32 40
12 46
40 41
13 22
40 43
40 51
20 45
32 37
41 43
41 51
1 45
23 47
43 51
44 45
2 32
2 50
32 36
7 47
26 46
