26 32
32 36
27 39
1 40
12 46
1 41
26 51
1 32
1 43
1 51
1 20
15 19
41 46
17 46
7 9
29 50
14 47
19 36
20 32
2 47
10 14
36 46
22 47
5 17
46 51
16 50
0 47
1 10
34 47
44 47
26 46
17 26
2 3
3 45
39 45
37 40
36 51
31 47
22 23
27 47
32 40
40 45
43 45
26 43
8 28
45 51
20 40
23 47
20 41
1 2
20 43
20 51
37 47
19 40
12 32
14 37
44 49
23 35
32 41
10 45
1 46
32 37
18 22
38 48
18 32
4 26
12 51
19 45
12 26
1 26
32 46
26 36
30 47
26 40
10 12
41 45
20 45
37 44
40 41
20 46
40 43
40 51
10 40
29 47
41 43
41 51
15 46
15 47
43 51
6 34
1 12
5 47
13 47
2 51
45 47
