32 51
44 50
32 41
1 40
47 48
1 41
12 32
26 51
1 43
1 51
1 20
19 22
30 49
6 9
16 47
1 19
13 14
15 36
1 12
3 8
20 32
26 43
39 47
26 45
36 47
20 45
18 22
37 40
34 45
45 51
10 12
32 47
36 51
5 47
10 45
32 46
2 10
12 45
2 46
27 47
1 45
4 47
29 50
10 26
27 34
17 37
20 40
36 46
20 41
39 45
20 43
20 51
17 47
23 47
12 40
26 32
15 37
35 38
1 2
19 40
20 26
12 46
46 51
15 32
23 44
14 47
29 47
0 26
26 41
3 26
32 43
40 46
31 47
2 5
17 46
1 46
14 46
41 45
40 41
19 47
40 43
40 51
10 51
26 37
41 43
41 51
1 36
23 28
43 51
44 47
37 46
40 45
32 40
7 18
22 47
