32 51
39 45
32 45
1 40
7 48
1 41
26 41
26 51
1 43
1 51
1 20
22 23
31 47
17 27
0 16
1 19
13 47
10 23
1 37
27 44
32 40
39 46
18 47
26 46
36 47
20 45
43 46
12 40
2 5
45 51
10 12
3 6
12 51
26 34
12 32
2 46
10 19
10 45
41 45
5 50
1 45
4 9
29 47
26 40
34 47
19 22
20 40
26 36
20 41
8 15
20 43
20 51
32 43
22 47
36 40
26 32
15 37
28 32
1 2
19 51
20 26
12 46
46 51
15 47
17 47
23 47
30 47
14 38
32 41
26 47
17 45
32 44
47 49
35 50
37 45
1 46
14 32
12 45
40 41
2 47
40 43
40 51
10 40
26 37
41 43
41 51
1 36
18 29
43 51
44 47
40 46
20 46
36 46
3 47
14 37
