9 30
19 42
2 11
29 43
7 11
25 36
6 19
9 26
7 19
12 20
20 30
9 36
3 25
3 13
6 17
5 25
0 16
18 44
27 42
6 10
19 21
17 26
29 42
21 42
10 20
0 20
36 42
7 36
20 21
10 24
12 19
15 19
7 29
8 21
13 17
8 13
6 30
21 27
9 12
26 27
10 36
2 21
8 11
10 42
24 34
17 42
9 11
2 38
4 20
21 36
2 35
6 12
2 10
9 19
11 19
11 15
12 42
19 30
18 43
21 44
21 30
26 30
2 13
12 16
10 12
7 44
10 32
4 18
7 10
42 44
20 26
10 30
0 9
12 44
8 19
7 27
0 43
7 16
7 21
4 42
0 42
10 13
8 36
0 21
27 34
9 34
9 20
4 29
6 37
7 15
20 42
24 32
18 36
15 44
2 9
0 13
27 44
18 40
2 29
11 21
3 7
10 18
7 8
10 44
7 12
10 29
7 30
25 31
15 42
29 44
8 35
6 11
10 34
12 15
15 26
0 10
10 16
16 42
16 26
4 26
24 29
7 20
4 36
25 34
0 19
30 34
0 3
16 24
38 43
7 26
36 44
2 26
15 30
16 44
25 26
16 27
17 27
0 44
34 36
6 42
16 21
24 36
9 10
16 20
8 10
4 7
19 44
18 29
4 27
0 27
0 7
9 15
10 19
1 13
10 43
15 16
16 17
7 42
12 17
7 9
7 34
10 26
8 16
43 44
13 43
7 24
17 30
7 35
20 34
12 21
16 19
30 36
6 21
15 39
0 26
2 8
0 12
12 30
1 23
10 11
36 43
0 6
9 21
10 27
4 44
12 36
0 15
13 16
3 26
20 27
2 27
24 44
26 44
11 44
13 27
19 36
1 3
16 30
4 9
7 13
16 36
7 17
6 9
15 17
15 21
6 15
0 17
9 16
11 16
6 7
29 36
17 20
27 30
30 42
10 21
6 16
