21 30
4 21
12 42
8 34
7 25
6 24
4 10
9 42
7 19
5 34
1 24
10 24
12 19
4 36
16 20
13 15
0 12
15 20
6 42
10 19
21 44
7 8
16 42
9 26
10 43
7 17
3 32
7 36
0 8
10 26
0 27
15 21
2 7
2 6
16 44
2 16
20 21
0 6
27 36
2 36
10 36
19 24
13 17
10 42
4 9
21 42
9 20
9 36
19 30
16 43
9 44
30 43
8 29
17 24
16 26
15 36
18 35
31 39
3 35
21 36
10 20
19 21
11 26
15 16
10 15
7 44
20 36
7 43
7 10
11 18
3 6
9 15
12 26
15 26
9 16
3 8
11 44
7 16
7 21
16 21
0 13
0 26
19 36
0 21
20 23
8 26
26 36
16 34
11 16
7 15
20 26
10 25
12 18
18 29
8 24
13 18
27 30
6 15
0 42
8 44
4 43
13 44
12 37
10 12
7 12
10 11
7 30
27 34
15 42
2 10
0 17
36 42
8 35
15 27
26 30
0 10
10 16
42 44
4 15
21 26
30 44
7 34
21 43
0 16
0 44
20 42
16 27
9 11
3 18
7 26
36 44
16 25
18 40
12 13
16 17
12 27
19 42
0 7
4 7
4 16
8 27
21 29
9 10
16 30
10 44
29 38
6 9
26 44
12 16
2 42
0 2
20 27
3 43
2 19
10 30
24 34
10 17
7 42
17 21
7 9
12 25
2 43
13 19
10 34
17 29
6 7
7 24
7 20
11 32
9 21
7 27
0 9
29 30
17 30
2 9
11 36
6 34
12 44
6 19
6 10
12 20
0 34
10 29
11 13
9 19
12 36
25 42
1 2
6 21
7 29
26 27
30 36
19 44
19 29
10 27
1 29
11 38
17 27
4 6
7 13
16 36
4 42
9 30
0 30
15 44
17 19
0 20
11 30
13 42
27 44
6 25
20 44
13 27
17 36
10 21
15 30
