25 27
12 15
2 24
17 21
15 36
18 20
4 29
7 11
34 35
8 21
9 42
2 7
0 9
3 8
9 16
21 42
7 26
0 12
0 6
24 26
10 36
12 27
0 34
6 21
10 21
21 36
7 24
4 20
17 24
2 10
16 34
9 21
2 27
26 31
10 26
19 44
34 43
25 32
18 36
36 42
7 36
42 44
15 20
2 11
16 36
19 24
4 40
0 10
10 43
16 29
27 42
3 18
6 26
20 26
19 43
19 36
1 13
17 43
6 13
17 44
0 15
10 17
7 29
4 6
11 36
7 44
10 19
11 20
7 10
12 26
10 20
0 20
17 37
0 16
4 10
17 30
7 17
30 42
0 42
0 7
23 43
1 39
4 7
15 16
4 12
0 36
13 16
2 20
16 30
13 25
0 44
16 44
10 15
21 27
9 27
16 43
6 24
12 30
10 12
16 26
27 44
17 19
29 32
21 44
10 27
11 42
6 15
11 15
9 15
6 19
9 18
34 42
16 42
0 21
9 30
5 26
10 16
2 18
9 17
21 24
16 20
6 30
6 10
0 19
12 36
25 35
16 21
19 27
7 27
15 44
26 43
19 42
7 18
9 12
7 19
3 34
10 42
12 20
25 29
13 21
0 26
7 21
10 30
10 44
8 30
20 44
9 19
3 36
10 34
3 35
9 36
15 30
7 13
30 36
0 27
6 20
11 17
6 44
26 42
13 30
26 44
26 36
2 4
13 29
10 11
2 16
6 42
12 16
13 36
0 29
3 38
7 8
15 42
1 9
12 18
8 20
10 24
7 43
7 30
8 10
19 21
29 38
7 20
9 44
36 44
6 7
7 15
8 13
15 19
10 13
2 8
21 26
9 10
8 29
16 19
4 8
15 27
7 9
25 44
2 29
27 36
11 44
16 27
21 30
9 11
16 17
7 16
12 21
30 34
11 34
4 42
0 30
12 44
7 12
7 42
27 30
