6 11
36 44
36 43
19 30
2 10
6 36
15 17
6 10
4 8
7 21
7 19
4 36
6 7
16 34
4 7
19 24
7 17
13 16
21 44
12 16
11 44
10 43
30 42
3 31
10 13
15 16
4 9
7 36
0 21
2 34
16 19
13 29
1 20
6 42
17 29
19 26
4 21
0 24
23 37
2 15
10 36
3 8
12 21
10 42
7 20
21 36
6 38
12 43
8 20
21 42
9 21
1 10
6 16
12 15
10 29
24 43
18 30
11 16
21 27
2 30
20 35
7 12
11 15
9 12
13 17
7 44
12 36
4 44
7 10
9 18
34 43
4 42
9 44
7 24
9 16
13 15
24 30
7 16
19 21
16 21
16 44
6 35
9 15
17 42
6 19
7 43
0 18
0 17
15 36
2 16
3 32
17 34
7 15
11 36
6 15
20 44
0 2
5 18
3 20
10 11
20 21
19 36
7 11
10 12
0 12
16 17
7 30
25 42
8 19
26 36
19 20
0 42
25 40
13 25
4 26
0 10
10 16
12 27
9 19
2 25
6 44
0 19
18 34
15 44
12 44
1 11
4 13
36 42
13 44
16 42
7 26
20 38
3 17
16 30
15 21
11 43
9 42
0 7
3 18
0 9
30 34
27 42
9 10
2 11
10 26
20 30
12 20
27 44
10 17
15 27
20 24
0 30
6 27
12 30
35 44
10 30
7 29
7 42
2 8
7 9
42 44
21 30
21 26
10 15
0 16
10 34
26 42
10 18
29 44
8 29
7 27
20 26
7 13
7 25
2 7
26 27
12 26
20 29
8 32
8 13
27 36
2 17
10 24
26 43
19 27
13 36
9 26
26 30
8 16
0 29
34 42
0 4
17 21
8 39
10 27
15 42
29 30
9 30
16 27
7 34
16 36
9 36
11 27
10 44
24 25
9 27
0 36
16 29
26 44
12 19
10 19
0 27
6 9
6 21
10 21
0 26
