10 19
16 44
14 35
2 25
28 46
2 54
6 8
31 55
46 51
10 31
9 30
46 54
44 54
33 49
16 17
19 45
31 32
16 52
23 34
12 18
46 49
30 32
27 32
10 51
49 54
10 46
31 49
8 30
31 44
14 31
30 54
36 40
20 23
2 44
2 30
9 44
30 31
32 35
31 41
11 49
8 41
41 54
38 45
17 54
25 49
7 53
33 53
5 33
9 54
21 53
30 46
18 26
29 45
2 8
12 40
6 49
27 30
19 32
25 55
16 31
6 54
44 51
14 25
20 51
2 49
10 14
25 32
25 44
44 49
14 17
2 17
27 54
31 46
10 49
10 54
32 33
8 32
41 49
1 10
1 12
10 30
6 41
10 25
51 55
12 26
6 10
35 49
25 54
17 30
10 35
7 18
5 7
28 55
2 55
2 41
8 31
31 35
2 35
28 53
16 35
30 44
8 17
14 36
30 41
20 47
18 53
20 21
6 27
20 29
3 25
14 49
35 55
6 55
35 46
25 33
8 25
3 12
1 3
9 25
30 33
14 32
23 52
33 35
8 16
30 49
9 53
25 27
46 55
25 30
8 46
6 35
20 36
27 44
8 55
29 47
27 51
8 35
8 27
25 51
2 10
19 36
9 35
30 35
31 33
27 31
6 44
16 46
35 44
32 41
8 10
14 16
1 44
16 54
12 38
13 26
10 41
53 54
31 36
35 41
6 25
45 53
3 53
17 41
27 55
19 54
10 17
3 20
17 46
3 34
14 51
19 38
30 51
14 46
44 46
10 55
9 10
41 44
27 49
30 55
26 53
7 16
10 27
31 54
10 23
54 55
25 35
18 23
6 31
1 8
10 44
2 6
19 53
6 23
27 35
2 31
9 51
3 45
10 16
32 54
10 20
16 25
23 30
34 45
35 54
49 55
26 34
10 36
1 19
10 32
19 33
45 49
6 30
8 14
17 31
35 51
25 31
33 45
33 54
17 23
27 46
17 49
18 34
8 49
41 55
8 54
49 51
3 29
9 31
