32 53
19 25
41 46
51 54
30 44
2 32
20 34
31 55
30 32
10 31
35 45
16 27
44 54
30 45
46 49
10 16
31 46
10 33
10 40
7 40
25 41
16 51
2 16
25 44
49 54
10 46
31 49
8 30
23 49
1 9
30 54
8 20
3 52
35 55
28 31
26 31
19 23
31 32
12 18
6 32
17 25
35 51
5 9
14 27
25 49
6 44
1 36
17 54
8 51
3 23
33 49
44 45
17 29
8 27
17 35
6 49
35 41
9 18
18 54
1 5
1 3
32 44
19 33
19 26
11 35
33 51
10 20
14 49
2 46
9 47
2 25
27 54
46 51
10 49
10 54
27 44
45 54
10 17
23 55
12 17
10 30
2 29
10 25
20 29
17 32
6 10
35 49
25 54
14 33
10 35
16 45
14 30
36 52
6 54
30 31
8 31
31 35
7 12
27 31
32 49
21 41
44 49
41 55
41 49
10 32
44 46
23 47
17 31
20 38
44 53
27 53
2 6
10 27
35 46
6 17
8 25
14 16
3 36
2 30
8 55
8 44
25 45
17 53
31 51
30 49
2 27
20 55
8 33
25 30
25 46
6 35
23 36
26 28
31 41
3 12
53 54
8 35
3 19
6 8
25 32
46 54
1 19
30 35
31 44
6 31
8 46
27 35
35 44
12 26
8 10
17 49
1 23
46 55
10 55
41 44
30 41
49 53
2 10
30 55
8 17
30 33
12 20
27 30
16 33
16 49
18 34
16 35
27 46
14 54
8 32
10 18
8 41
14 51
31 33
32 46
20 26
31 53
27 49
25 55
9 23
14 35
2 54
31 54
19 36
41 51
25 35
3 33
30 46
3 9
10 44
14 44
6 55
25 51
7 9
33 54
18 29
7 28
10 51
25 53
6 14
9 36
16 30
2 34
35 54
41 54
54 55
49 55
14 53
30 51
10 53
6 53
6 30
9 19
10 14
16 55
25 31
2 55
27 41
25 38
13 34
19 45
2 35
8 49
10 45
8 54
21 38
10 34
16 31
