25 44
14 30
51 53
8 33
27 33
23 45
17 54
1 33
6 32
10 31
18 19
31 44
1 9
10 20
6 16
46 49
32 53
35 44
8 25
41 49
17 46
6 33
44 49
2 31
49 54
27 54
6 55
30 55
46 51
8 51
30 54
5 13
2 8
18 36
35 41
31 35
1 54
17 31
10 33
33 47
17 27
6 27
6 10
31 33
14 55
44 46
30 47
9 20
14 31
14 25
18 45
25 27
3 5
8 30
30 33
53 54
36 45
33 54
33 35
2 54
14 41
2 10
46 55
10 32
30 31
19 45
6 46
18 29
16 51
10 55
10 19
3 54
35 46
31 49
10 54
34 53
3 23
12 17
12 29
10 53
44 54
34 51
10 25
17 25
20 25
25 31
35 49
25 54
31 46
10 35
25 41
8 35
14 35
7 19
9 16
19 20
8 31
31 41
20 53
10 14
27 53
16 30
25 30
16 27
27 30
11 16
31 54
33 49
20 36
6 31
19 26
14 44
12 19
16 31
16 25
30 41
3 44
8 44
17 55
7 45
2 9
8 27
31 32
30 32
3 10
28 45
32 35
8 46
6 8
19 53
35 51
27 35
30 46
32 49
20 26
10 17
25 46
9 44
6 41
10 28
26 34
23 36
25 55
31 53
2 49
16 49
2 32
32 44
29 32
2 44
40 52
6 35
51 55
44 55
3 30
10 27
27 49
10 44
2 25
9 32
9 23
16 54
38 54
23 29
2 35
9 38
26 55
1 35
17 41
14 54
8 54
1 10
20 23
49 51
6 54
41 46
17 49
10 41
26 45
27 31
18 23
28 36
2 30
10 46
21 53
25 35
31 51
30 35
8 10
2 16
54 55
25 32
17 51
41 55
21 34
3 45
8 49
49 55
3 25
6 51
8 17
46 54
10 30
35 54
10 49
2 27
6 49
14 49
19 23
30 49
8 55
14 46
25 49
41 44
16 35
10 36
12 40
1 53
31 55
8 41
18 34
7 9
12 35
7 12
8 14
30 51
30 44
38 52
