23 34
34 36
17 30
2 27
30 35
10 18
31 32
19 45
8 41
30 46
12 41
30 44
7 53
30 49
30 51
46 54
5 53
44 55
17 26
17 54
2 51
10 14
2 44
20 36
31 49
51 54
9 17
32 35
2 8
8 17
30 54
41 46
49 51
2 35
25 54
30 41
27 51
33 49
35 49
10 51
17 35
3 10
20 29
10 33
18 34
18 28
44 51
3 9
31 33
8 54
8 35
1 12
14 30
8 33
32 46
38 47
14 54
30 31
33 35
3 20
8 10
30 55
6 30
14 23
14 35
31 35
32 54
29 40
31 53
17 44
46 53
27 41
2 49
10 49
10 54
10 44
1 28
9 21
10 31
10 32
10 30
45 53
10 25
31 46
2 31
31 51
31 44
51 55
10 17
10 35
8 25
30 53
41 49
25 44
2 16
14 25
14 33
14 34
29 55
25 31
25 35
10 46
18 36
8 16
16 49
21 45
23 36
46 49
8 27
2 12
54 55
10 19
6 31
27 35
17 20
25 36
23 25
31 55
2 46
6 19
20 46
35 55
6 10
2 25
6 33
6 54
11 26
26 29
26 45
14 27
16 54
19 33
16 44
10 16
1 23
17 55
6 17
27 46
46 55
44 49
12 23
10 55
16 32
14 18
9 45
8 31
12 28
27 54
20 45
8 44
30 32
31 41
8 49
3 7
25 49
35 51
41 44
27 31
44 54
1 45
3 23
3 38
17 19
1 20
9 34
18 52
10 53
35 41
6 8
49 55
8 46
14 49
3 45
6 51
9 10
27 55
41 53
27 30
30 33
7 35
19 32
25 53
31 54
35 46
10 27
16 25
13 40
14 31
35 44
6 32
1 10
8 55
41 55
2 41
9 49
25 46
6 16
7 38
2 10
25 55
20 53
5 23
16 31
35 54
53 54
27 49
16 30
41 54
25 27
8 30
19 31
19 54
6 49
32 52
25 33
32 44
25 30
33 54
6 25
8 51
9 36
49 54
19 49
3 12
9 47
16 35
26 32
6 44
