14 51
2 25
31 33
20 28
10 27
2 31
25 31
25 35
2 30
10 53
8 32
14 32
36 45
8 44
9 11
14 31
30 41
8 30
1 13
18 29
35 44
25 46
41 49
2 17
5 9
6 25
25 51
10 52
35 41
35 49
30 31
29 34
23 54
26 45
2 3
5 34
27 54
30 32
16 54
16 44
30 51
18 55
12 26
31 46
44 54
30 54
30 44
17 31
2 10
1 47
1 45
7 32
16 30
17 21
10 46
35 46
16 31
26 36
46 49
10 19
30 35
31 55
6 53
49 55
6 10
17 55
49 53
27 30
6 54
17 27
32 53
16 55
54 55
6 30
10 54
8 35
33 35
27 31
46 55
8 49
29 55
16 46
10 25
10 41
14 23
2 46
3 7
20 34
8 55
10 35
6 45
17 33
2 54
10 32
9 18
8 33
16 32
34 38
2 32
14 54
33 54
10 16
2 44
2 34
27 55
33 53
31 54
9 29
8 10
9 12
41 53
17 19
25 27
19 25
12 21
25 32
44 45
3 25
18 53
6 8
1 52
25 54
10 47
7 27
6 49
23 36
35 53
18 38
30 53
19 27
17 25
19 54
31 44
9 49
10 31
6 31
1 3
12 17
41 51
18 20
10 17
31 35
12 45
44 46
8 46
35 55
17 35
8 27
27 46
14 25
30 46
28 40
46 51
6 51
9 20
3 6
16 35
10 44
49 54
7 38
41 44
41 54
44 55
14 49
8 51
35 54
19 35
23 27
31 41
8 41
6 44
33 41
16 41
44 51
3 45
31 32
19 23
28 45
16 49
6 35
9 36
23 26
2 8
25 30
8 31
14 35
49 51
30 33
35 51
25 49
8 54
2 49
8 14
20 36
31 49
16 53
10 14
12 36
20 26
14 27
3 40
27 35
10 30
32 54
10 49
32 49
10 51
10 23
10 33
30 49
17 30
25 55
53 54
20 55
25 44
10 20
46 54
19 31
3 49
9 55
14 30
31 51
8 25
1 23
33 49
41 46
6 33
19 44
