5 40
11 53
49 53
31 33
30 35
54 55
51 54
30 32
6 55
2 30
8 14
8 45
20 36
30 49
2 19
8 46
12 18
3 23
32 46
2 31
25 46
25 41
36 45
14 54
31 49
17 31
29 33
27 30
6 46
10 51
30 54
10 36
16 49
51 55
25 54
3 18
10 20
46 49
35 49
1 18
19 23
35 55
2 33
7 28
12 33
2 27
41 44
10 28
30 46
8 54
8 35
6 25
30 51
16 54
27 55
21 23
19 33
30 31
49 51
8 44
8 10
30 55
1 19
16 25
6 54
31 35
9 27
19 26
32 54
45 53
27 40
32 49
31 41
10 49
10 54
10 44
31 51
2 49
10 31
17 25
10 30
26 27
10 25
18 19
14 46
27 31
31 44
10 53
17 54
10 35
8 25
17 44
8 30
25 44
35 45
23 54
20 31
1 52
8 16
25 31
25 35
10 46
17 35
12 28
23 49
10 32
16 46
17 34
32 35
14 31
2 55
53 55
6 31
2 54
12 14
6 33
18 23
31 55
9 20
9 34
16 30
9 49
6 10
14 25
9 19
6 30
14 32
35 41
36 47
23 29
3 45
46 51
16 31
25 55
17 49
27 33
2 35
20 55
41 45
44 49
20 45
7 8
1 29
8 53
26 47
8 31
3 34
46 54
30 41
6 35
41 53
9 35
8 49
6 51
25 49
33 44
10 41
31 32
44 54
10 45
14 44
13 38
10 55
3 26
27 35
8 51
1 7
2 10
6 16
10 17
20 32
41 46
10 16
35 44
30 33
14 30
10 14
2 23
12 38
8 41
19 36
17 32
31 54
35 46
9 10
31 53
25 27
1 26
3 29
9 33
35 53
7 12
17 52
46 55
20 53
34 36
17 30
8 55
19 27
2 44
14 49
10 27
3 38
35 54
34 49
27 54
16 17
14 41
30 44
9 54
2 25
18 21
6 8
25 51
44 55
16 51
25 30
25 32
6 49
33 54
27 53
49 54
32 41
41 51
3 5
6 44
16 35
44 46
