32 55
29 38
53 54
19 44
53 55
30 31
8 32
9 31
17 31
27 54
8 30
2 25
14 36
49 55
8 54
18 53
8 9
3 55
49 51
44 55
8 20
14 30
16 17
38 45
9 55
34 40
6 31
6 32
36 54
9 46
9 10
3 36
6 23
2 14
14 55
51 53
20 33
6 8
6 35
29 47
19 26
5 44
8 44
16 25
19 32
17 36
6 55
31 46
23 54
16 32
31 55
2 54
2 10
23 29
8 46
18 41
10 17
8 35
12 53
19 31
8 10
17 49
25 41
41 46
3 20
25 27
10 46
45 46
32 51
25 35
16 55
10 44
10 45
10 49
10 54
41 51
30 46
27 44
10 31
44 46
10 30
10 53
10 25
8 49
8 53
34 51
35 51
34 45
14 44
10 35
8 31
9 35
7 29
25 45
18 52
10 19
33 44
2 30
35 44
20 51
3 28
26 38
30 53
14 49
20 49
35 49
16 54
23 45
14 41
10 23
25 51
25 53
2 33
31 44
13 21
16 31
31 35
6 49
16 49
46 49
32 54
32 46
17 41
2 6
17 35
1 20
27 30
10 14
16 18
41 55
19 47
1 40
16 30
31 49
3 23
33 49
32 41
12 51
6 53
25 44
2 49
10 32
2 51
30 33
9 18
25 54
3 31
2 35
2 5
25 31
27 35
16 35
19 54
27 31
26 52
30 35
8 33
7 14
7 17
32 49
8 12
2 31
36 45
27 46
21 33
6 25
10 51
6 18
8 17
6 10
1 33
28 41
25 49
12 26
3 26
27 41
9 44
10 20
35 46
46 54
25 55
17 30
31 54
2 27
10 27
7 30
36 55
30 41
1 10
30 34
10 33
23 25
30 44
35 41
14 31
6 12
1 11
25 30
8 27
44 54
1 19
3 25
49 54
14 27
35 55
54 55
6 54
35 54
14 35
19 34
17 53
16 51
32 35
27 49
17 54
23 31
30 45
12 31
44 49
27 33
30 49
30 54
10 16
9 28
20 54
33 46
25 46
8 41
