11 40
31 41
25 44
19 30
10 35
30 31
8 16
25 33
19 29
25 55
19 49
10 46
10 18
31 33
8 10
27 30
6 54
12 44
10 30
32 35
6 9
18 54
16 49
2 3
32 54
17 51
23 54
1 13
16 25
41 49
10 55
17 49
25 41
10 32
9 35
17 41
10 44
31 32
8 30
20 33
8 51
2 16
23 49
25 49
35 51
2 49
51 54
9 34
8 46
30 51
7 20
16 27
2 45
17 26
3 36
14 26
1 19
8 41
6 55
30 55
10 41
6 8
49 51
30 33
6 35
26 36
7 47
49 55
10 17
25 30
1 21
8 33
14 29
10 49
10 54
14 55
49 53
3 10
10 31
25 35
20 25
6 45
10 25
2 35
27 46
12 14
25 31
44 55
17 25
5 47
27 41
7 34
35 46
31 45
20 53
6 31
2 25
30 32
35 44
23 33
10 16
35 36
10 14
2 38
8 44
35 49
1 12
3 41
31 34
8 31
2 14
21 36
10 33
8 9
20 44
14 19
31 35
16 44
10 23
20 38
9 46
16 35
8 27
12 52
27 35
23 32
20 55
28 53
28 45
10 19
19 41
35 53
32 55
31 49
25 51
23 44
18 27
33 54
36 52
14 35
46 49
16 54
25 53
27 55
14 31
18 46
6 32
18 38
17 46
32 33
16 36
10 51
30 45
2 12
8 49
30 35
30 46
6 46
3 54
33 34
44 54
8 54
1 27
2 31
17 19
5 26
6 49
12 31
23 53
6 10
3 53
17 30
46 54
54 55
9 44
41 44
6 25
2 53
2 40
17 18
8 32
1 3
31 54
14 25
10 27
29 46
7 9
2 10
10 45
14 30
30 41
8 14
30 44
35 55
3 32
8 35
31 51
25 54
9 51
20 27
19 53
23 27
49 54
26 46
53 54
31 46
34 44
35 54
9 31
8 17
32 53
25 45
28 51
27 54
46 55
41 54
16 55
31 44
44 49
29 41
30 49
30 54
6 16
45 49
17 33
6 30
27 51
31 55
