16 29
16 49
46 55
10 17
10 35
30 49
31 54
44 54
20 31
9 44
30 51
8 44
17 20
10 46
8 10
46 54
2 35
10 53
10 30
9 31
18 23
20 33
8 16
27 44
14 33
25 55
30 54
6 17
25 27
5 52
5 34
19 32
9 10
44 53
44 46
27 46
10 44
17 41
8 30
28 36
2 9
17 49
32 54
33 49
35 44
44 55
46 53
41 53
26 34
2 27
16 35
33 54
3 51
41 55
1 2
16 30
16 33
6 41
8 32
16 45
10 23
8 9
30 55
17 45
30 44
35 41
17 46
6 44
10 55
2 10
36 47
12 35
14 45
10 49
10 54
30 32
8 33
10 32
10 31
25 31
27 35
9 12
10 25
31 44
6 54
7 41
8 54
21 38
6 31
14 54
20 49
32 34
6 30
27 54
11 52
25 49
10 51
14 25
41 49
27 33
20 41
6 53
2 8
10 29
30 35
2 36
3 6
2 49
28 38
7 26
23 27
44 45
3 19
10 41
2 54
8 55
23 51
1 41
33 53
25 33
31 55
35 46
1 10
19 29
27 30
49 55
8 46
8 53
3 40
2 23
25 32
49 51
31 46
17 54
32 35
32 41
8 31
3 7
25 54
14 35
9 33
30 41
8 14
6 35
2 30
23 25
51 54
7 31
32 49
1 6
27 36
49 54
25 44
8 27
8 49
14 46
18 54
18 45
6 8
36 49
16 31
31 35
25 30
25 51
1 31
25 46
14 19
2 32
14 31
6 10
25 53
25 41
9 34
14 16
3 44
53 55
53 54
6 14
6 55
19 30
35 49
16 54
2 44
30 45
10 27
17 55
46 47
3 27
18 53
19 49
23 35
18 19
35 55
26 55
35 54
8 35
12 25
25 35
20 36
16 38
31 51
1 26
18 28
31 49
17 30
12 51
12 34
30 31
27 49
31 45
10 20
10 33
17 31
17 35
26 29
51 55
32 46
23 54
10 14
3 20
45 51
30 46
21 40
9 25
12 49
19 31
13 19
16 51
