16 54
18 32
14 54
12 34
10 35
8 46
31 54
2 3
10 36
16 30
11 45
33 35
16 55
10 46
8 10
19 26
10 19
49 53
10 30
30 49
9 36
31 32
36 53
14 51
33 51
8 16
31 35
6 44
44 54
10 23
14 33
46 49
14 35
2 49
3 36
6 26
10 44
9 10
45 51
32 44
8 44
23 31
6 35
6 52
41 54
8 35
54 55
30 46
26 35
8 32
2 8
25 51
17 44
1 16
9 28
18 51
17 35
7 52
53 54
23 51
34 51
12 29
19 49
25 41
30 55
2 55
30 53
8 29
10 55
12 27
16 25
14 18
20 49
10 49
10 54
31 46
14 23
5 40
10 31
25 31
45 54
10 32
10 25
3 27
16 19
19 54
8 54
10 41
8 49
2 53
33 46
6 46
30 54
49 51
1 23
25 49
25 44
3 41
46 55
3 12
8 30
10 17
31 53
14 31
53 55
25 29
17 30
35 41
14 53
27 30
41 44
40 53
36 45
19 25
7 44
32 49
16 49
18 26
27 49
8 55
20 33
23 45
31 44
1 12
49 54
5 13
17 28
7 46
12 21
2 33
3 51
32 55
10 14
6 30
33 44
17 25
8 31
38 55
25 54
2 54
31 55
19 35
20 41
1 34
6 8
16 18
30 35
17 46
6 49
10 20
35 49
27 46
8 25
16 44
2 35
31 41
31 33
46 53
20 45
10 16
30 44
8 27
25 30
2 31
44 55
3 10
8 41
20 25
17 54
6 10
14 49
27 44
9 41
6 54
30 31
9 20
27 33
46 54
20 55
30 41
35 54
28 35
23 35
41 45
10 27
34 54
2 32
14 30
35 46
9 49
27 41
8 51
49 55
7 21
32 53
1 35
30 36
25 35
2 10
23 38
27 31
31 49
16 31
2 14
10 33
6 31
25 32
9 25
6 55
3 45
25 27
6 32
27 54
34 47
26 38
9 17
6 25
1 47
18 19
19 31
9 30
30 33
17 32
27 51
35 44
17 51
2 46
17 29
