1 12
27 35
30 51
16 27
10 35
29 36
31 54
31 41
10 20
2 31
12 49
18 19
8 19
10 46
8 10
8 25
25 53
2 35
10 30
3 25
44 46
9 31
36 49
20 55
23 35
6 41
31 35
45 54
21 36
14 41
35 45
10 16
5 52
18 26
9 45
31 32
10 44
27 54
30 44
8 30
46 51
10 17
49 55
25 46
6 32
3 55
27 29
46 55
30 55
30 32
35 40
30 49
17 53
2 46
53 55
12 16
19 35
23 54
19 30
10 33
16 46
54 55
25 51
23 27
44 53
33 49
25 31
14 51
10 55
16 55
9 38
14 32
14 54
10 49
10 54
17 31
10 19
7 23
10 31
9 10
25 44
32 53
10 25
12 21
6 49
14 49
8 31
10 41
23 25
29 47
1 20
26 45
30 54
34 51
16 30
17 33
23 41
51 54
44 47
19 20
6 28
3 20
9 30
8 32
19 36
8 16
14 55
10 23
16 51
38 46
35 41
44 55
8 49
17 27
8 44
14 25
8 41
1 33
17 35
2 8
18 34
2 44
9 34
3 31
49 54
28 31
16 54
25 35
27 32
31 53
25 54
25 55
29 34
53 54
25 30
6 44
8 54
31 51
27 33
8 35
7 49
33 44
3 6
10 51
2 25
2 27
16 17
10 53
6 45
20 36
2 19
9 54
8 45
5 18
31 45
31 55
1 26
33 55
23 51
3 36
26 40
33 41
31 46
19 32
6 31
10 32
18 30
35 44
46 53
32 54
46 49
46 54
12 41
11 12
30 31
30 46
2 49
27 30
17 25
7 33
35 54
8 14
41 54
14 17
3 32
14 28
6 8
44 51
25 49
6 10
10 14
30 35
44 49
35 46
2 30
35 53
2 9
1 17
44 54
16 25
30 41
31 49
25 52
35 55
33 46
27 49
2 34
32 49
14 20
10 27
6 35
3 8
9 18
20 27
1 16
33 45
7 13
6 51
2 10
17 41
8 17
27 41
35 49
6 30
31 44
49 53
26 38
6 54
