25 45
27 35
16 30
16 54
10 35
12 20
31 54
9 53
10 33
33 49
14 49
1 2
17 54
10 46
8 10
8 25
8 17
10 45
10 30
14 44
12 26
19 53
27 45
1 8
20 54
17 31
31 35
44 49
44 53
2 54
19 46
9 26
20 23
10 19
8 46
6 36
10 44
6 14
25 44
17 29
6 49
8 34
46 54
44 54
44 46
31 55
23 46
38 40
17 55
8 38
6 41
2 6
36 41
9 51
3 41
25 55
10 32
17 46
35 49
28 38
27 32
16 26
6 23
9 54
14 46
2 30
25 31
10 51
10 55
33 35
2 25
6 25
27 34
10 49
10 54
2 49
51 54
26 32
10 31
25 33
12 52
19 55
10 25
20 51
34 51
2 33
8 31
31 51
31 36
5 36
25 32
28 47
30 54
10 23
35 51
6 31
8 16
23 41
10 20
1 19
2 31
14 30
30 51
35 41
10 14
31 32
17 32
30 55
31 41
49 55
16 46
1 33
3 49
27 30
1 14
7 28
12 45
2 29
31 46
9 45
30 36
14 32
14 20
18 29
49 54
19 35
17 45
25 35
27 54
7 29
25 54
27 55
12 53
16 32
25 30
16 49
8 54
3 27
6 18
30 33
46 49
10 17
47 52
44 55
9 25
35 55
25 53
25 51
10 53
18 25
16 19
31 34
27 31
8 55
6 7
14 54
16 55
1 53
6 30
27 46
14 35
6 54
3 8
9 17
8 14
18 53
21 32
7 41
3 23
18 33
3 31
46 55
16 35
11 27
30 31
35 44
9 32
35 53
30 46
6 44
35 54
41 55
32 41
5 44
10 18
16 20
17 30
2 10
25 49
6 10
2 53
30 35
2 8
12 40
17 19
21 34
8 44
13 36
30 44
3 35
41 54
31 49
27 49
31 33
20 26
8 33
54 55
33 54
16 51
10 27
9 44
23 49
8 49
44 51
25 27
3 51
30 53
35 46
10 41
2 35
19 32
8 35
30 49
30 41
31 44
23 45
41 49
45 49
