17 44
34 40
27 41
16 49
10 35
20 33
8 54
2 31
10 33
31 46
27 49
19 51
33 49
10 46
8 10
8 25
33 54
20 32
10 30
30 55
31 53
35 46
35 36
6 44
2 33
5 38
31 35
44 49
7 25
31 54
30 32
54 55
2 54
30 46
46 49
23 31
10 44
17 18
25 44
7 12
25 32
23 44
25 51
44 54
8 55
9 44
8 16
17 31
3 9
18 49
1 23
14 41
19 35
2 44
8 31
10 34
46 55
14 32
35 49
35 51
27 32
35 55
20 41
9 46
41 47
23 46
25 31
16 41
10 55
6 30
25 36
1 26
8 33
10 49
10 54
27 44
3 44
32 54
10 31
10 16
30 51
2 49
10 25
10 18
16 35
9 30
10 32
6 53
25 46
30 53
25 27
14 27
30 54
32 41
9 29
6 19
28 34
19 41
17 41
46 54
14 25
45 49
32 55
31 55
17 32
6 31
2 25
1 34
3 19
19 26
14 31
23 33
47 52
12 17
14 35
27 33
3 49
12 32
23 51
10 23
8 49
35 53
1 54
10 51
49 54
30 33
25 55
25 35
3 27
14 30
25 54
14 19
33 45
5 6
25 30
2 55
49 55
17 33
20 54
35 41
18 27
41 51
17 30
8 45
6 54
6 32
9 51
36 54
10 53
51 55
6 8
6 27
1 20
53 55
6 14
2 51
36 40
28 38
31 45
3 54
2 30
17 49
14 46
2 18
46 53
8 53
23 29
14 55
12 46
16 54
7 10
10 17
3 51
27 35
30 31
35 44
14 16
13 45
16 44
45 51
35 54
16 45
3 20
41 53
16 36
36 53
8 30
2 10
25 49
6 10
8 17
30 35
2 8
27 31
12 26
18 54
8 44
27 30
30 44
29 38
31 41
31 49
21 25
2 9
49 53
10 19
19 46
20 31
8 9
10 27
8 46
29 45
8 35
17 25
6 49
11 28
16 31
9 54
10 41
12 52
6 35
20 35
30 49
1 7
31 44
16 55
26 34
21 26
