21 41
30 44
2 33
36 38
48 51
31 34
31 50
19 44
11 33
20 49
16 32
14 18
7 22
16 51
12 19
21 34
29 51
4 31
13 19
17 26
15 31
32 48
19 48
30 43
15 36
11 35
5 45
41 49
17 34
41 51
8 44
5 33
25 36
12 44
31 48
14 17
20 31
16 27
8 49
14 24
18 34
29 38
4 35
21 38
16 38
34 45
8 31
9 26
12 22
30 51
20 45
3 24
43 44
8 33
17 30
34 43
23 32
14 30
8 36
20 39
14 31
8 50
12 34
14 45
11 31
11 43
34 50
17 44
25 48
7 28
9 33
36 44
11 36
30 45
24 31
23 43
49 50
10 33
4 44
25 31
21 50
25 33
12 18
16 34
42 45
21 36
19 34
4 20
17 31
24 26
19 49
14 23
19 39
31 43
21 39
4 33
20 44
48 49
12 33
41 43
19 43
13 41
49 51
4 39
20 33
38 49
21 51
3 50
22 24
24 45
8 20
20 48
23 33
10 39
14 21
6 45
8 42
41 45
19 28
0 47
21 49
7 31
11 19
16 42
14 33
7 43
13 50
14 43
12 48
5 41
20 23
17 51
5 11
13 42
25 39
4 17
11 17
13 25
10 36
8 15
43 45
9 36
24 39
17 50
28 39
16 41
38 51
36 48
26 33
25 41
45 50
20 34
30 49
42 48
42 51
17 41
36 42
14 49
9 20
0 24
8 11
24 42
24 49
29 42
17 33
3 41
23 24
16 19
36 39
20 22
8 45
17 24
5 42
19 21
28 45
15 33
17 36
15 41
24 25
8 23
27 31
18 33
39 48
15 21
18 49
22 48
3 21
17 45
48 50
18 51
8 19
19 33
3 45
16 22
7 33
4 21
19 36
19 20
3 49
30 48
24 34
17 42
9 14
25 34
15 49
25 45
31 39
8 26
31 45
13 21
3 34
15 25
8 43
21 25
29 47
10 22
8 38
21 31
19 51
33 51
17 20
28 36
3 31
31 35
42 43
20 21
21 33
19 25
8 32
17 18
3 36
21 24
14 19
24 44
13 34
8 34
20 26
44 49
21 45
36 43
7 35
12 30
44 48
45 51
16 33
3 42
5 15
8 39
17 48
21 30
17 43
24 48
24 50
14 48
8 13
26 51
14 34
24 33
17 21
35 36
24 36
31 44
16 36
4 48
3 19
25 44
23 30
13 48
19 22
8 9
13 36
13 30
22 43
12 36
7 23
17 29
34 41
16 44
28 33
45 49
12 21
8 30
11 21
18 23
4 51
30 33
4 23
13 45
12 24
14 44
20 25
20 24
19 30
34 48
31 33
45 48
9 50
17 39
31 36
20 36
33 45
33 49
33 48
19 42
14 16
33 41
33 42
33 44
33 39
33 43
33 50
33 35
33 36
33 38
12 49
20 51
20 35
19 45
4 7
12 50
43 48
22 33
23 49
13 17
31 49
4 13
36 45
36 49
25 49
36 50
15 19
8 51
20 30
31 51
23 48
43 49
5 25
31 42
34 49
36 51
23 28
6 42
24 43
24 51
9 11
8 21
16 17
21 23
36 41
3 26
34 51
34 36
8 14
9 34
12 42
13 22
7 13
17 49
21 48
13 16
14 51
17 19
44 50
10 26
30 39
35 48
26 43
7 30
