20 34
29 33
41 44
20 26
5 30
21 25
4 24
17 45
23 42
8 14
13 36
34 48
10 17
41 48
36 45
8 38
42 45
34 45
23 48
26 36
33 43
25 51
22 24
21 31
20 24
16 38
41 50
8 51
30 36
22 36
48 51
21 51
34 39
19 31
30 33
7 36
13 22
15 33
23 45
26 30
28 44
18 41
4 39
22 33
35 45
7 8
9 42
16 44
36 41
20 43
33 44
14 42
4 42
8 33
38 49
14 41
19 21
25 42
50 51
19 45
30 50
44 51
14 49
30 45
19 42
20 51
33 50
44 49
21 26
19 34
48 49
4 11
21 24
34 38
13 24
15 19
20 49
22 47
13 30
24 51
32 33
33 39
38 44
7 34
26 48
13 20
20 48
17 22
12 39
19 43
8 50
9 45
20 23
3 21
13 21
17 42
33 38
8 35
30 34
25 45
17 19
33 47
11 16
31 43
18 51
8 31
15 17
21 45
21 49
7 22
35 36
14 23
31 51
19 22
24 48
4 34
41 42
14 21
17 38
3 11
30 48
9 44
17 36
19 39
14 33
31 36
13 43
8 49
35 51
24 44
15 20
19 23
5 14
32 48
20 45
4 19
16 50
11 34
20 35
30 43
14 51
14 39
16 45
43 51
0 7
31 44
19 51
20 31
41 45
13 49
3 44
8 20
8 36
24 34
17 49
45 49
44 48
24 26
15 28
16 49
12 19
8 21
20 36
3 14
17 33
25 49
20 33
12 16
23 49
43 50
19 28
45 51
21 48
21 39
7 21
26 41
20 21
3 33
3 23
8 45
33 34
8 44
28 31
15 24
20 39
17 48
17 39
3 13
30 42
4 9
13 31
19 33
15 36
27 36
30 51
4 31
14 31
8 48
18 45
3 17
10 44
45 48
25 43
12 13
8 19
18 33
14 45
20 42
21 34
5 35
7 49
23 30
6 29
13 39
9 48
34 51
24 49
13 48
11 17
17 51
14 36
31 45
32 43
17 31
18 36
4 21
21 33
19 30
14 24
21 36
11 50
22 50
8 34
20 25
9 33
34 42
30 49
8 13
21 42
16 43
16 24
33 42
43 45
14 19
19 25
14 50
49 51
11 44
8 24
16 33
14 43
33 35
25 30
12 17
12 49
17 21
24 36
24 33
17 20
19 49
42 50
16 30
36 50
4 36
31 41
21 35
26 39
25 50
5 36
43 49
4 48
31 48
11 24
12 21
25 36
9 31
10 33
43 44
36 49
24 39
31 34
14 17
17 41
34 49
18 26
29 43
7 19
8 43
3 31
9 17
12 33
4 16
13 34
21 23
31 33
3 48
31 50
11 36
24 31
15 25
33 45
33 49
33 48
8 41
12 36
5 13
28 29
5 51
18 31
7 15
17 34
18 21
33 36
5 34
4 8
8 25
8 11
36 51
6 13
10 30
21 29
15 34
25 33
12 43
43 48
24 25
41 49
24 45
2 12
19 24
12 48
36 48
3 22
26 33
10 38
31 49
16 31
44 45
23 33
33 41
7 44
24 50
34 36
16 41
39 49
27 42
17 50
17 43
23 51
19 20
33 51
42 48
11 33
23 43
12 20
22 42
28 39
12 31
17 25
9 16
23 25
19 36
23 36
8 17
3 39
28 48
0 32
19 48
