31 38
8 41
17 49
17 25
20 49
33 35
8 15
25 30
17 19
38 45
13 16
17 43
11 31
10 32
36 49
14 43
33 39
41 49
19 34
8 43
33 43
13 38
24 49
5 7
19 23
23 48
25 33
4 50
13 36
19 20
7 35
11 33
44 45
24 42
30 33
14 21
13 43
12 21
4 19
20 21
11 17
15 43
34 38
4 33
24 25
23 42
14 34
7 33
34 51
24 44
33 44
4 5
13 17
8 33
34 42
8 24
28 49
38 49
30 50
36 51
11 43
14 24
23 41
20 23
34 48
17 31
33 50
21 51
3 45
18 21
17 42
7 8
30 34
11 30
14 31
14 48
34 50
3 20
28 51
17 30
32 33
17 39
10 13
43 45
4 8
19 30
13 50
30 43
13 14
7 49
19 24
45 49
21 42
48 51
4 49
9 45
5 33
35 42
17 34
25 48
18 19
16 18
22 41
19 51
12 49
12 34
13 21
14 45
39 43
19 25
17 48
30 49
8 31
9 31
12 44
21 38
21 32
23 24
8 51
25 45
5 17
4 15
36 43
3 13
14 33
20 31
23 31
36 42
29 31
28 36
14 39
22 25
8 21
8 23
8 36
8 45
11 44
23 44
8 20
13 33
45 48
23 45
49 51
24 41
6 17
12 17
8 49
4 31
43 49
42 51
12 36
10 22
10 36
15 48
34 39
20 24
15 33
6 26
31 45
16 49
21 49
0 12
7 31
34 47
17 33
16 22
20 33
9 30
50 51
3 16
43 50
21 31
26 33
8 48
13 23
20 34
26 50
33 41
34 36
3 33
33 34
43 51
22 33
36 48
19 39
9 18
16 45
13 44
12 51
26 36
20 45
19 33
15 26
43 48
5 34
13 15
12 41
29 48
14 42
44 51
11 20
19 45
3 21
16 20
19 41
9 23
3 42
14 17
20 48
17 50
20 36
36 39
4 34
15 21
5 8
11 24
24 51
42 43
18 30
14 51
36 44
29 41
39 51
26 35
44 49
21 24
21 33
31 51
32 36
12 20
7 19
11 19
36 50
8 30
9 33
24 30
13 39
24 48
16 33
3 22
14 29
33 42
49 50
17 44
26 48
20 38
8 44
39 48
4 26
25 36
16 25
22 36
30 31
31 41
20 51
8 50
24 36
24 33
25 42
19 49
17 21
5 25
30 36
36 45
41 45
28 33
20 44
31 48
24 31
24 39
24 26
9 24
21 25
2 50
19 36
25 43
41 42
13 35
24 43
21 47
3 17
7 51
21 44
9 22
26 39
19 44
16 24
7 17
21 43
31 42
12 33
30 44
8 28
14 19
31 33
42 48
34 45
4 18
15 18
21 48
33 45
33 49
33 48
39 49
3 48
28 48
12 48
36 38
42 44
48 50
48 49
12 14
33 36
27 36
20 25
9 16
42 45
8 19
11 21
8 17
21 23
22 39
17 20
15 36
7 48
27 35
24 45
23 33
3 25
17 41
21 41
19 21
13 34
3 19
45 51
31 49
16 34
16 31
14 50
36 41
31 39
35 51
10 16
19 43
21 36
31 36
34 49
8 25
23 51
0 30
33 51
22 30
12 31
19 48
14 20
20 43
17 45
44 50
29 45
11 34
4 45
4 28
17 36
8 16
14 49
18 22
34 35
19 31
