26 47
18 48
13 23
5 42
17 26
31 44
13 17
21 31
3 20
4 35
15 49
33 38
12 48
31 51
36 49
14 48
12 31
34 45
25 32
10 51
33 43
10 14
4 42
29 34
39 41
3 18
25 33
18 22
7 24
31 34
24 50
11 33
21 24
9 36
30 33
16 45
33 39
20 32
20 22
9 50
17 19
20 31
21 23
4 33
42 49
24 43
20 43
30 50
7 30
23 39
33 44
5 8
17 39
8 33
31 49
22 24
26 36
35 41
8 36
18 33
13 34
12 19
18 50
8 20
7 8
8 19
33 50
16 51
16 31
25 39
39 48
25 49
9 26
44 51
30 36
8 39
8 17
4 49
18 25
20 49
8 24
41 43
11 45
32 48
31 48
11 19
42 44
31 41
14 50
4 45
8 50
35 36
4 16
17 41
24 30
8 21
17 48
21 22
21 49
12 14
13 14
21 38
20 51
43 49
19 23
17 30
20 48
23 31
18 31
14 21
21 48
21 34
14 31
11 42
12 23
8 16
3 12
8 14
23 34
5 44
43 48
30 48
36 43
20 36
14 33
19 51
11 43
19 45
17 29
32 38
14 42
8 15
12 45
7 19
39 44
8 45
21 44
26 31
21 43
5 33
19 43
5 36
19 44
39 45
9 49
7 31
12 49
19 20
41 48
11 17
36 42
21 25
13 36
22 38
12 17
25 44
23 33
31 39
24 48
23 42
8 26
43 51
13 45
15 48
17 33
14 16
20 33
17 43
13 18
19 41
31 35
16 36
29 44
3 36
25 30
23 49
39 43
12 33
21 39
3 33
33 34
31 45
22 33
36 48
49 51
2 41
28 43
8 30
30 51
19 39
23 36
19 33
4 19
24 42
28 42
31 43
3 31
35 45
9 21
25 35
24 29
13 41
16 34
20 50
14 36
17 38
26 33
13 49
8 43
15 20
15 34
16 33
5 28
28 36
12 30
25 28
0 5
17 42
4 10
7 36
48 51
24 44
30 45
43 50
19 48
3 45
21 33
16 43
17 25
24 51
13 33
34 36
36 50
3 51
9 33
34 50
44 49
14 27
16 21
42 45
25 45
33 42
14 44
15 33
25 36
25 34
16 30
9 13
17 23
17 50
3 24
26 34
17 22
30 49
27 48
23 29
24 36
24 33
24 34
12 21
17 21
30 42
8 41
30 43
11 50
14 34
36 38
19 50
6 9
14 19
7 13
19 31
25 48
11 21
19 36
4 51
15 51
41 51
3 23
7 45
21 45
34 38
14 24
24 49
36 45
8 49
8 34
8 48
16 24
17 24
36 51
44 45
34 49
20 45
31 33
3 13
25 41
20 24
17 51
45 48
33 45
33 49
33 48
21 42
11 51
23 51
17 44
45 49
17 31
21 35
13 48
20 30
33 36
8 31
41 45
14 20
7 12
4 20
7 34
15 42
9 11
4 24
19 30
19 21
15 16
28 49
19 22
20 28
19 24
8 13
34 48
43 45
21 51
4 44
22 48
13 42
12 20
0 6
22 31
33 41
44 48
16 19
33 47
10 33
21 36
31 36
14 39
34 42
49 50
11 36
33 51
10 22
17 49
26 49
38 51
19 34
24 25
15 35
17 20
41 44
13 43
8 51
17 36
48 49
34 39
20 26
3 50
4 21
