31 41
19 35
19 26
26 33
17 41
17 34
13 49
24 49
16 30
3 31
19 25
15 30
19 34
31 49
36 49
29 43
15 17
39 48
22 30
12 14
33 43
8 13
5 17
22 24
7 35
6 12
25 33
14 49
17 19
17 23
18 49
11 33
9 25
9 36
30 33
19 45
33 39
20 43
7 12
25 50
4 43
7 33
17 38
4 33
12 17
7 14
4 19
28 45
3 50
30 31
33 44
25 39
41 42
8 33
4 20
25 38
17 42
4 39
8 36
5 19
16 28
39 41
21 48
12 22
48 50
5 23
33 50
0 25
15 44
5 51
32 45
16 19
20 38
14 17
21 45
14 24
7 21
13 30
13 25
42 51
26 43
9 19
27 28
38 44
15 36
20 22
7 45
16 49
3 49
14 48
49 51
31 44
0 35
23 42
13 44
44 51
15 43
8 34
18 51
13 34
14 44
31 42
31 51
20 51
29 31
13 31
10 41
32 35
21 25
20 31
11 34
9 15
2 44
14 29
34 45
21 27
30 45
14 19
8 23
10 30
31 48
24 41
36 43
20 36
14 33
21 51
11 48
18 50
21 42
16 50
29 45
16 20
8 15
13 36
19 24
8 45
14 41
30 41
8 20
36 39
17 30
5 36
34 43
17 24
20 28
16 21
45 50
19 49
11 21
9 51
34 51
13 48
12 21
20 24
9 47
8 19
23 33
19 43
21 39
21 23
19 42
24 30
43 44
9 30
17 33
22 31
20 33
17 22
16 34
12 48
42 49
11 39
13 17
4 36
15 19
44 48
31 50
12 33
21 43
3 33
33 34
8 11
22 33
36 48
19 21
36 42
20 50
19 48
13 50
13 45
20 26
19 33
4 34
32 36
20 48
21 31
8 21
12 34
7 17
12 24
3 10
35 43
17 50
8 24
14 36
49 50
19 39
26 34
8 43
5 45
11 29
16 33
24 31
28 36
24 48
21 28
25 48
3 30
18 43
43 49
17 43
4 38
8 51
33 38
21 24
3 44
21 33
4 31
4 24
17 21
13 33
34 36
25 36
15 38
9 33
14 21
16 23
21 26
16 51
23 24
21 34
33 42
48 51
14 25
14 31
20 42
30 51
44 49
3 25
8 16
18 44
34 41
25 31
3 17
34 39
30 43
24 36
24 33
20 39
28 51
18 35
11 20
30 48
23 51
19 31
6 33
10 33
3 8
24 45
20 44
39 51
13 24
8 17
12 36
19 36
17 26
17 45
24 34
34 49
4 8
8 48
14 20
48 49
3 51
36 45
23 36
30 34
11 24
20 45
7 19
36 51
16 22
8 25
16 48
31 33
21 41
12 49
25 45
5 33
12 32
33 45
33 49
33 48
15 42
23 44
43 48
13 38
12 26
7 49
45 49
14 34
24 50
33 36
8 31
13 23
24 51
31 45
17 31
4 25
24 39
14 45
10 42
13 21
9 49
22 48
36 41
34 48
42 44
33 35
20 49
39 42
43 45
11 23
19 41
11 36
23 48
26 42
43 51
8 49
33 41
42 48
31 43
4 49
31 34
21 36
31 36
26 36
39 44
8 14
18 36
33 51
21 49
42 50
22 45
8 47
20 35
3 23
45 48
41 49
8 30
16 45
7 50
17 36
19 44
17 51
17 48
18 22
41 50
