8 45
31 34
14 39
17 20
18 36
41 48
15 38
15 48
3 49
13 26
45 49
21 34
20 43
34 45
36 49
26 50
12 30
11 21
14 36
3 42
33 43
24 45
24 48
44 51
16 35
11 19
25 33
17 49
12 19
26 28
48 51
5 50
30 31
9 36
39 41
20 45
17 22
39 45
14 41
17 31
20 50
7 21
2 4
4 33
25 36
19 49
19 23
13 38
14 25
21 49
14 33
16 31
34 49
8 33
21 48
17 29
7 36
12 42
5 20
31 39
5 9
20 49
23 43
26 36
19 35
18 33
33 50
24 38
22 33
4 14
8 28
7 43
13 19
31 45
19 24
16 48
17 48
11 24
16 17
26 34
34 38
9 11
23 26
30 51
16 36
39 48
19 41
34 51
25 26
3 33
21 23
8 24
22 36
21 50
42 45
42 51
13 44
19 44
8 34
13 20
17 30
24 36
35 51
18 19
22 49
19 45
20 34
17 19
17 51
30 36
28 33
19 20
21 44
19 31
34 39
7 51
34 42
17 21
17 45
34 50
23 44
19 48
17 32
33 39
20 24
23 36
9 42
43 48
7 13
33 42
16 22
21 51
3 44
23 49
6 24
14 17
26 48
31 44
32 36
20 25
20 48
17 23
31 48
23 39
4 48
16 33
25 48
48 49
8 17
4 11
8 41
31 42
13 21
35 36
35 44
8 22
22 45
14 19
14 16
13 42
30 44
24 49
12 47
20 30
17 33
23 34
20 33
4 31
21 24
30 49
21 39
33 35
41 51
4 36
29 33
22 51
7 8
12 33
12 48
7 14
33 34
24 34
36 45
36 48
12 39
18 30
10 24
14 22
8 39
14 42
24 26
19 33
21 25
20 21
31 43
31 50
36 50
36 44
14 50
45 50
18 24
16 24
14 15
21 41
21 31
25 51
5 21
17 43
30 45
23 45
23 48
33 41
13 18
17 50
28 29
8 12
11 36
29 38
21 28
19 43
20 36
9 33
8 11
33 44
8 25
5 35
21 33
3 41
42 43
34 41
13 33
43 44
15 49
13 51
19 51
14 24
16 25
8 27
16 45
38 43
8 48
17 39
30 43
17 44
4 15
3 31
45 48
18 43
3 36
3 30
34 48
41 45
9 45
3 38
36 43
12 31
30 33
24 33
16 30
20 31
3 43
8 19
23 33
12 51
44 48
43 49
15 33
32 42
16 49
25 43
20 39
25 49
4 21
8 49
19 36
10 50
15 51
0 49
15 35
13 31
14 48
6 33
13 17
17 42
27 28
8 51
13 36
8 30
44 45
20 51
4 8
8 44
19 21
9 19
31 33
8 13
11 33
41 43
5 25
19 34
33 45
33 49
33 48
32 34
13 45
25 30
8 31
26 33
5 43
9 16
49 51
21 45
33 36
15 25
11 18
10 11
8 21
49 50
17 34
4 24
9 30
34 43
4 7
21 42
41 47
20 44
30 41
45 51
10 49
36 42
22 23
42 48
4 19
31 41
44 50
19 25
10 45
31 51
12 36
13 49
38 48
17 24
20 23
24 25
21 36
31 36
3 34
7 31
20 22
20 42
33 51
0 21
14 49
7 17
24 50
24 31
12 14
24 39
14 51
8 16
28 34
11 29
17 36
31 49
12 43
3 39
12 15
42 50
