8 45
7 33
20 45
17 36
25 41
28 41
34 36
34 45
17 26
48 50
45 49
23 44
17 43
9 19
36 49
13 34
34 43
21 34
14 36
38 42
33 43
32 38
23 36
17 50
31 39
44 48
25 33
7 49
48 51
21 31
17 29
16 48
14 43
16 24
4 51
4 11
29 30
8 50
35 51
39 42
17 34
34 49
17 39
4 33
42 43
19 49
14 21
17 23
30 41
50 51
14 33
21 50
29 41
8 33
21 48
31 34
15 36
8 39
20 36
13 42
14 48
36 41
20 23
5 34
15 41
33 35
33 50
23 51
22 33
3 7
30 39
22 25
16 32
31 45
38 51
3 48
17 48
13 45
12 31
39 45
11 22
9 24
28 36
8 24
9 18
3 20
24 51
14 42
8 22
3 33
9 43
43 44
0 42
14 45
35 36
17 42
23 28
8 15
31 42
10 18
14 41
24 36
4 9
18 19
11 17
19 45
30 31
20 49
34 48
25 44
19 31
21 51
14 15
17 22
49 51
23 34
19 21
17 21
17 45
31 51
34 51
19 30
16 49
33 39
17 19
25 38
23 45
5 49
34 42
33 42
24 39
4 8
42 48
19 51
12 14
25 51
20 50
30 51
24 38
4 13
29 49
13 30
19 47
4 24
4 21
16 33
8 38
23 43
8 17
23 31
14 31
24 45
14 30
12 49
44 45
7 43
2 20
43 45
25 49
9 34
0 43
21 30
4 44
20 43
17 33
13 48
20 33
6 33
16 35
14 49
19 43
34 38
49 50
4 36
36 42
7 21
9 32
12 33
30 45
20 48
33 34
36 48
36 45
8 36
21 36
24 25
48 49
10 23
17 28
10 51
20 24
19 33
38 44
22 48
3 8
30 35
15 39
13 21
19 25
16 21
3 34
23 25
27 43
3 45
17 51
39 48
6 21
25 30
13 16
23 24
22 36
33 41
20 41
42 50
12 50
12 41
14 17
13 14
14 28
19 41
16 19
9 33
11 49
33 44
32 49
19 39
21 33
18 35
21 49
19 22
13 33
31 43
11 31
43 50
16 17
7 44
17 24
8 20
16 20
22 24
8 48
20 31
24 49
8 43
5 33
19 24
45 48
13 39
3 36
8 44
7 39
7 51
18 33
31 50
36 43
13 51
30 33
24 33
20 25
5 26
18 26
8 19
23 33
35 49
28 42
31 48
12 51
18 36
26 31
11 28
26 44
19 26
3 44
8 49
19 36
21 42
10 33
4 45
30 48
13 31
7 19
31 41
5 30
13 24
25 43
12 21
9 11
15 16
24 34
20 21
14 39
25 36
12 16
19 48
31 33
4 31
11 33
11 20
21 24
11 12
33 45
33 49
33 48
15 47
3 19
21 41
8 31
20 30
17 44
24 43
25 48
21 45
33 36
15 23
10 48
21 44
8 21
8 13
16 45
45 51
7 12
26 48
27 42
15 21
26 50
22 41
17 25
16 42
24 50
36 51
3 29
43 49
34 44
12 48
13 36
31 44
30 49
20 51
12 36
26 33
36 44
13 19
15 48
24 31
8 34
31 36
5 36
8 14
17 31
12 20
33 51
25 34
36 39
14 24
17 20
3 49
30 34
17 49
11 45
5 8
35 44
19 50
4 34
45 50
21 22
41 42
8 18
20 26
