17 32
44 50
29 33
34 42
20 51
18 43
22 39
31 43
14 50
12 24
12 19
19 44
45 49
3 24
36 49
14 41
11 50
24 31
8 48
30 38
33 43
21 42
3 50
9 49
8 20
12 21
25 33
12 49
13 34
7 25
11 15
14 36
17 30
7 34
6 33
4 24
9 12
34 45
24 45
39 44
49 50
23 36
4 21
4 33
10 19
14 43
16 18
5 33
17 36
17 29
20 50
20 36
36 39
8 33
5 11
4 16
26 33
8 17
5 43
26 44
19 41
8 45
24 51
20 29
33 41
12 42
16 42
13 43
30 41
14 45
20 45
15 51
18 49
43 45
20 23
48 49
45 48
12 20
12 43
25 50
4 36
25 31
11 31
8 28
21 48
19 24
30 31
8 16
25 45
3 33
33 35
17 51
26 36
23 45
18 25
31 45
23 31
30 42
24 34
9 31
11 49
24 36
30 49
14 38
13 45
7 13
8 11
13 51
25 34
42 49
28 41
4 6
5 21
26 30
5 24
9 39
34 43
34 50
20 44
8 30
8 50
7 31
19 48
18 33
3 31
41 51
22 42
22 33
4 42
33 42
21 31
14 29
39 48
21 43
7 22
31 41
17 21
30 36
8 34
13 24
20 48
41 48
19 28
19 49
21 39
7 27
14 19
17 44
8 24
14 17
15 34
36 44
12 45
24 25
21 36
0 23
15 48
16 23
20 30
36 51
8 43
3 49
2 50
31 48
17 33
17 49
20 33
17 45
36 48
8 44
13 19
13 25
21 23
42 48
20 49
0 18
11 36
11 33
24 49
14 34
33 34
17 48
36 45
8 36
5 51
11 12
21 51
36 50
16 22
3 17
18 39
19 33
17 25
14 31
25 36
8 23
42 50
24 28
14 20
35 48
14 23
22 48
21 24
35 41
13 30
22 31
11 19
16 33
31 49
30 51
22 38
14 26
24 48
17 19
43 48
21 49
20 35
19 30
4 43
4 17
13 48
17 23
44 48
33 44
8 49
16 51
21 33
45 51
29 35
12 51
13 33
33 38
15 36
16 39
16 48
13 44
34 48
8 13
33 50
7 33
38 48
41 44
14 49
4 31
3 36
31 50
4 30
7 45
21 41
34 36
14 21
8 21
7 44
16 21
36 43
19 26
30 33
24 33
3 45
19 50
17 31
13 36
9 33
8 31
17 41
8 39
4 19
17 42
28 36
28 42
26 35
23 34
17 24
10 39
19 36
34 51
19 51
48 51
24 44
13 17
21 26
19 21
10 41
4 9
3 21
23 49
25 43
31 34
43 49
8 25
12 17
30 48
11 45
35 45
31 33
10 49
16 27
23 32
19 31
14 48
33 45
33 49
33 48
43 51
15 16
21 25
8 47
44 47
18 44
17 34
14 33
41 43
33 36
5 12
26 31
38 42
9 19
36 38
42 45
19 34
24 42
49 51
3 30
21 45
8 12
31 44
3 25
9 51
10 34
15 19
20 24
3 15
21 50
32 48
39 45
22 36
25 44
14 51
9 36
15 20
33 39
39 43
15 33
16 34
13 35
31 36
20 42
13 42
38 49
25 49
33 51
32 39
19 20
17 20
20 21
23 26
30 43
20 34
19 45
20 39
34 41
7 21
24 43
22 24
16 17
23 51
22 28
8 51
