31 51
30 35
48 49
16 31
36 50
22 24
14 43
13 45
17 21
17 49
36 41
8 19
21 24
19 42
32 49
15 21
14 17
24 41
7 41
9 33
33 43
21 48
24 45
15 48
11 48
3 23
25 33
30 44
36 42
31 43
3 14
15 23
16 43
15 36
43 48
17 42
20 51
14 19
12 31
42 51
15 33
12 25
39 50
4 33
3 48
18 35
45 49
19 20
16 34
14 48
20 36
26 44
4 17
8 33
34 45
34 51
12 33
22 44
19 39
19 30
23 39
5 19
25 42
9 48
38 48
17 51
21 34
36 44
4 42
18 23
34 36
34 44
13 30
20 23
4 29
19 51
24 51
7 49
12 51
16 30
38 49
36 48
19 48
22 39
8 43
13 17
4 21
17 48
28 49
3 33
14 51
21 51
28 43
12 29
17 36
28 35
19 45
7 25
17 18
22 51
42 45
24 36
13 34
23 31
7 19
45 51
42 44
12 45
30 48
11 50
8 13
13 24
10 34
21 42
49 51
17 26
25 28
9 43
17 24
17 50
45 50
43 50
13 31
11 31
31 42
25 30
19 21
31 48
8 20
33 42
5 36
8 50
8 48
5 33
16 27
17 45
13 23
5 8
28 31
25 48
11 29
14 44
31 39
19 49
20 25
34 43
3 24
31 34
7 24
43 51
20 45
7 8
8 36
7 27
36 51
16 36
10 36
22 36
16 25
20 48
8 41
35 50
26 42
21 49
17 33
30 49
20 33
11 51
8 31
23 30
21 39
9 23
20 49
3 22
3 21
30 36
43 45
14 50
21 23
25 50
33 34
21 45
26 33
16 33
18 43
9 49
8 24
19 35
11 36
36 43
17 34
19 33
15 19
16 44
36 39
4 41
30 51
4 31
9 41
19 24
42 48
21 50
20 24
13 19
14 34
8 42
25 26
23 33
31 49
32 43
13 36
19 36
39 51
44 50
24 32
34 49
10 45
17 20
21 31
16 51
21 35
11 21
13 51
33 44
20 30
20 34
21 33
15 39
22 45
18 48
13 33
11 33
3 41
7 17
20 21
17 38
24 48
34 41
33 50
25 39
17 30
4 20
19 43
16 23
25 45
0 49
39 42
14 36
30 45
14 24
24 26
8 17
8 45
8 30
12 36
33 47
30 33
24 33
2 21
14 42
24 43
18 33
21 44
12 34
13 48
20 41
41 51
31 44
34 48
14 45
22 48
20 43
19 25
11 16
36 45
14 49
8 26
7 36
0 36
11 44
17 31
23 45
12 49
24 49
6 48
8 21
15 18
8 12
28 32
21 36
14 22
28 38
3 20
20 31
31 33
14 30
33 41
33 35
19 31
24 39
33 45
33 49
33 48
33 39
9 15
6 20
15 16
3 47
44 48
3 4
14 33
24 35
33 36
13 38
34 50
18 19
20 42
41 45
13 29
5 41
17 19
19 41
14 21
45 48
4 49
8 23
10 23
4 39
19 34
16 39
21 22
5 25
12 21
4 26
13 43
50 51
11 17
4 43
16 42
30 34
8 38
12 24
7 44
22 33
24 31
8 49
31 38
31 36
5 20
17 43
33 51
25 44
8 44
12 17
14 31
44 49
9 12
10 33
26 38
36 49
8 29
31 45
9 34
3 50
17 41
25 34
13 49
26 49
