36 50
20 34
48 50
11 39
7 36
30 36
19 43
30 31
13 16
20 31
25 49
20 29
23 31
7 14
34 43
24 39
4 48
13 17
18 49
26 33
33 43
21 44
29 45
20 35
45 49
20 41
25 33
21 50
30 44
36 39
13 51
48 51
12 43
4 8
0 36
39 51
7 44
28 43
3 13
12 22
39 48
11 24
39 43
4 33
26 49
24 25
27 33
21 48
25 31
3 21
20 36
20 28
17 26
8 33
5 32
19 21
12 33
24 32
42 50
31 39
13 44
18 33
3 8
19 34
13 48
8 31
36 41
30 42
8 19
9 31
34 36
4 45
8 24
19 24
25 50
19 45
14 50
14 36
20 21
5 16
12 49
36 48
20 44
5 25
23 45
10 21
44 48
16 19
34 42
3 33
22 42
15 47
19 41
19 26
17 36
20 49
14 17
13 34
17 20
25 36
4 38
24 36
17 25
14 48
9 36
31 48
17 45
36 44
7 21
30 49
19 39
13 14
10 29
34 49
11 44
31 42
8 48
20 45
8 14
15 28
8 44
17 22
31 34
5 13
43 49
17 42
19 42
31 49
21 25
33 42
3 36
8 22
23 36
23 49
41 45
32 50
8 15
11 49
38 41
33 38
19 31
34 44
12 34
43 51
13 23
31 43
42 48
43 50
21 45
9 34
4 34
8 51
8 36
14 49
36 51
12 20
10 33
13 36
18 19
13 25
45 48
8 25
4 25
17 31
17 33
15 48
20 33
0 41
16 38
14 26
7 19
4 43
4 12
21 26
21 43
16 47
8 50
11 23
3 11
14 18
33 34
28 33
21 42
16 33
34 45
13 45
14 22
16 21
20 48
10 50
4 14
19 33
16 36
21 31
19 44
21 23
26 30
11 33
14 23
34 39
12 15
42 51
5 48
34 51
25 29
8 20
35 42
23 33
17 23
15 30
24 31
19 36
9 32
12 29
31 44
19 30
8 30
45 50
28 51
11 22
8 49
42 43
24 51
33 44
11 14
16 49
21 33
31 51
14 31
8 16
13 33
23 51
35 45
14 21
38 44
13 21
31 41
4 44
33 50
8 18
21 34
18 48
9 43
12 24
11 48
30 45
17 43
24 49
16 35
3 17
17 30
3 38
14 51
25 48
6 41
20 42
30 33
24 33
34 50
4 5
24 35
43 48
6 14
17 49
28 35
7 33
25 43
9 39
12 51
21 49
26 36
3 49
11 20
17 39
36 45
7 48
17 24
17 18
18 36
7 34
3 45
22 51
21 24
38 49
19 49
24 30
41 48
16 45
8 45
21 36
17 51
24 41
7 30
17 50
31 33
49 51
33 41
31 45
2 39
26 51
33 45
33 49
33 48
33 39
28 48
24 48
19 50
23 30
43 45
3 31
14 19
30 34
33 36
22 34
41 42
13 24
17 21
10 36
8 42
19 20
39 45
23 43
3 43
42 45
12 17
8 34
20 39
19 51
25 51
16 50
22 49
30 51
19 48
17 44
15 38
8 21
24 45
12 31
15 26
21 51
8 9
27 31
23 34
20 22
16 24
15 44
17 41
31 36
33 35
42 49
33 51
9 17
4 36
22 33
21 41
24 43
7 24
16 44
12 41
36 49
19 25
9 35
15 33
20 24
23 48
17 19
13 20
5 30
