36 50
8 31
35 51
21 24
9 29
35 49
17 51
14 25
21 23
21 50
33 41
17 48
22 30
17 23
41 43
11 50
17 30
13 41
24 47
26 33
33 43
8 44
4 38
5 6
18 48
29 34
25 33
41 45
16 19
30 49
24 43
8 17
20 50
19 20
15 30
38 44
16 23
42 51
3 21
5 8
21 26
17 50
13 44
4 33
17 22
9 11
12 19
38 41
20 26
17 20
20 36
14 18
13 23
8 33
23 36
11 44
16 43
24 48
25 31
12 44
19 51
15 42
7 50
24 41
9 21
13 36
49 51
24 30
33 39
21 43
34 36
17 39
7 41
28 49
23 45
17 19
15 24
14 36
17 21
25 41
33 38
36 48
7 17
31 39
26 50
5 49
23 43
3 17
3 34
3 33
4 30
19 30
12 48
16 41
17 36
8 25
34 48
34 50
7 12
17 49
25 39
24 36
22 24
7 34
9 36
15 45
44 45
10 33
12 25
0 24
22 36
17 31
11 43
34 38
24 44
19 49
20 31
19 35
4 8
21 25
16 45
8 20
29 35
30 36
8 13
19 44
16 36
19 31
4 24
33 42
4 13
24 45
24 34
16 51
5 42
30 41
4 32
16 20
3 19
12 34
4 19
8 19
5 31
16 17
24 51
31 34
11 51
14 49
31 35
12 43
4 21
20 49
8 36
30 32
36 51
39 43
43 48
3 36
31 48
8 24
15 51
45 49
29 48
17 45
17 33
25 43
39 51
27 33
39 41
18 33
20 34
45 51
3 27
19 39
8 45
50 51
12 31
20 21
20 42
9 48
16 33
13 30
25 49
25 45
8 16
23 33
10 31
34 44
15 21
33 50
21 49
19 33
10 49
3 45
24 49
19 45
19 43
11 33
23 31
14 20
44 48
24 42
31 49
23 51
19 21
14 21
3 25
17 25
19 38
22 35
14 31
13 19
8 26
14 16
25 44
13 50
3 48
18 22
22 47
41 48
36 39
24 39
26 48
33 44
8 51
36 42
21 33
13 43
31 42
9 42
13 33
11 14
13 48
17 34
45 50
13 26
13 16
34 42
26 36
17 43
36 49
21 44
5 30
22 49
28 45
23 24
12 51
9 35
3 14
13 49
24 31
20 43
21 28
28 42
14 19
19 34
30 33
24 33
2 39
26 49
24 28
20 22
20 24
30 45
18 25
7 33
31 45
43 49
4 44
14 51
17 18
0 43
14 23
31 50
36 45
8 50
8 48
12 36
29 38
30 31
34 45
11 34
21 48
8 49
4 42
20 45
23 42
4 36
20 33
21 36
11 31
42 48
19 36
31 43
31 33
10 51
8 39
13 45
8 23
7 51
33 45
33 49
33 48
21 31
8 12
34 49
15 38
30 51
17 42
20 51
6 7
4 41
33 36
15 16
12 21
18 45
32 44
8 21
12 39
19 28
7 26
21 45
49 50
14 43
21 42
9 22
3 31
16 42
12 33
17 44
14 17
14 33
11 36
5 33
32 36
19 48
7 30
20 48
36 41
48 49
34 43
25 48
20 30
11 48
10 14
31 44
20 28
15 18
9 33
48 51
19 50
21 51
25 36
22 33
45 48
14 48
14 41
8 42
21 34
36 43
8 34
33 34
15 33
13 17
39 44
23 34
39 49
20 35
