36 50
8 31
11 45
23 42
20 48
7 22
17 50
14 17
15 31
9 48
33 41
17 48
31 36
6 10
19 34
24 51
8 32
14 20
4 24
26 33
33 43
19 50
36 39
12 19
8 50
31 34
25 33
19 26
8 41
14 24
24 43
8 17
20 34
16 42
5 13
42 48
28 34
15 19
25 51
4 25
11 51
12 23
17 30
4 33
9 39
17 20
24 42
28 31
9 49
17 51
20 36
15 36
31 43
8 33
30 41
17 18
26 45
8 25
29 35
20 38
20 31
10 13
41 49
9 17
12 24
13 36
16 45
19 44
33 39
3 44
34 36
5 14
4 49
4 20
42 45
17 19
30 34
14 36
17 21
13 42
20 33
36 48
21 24
25 45
44 49
12 31
25 43
16 20
34 42
3 33
21 51
25 41
34 49
14 21
17 36
19 51
34 48
14 19
41 43
17 49
33 51
3 31
23 36
14 50
22 24
10 41
13 31
0 45
11 34
31 38
29 36
17 31
8 11
36 45
7 21
19 49
13 51
31 39
18 43
49 51
31 50
8 51
6 15
17 34
22 49
26 31
25 30
19 31
20 49
33 42
30 48
24 45
16 50
13 41
8 44
5 33
11 24
3 48
8 43
24 49
4 21
8 19
16 18
20 50
35 39
12 51
26 34
34 39
14 51
28 51
32 43
19 23
19 30
5 16
36 51
29 33
3 24
9 36
31 48
8 24
13 50
45 49
8 20
17 45
17 33
9 13
24 31
22 47
4 5
12 43
30 45
45 51
21 25
19 20
8 45
28 50
17 25
32 41
11 35
30 51
16 33
24 41
21 26
21 35
4 23
23 33
18 48
3 21
9 26
33 50
21 49
19 33
39 43
35 51
8 12
19 45
25 50
11 33
29 30
12 39
17 38
7 25
31 49
7 34
19 21
17 42
7 49
22 44
48 50
23 48
7 17
5 43
16 17
42 44
19 42
10 34
24 39
19 43
14 49
18 20
3 17
35 48
14 48
33 44
25 42
38 44
21 33
18 30
8 42
11 36
13 33
23 31
39 49
21 34
23 34
13 39
43 45
21 42
22 36
31 42
18 33
7 51
34 43
12 16
44 45
18 26
39 51
36 44
19 41
3 26
5 30
20 47
17 23
13 20
4 44
13 19
30 33
24 33
3 11
31 44
29 50
12 50
24 30
43 49
8 22
7 33
31 45
19 36
42 51
28 43
36 49
20 25
25 48
4 31
21 41
8 9
8 48
12 36
24 48
16 43
34 45
15 21
21 48
8 49
11 25
20 45
16 49
4 36
43 48
21 36
42 49
30 44
12 14
23 43
31 33
21 39
3 43
7 45
16 48
32 33
33 45
33 49
33 48
21 31
27 36
7 35
13 24
30 36
34 41
24 44
2 23
24 50
33 36
12 49
36 41
4 14
39 48
8 21
17 44
14 15
17 24
21 45
3 4
22 34
10 51
15 38
15 17
21 28
12 33
21 30
13 28
14 33
22 41
44 48
16 44
19 48
16 19
36 42
20 51
48 49
35 45
14 44
34 38
36 38
14 45
20 23
16 26
19 24
9 33
13 21
0 15
14 39
25 36
22 33
45 48
8 14
3 22
8 23
20 21
36 43
8 34
30 49
15 33
33 38
11 13
20 30
23 27
48 51
