18 19
17 19
11 48
8 45
14 39
29 36
5 20
36 41
5 17
33 51
22 28
34 51
16 42
12 17
8 13
17 21
48 49
12 15
23 48
9 33
9 42
39 48
9 20
24 30
10 25
16 41
4 19
16 34
27 34
8 43
30 51
28 41
14 38
3 51
12 49
33 35
13 20
19 48
8 20
8 35
12 31
8 16
42 50
20 31
14 17
16 48
7 42
31 49
22 35
30 42
4 21
20 24
19 24
8 33
15 23
17 24
39 45
33 39
28 51
36 50
18 50
11 41
21 26
44 48
8 41
23 51
7 30
8 44
11 20
19 43
17 25
3 43
17 50
17 49
19 26
17 48
41 44
13 17
19 44
24 45
10 30
36 48
19 20
21 50
17 34
45 49
14 33
22 32
3 48
3 19
18 44
31 34
8 51
43 49
17 36
31 41
36 38
17 23
4 11
21 45
13 51
12 19
14 44
17 41
13 48
21 47
12 13
15 45
24 49
36 44
31 48
16 18
3 41
7 24
21 42
11 19
43 51
30 36
19 31
45 51
19 51
19 36
21 49
45 48
3 49
21 44
23 36
5 39
36 49
33 50
8 12
19 22
24 43
3 30
31 51
44 45
13 33
12 43
26 34
35 50
19 45
7 20
13 24
7 36
20 34
11 51
20 33
30 33
33 38
3 31
10 33
15 24
27 43
21 34
35 41
19 34
23 25
32 33
43 48
22 30
26 42
25 49
4 35
23 45
17 33
21 41
35 44
15 42
17 43
8 24
41 49
7 29
11 30
24 25
13 31
21 22
31 50
6 16
18 21
34 39
13 44
7 39
4 8
17 20
15 31
12 34
41 51
21 39
25 45
28 33
49 50
19 33
48 50
8 29
39 44
33 44
16 36
11 45
14 19
14 49
25 33
23 50
33 43
15 17
25 43
5 28
31 43
8 23
16 33
43 50
4 25
4 45
22 47
7 45
13 25
21 30
17 31
9 15
7 31
21 31
19 23
9 38
4 20
4 48
0 44
9 24
21 33
8 14
22 45
31 32
17 44
25 38
25 31
16 25
0 42
5 16
36 51
8 50
20 21
24 42
17 22
3 13
4 33
34 49
34 48
3 45
36 43
22 36
21 23
15 36
24 48
23 42
36 39
17 39
7 26
36 42
3 34
24 33
21 51
13 34
8 19
8 48
5 36
20 36
19 49
14 24
18 24
42 49
14 25
20 43
17 30
23 44
28 49
14 21
21 43
26 33
44 51
10 14
49 51
34 36
10 44
4 51
6 9
42 48
26 31
34 43
33 42
30 43
24 26
21 36
11 24
18 25
39 49
8 36
31 33
20 48
20 49
8 30
24 36
25 42
33 45
33 49
33 48
16 49
8 34
45 50
14 51
12 24
3 33
35 49
19 21
13 36
33 36
39 43
30 48
22 48
36 45
8 21
14 20
14 31
20 51
19 42
18 33
23 24
12 33
41 48
34 38
25 36
8 31
34 45
8 17
14 48
21 48
26 51
4 49
11 33
13 14
34 42
38 49
14 28
15 33
12 20
19 39
9 39
9 13
2 17
11 31
20 30
5 14
4 13
31 45
43 45
16 50
23 33
30 38
21 24
31 36
33 34
16 32
12 36
17 45
33 41
12 50
16 51
29 34
20 29
30 31
26 45
