41 48
3 36
31 44
24 42
13 24
13 34
7 51
28 30
9 24
11 17
23 42
8 50
25 33
26 45
36 45
8 42
15 36
13 41
8 51
12 36
35 36
4 14
21 36
23 31
9 21
7 31
29 41
49 51
24 51
36 50
12 17
3 31
8 31
17 21
30 33
11 45
12 13
22 31
23 49
38 39
13 20
14 45
13 33
20 34
11 43
19 24
8 34
31 35
36 41
12 44
33 44
16 44
7 12
8 33
30 49
19 44
29 30
15 17
21 24
19 31
3 33
45 51
17 50
22 30
28 31
17 26
33 50
2 50
4 21
13 23
23 45
4 20
20 49
17 18
43 44
29 33
26 27
44 47
17 31
14 36
25 41
31 48
5 20
24 34
48 49
17 49
31 43
21 34
18 49
7 34
22 35
20 21
14 48
24 49
3 48
17 51
13 18
12 42
4 33
23 44
5 7
31 50
5 33
8 12
5 49
17 25
16 33
43 50
14 20
13 43
33 38
17 48
8 45
8 17
22 43
34 48
42 44
22 51
3 21
39 41
12 51
44 48
14 51
20 43
14 33
21 41
14 24
31 36
20 51
24 48
8 30
45 50
50 51
13 21
34 51
15 43
17 41
3 9
20 25
5 21
17 39
11 33
4 41
9 33
20 36
8 23
7 42
31 38
22 48
11 20
16 36
31 51
8 36
7 28
16 23
22 25
19 39
17 24
31 34
6 50
14 16
23 51
30 44
20 31
17 33
34 45
20 33
11 31
8 21
20 24
36 48
3 51
14 17
34 36
15 50
12 19
12 48
9 19
49 50
41 49
33 34
4 45
8 14
16 41
19 43
11 21
33 39
8 43
0 49
24 25
9 22
19 33
35 42
18 31
24 31
19 49
17 36
8 44
35 44
45 49
25 45
19 35
21 48
14 38
16 21
19 25
21 39
19 22
3 38
12 33
31 45
24 30
8 24
13 49
21 22
20 48
13 15
7 49
34 43
14 49
21 51
13 36
20 26
15 48
4 5
48 51
21 33
17 19
39 48
33 41
21 43
29 43
44 49
15 18
4 36
34 49
4 49
9 25
19 21
21 49
31 39
33 42
24 45
16 39
28 33
18 23
3 19
44 45
19 34
17 43
39 44
10 51
20 38
30 31
26 33
17 45
24 36
24 33
22 26
7 36
18 33
31 42
7 41
9 49
21 26
9 17
30 43
19 26
11 51
36 43
15 33
4 17
34 38
25 50
3 34
4 42
14 50
42 45
8 25
25 48
19 50
13 42
42 43
25 36
17 20
35 48
16 45
14 34
21 45
36 49
14 30
15 21
3 23
23 48
31 33
20 42
21 30
10 33
25 51
6 28
33 45
33 49
33 48
8 39
20 44
14 19
10 35
34 50
19 48
33 43
41 45
8 49
33 36
19 51
18 48
36 51
11 36
19 36
43 45
30 34
8 48
16 25
30 32
11 24
8 16
24 39
13 16
34 39
4 24
17 28
16 34
14 25
21 44
38 45
27 32
8 19
36 42
20 39
32 36
23 36
14 42
19 45
10 15
16 26
24 41
16 20
17 23
30 48
4 12
10 47
33 51
30 36
25 28
8 13
5 39
19 29
13 48
12 24
3 43
23 32
11 19
43 48
42 49
8 26
12 30
30 45
34 42
0 33
