34 51
3 36
21 44
0 44
31 41
5 25
22 51
15 16
26 41
14 30
18 48
25 41
25 33
16 33
36 45
5 17
18 30
3 49
7 49
23 50
7 12
3 13
21 36
17 26
22 38
7 41
30 48
3 51
29 38
36 50
43 47
20 51
19 34
23 42
30 33
36 42
27 32
42 51
15 21
8 23
26 33
26 39
13 33
17 45
39 48
19 24
11 19
43 48
23 34
25 51
33 44
9 41
12 14
8 33
20 44
9 49
19 50
11 31
21 24
11 43
3 33
42 49
30 42
8 48
35 36
14 51
33 50
15 34
16 43
7 31
25 49
15 19
30 36
19 45
23 33
31 34
8 50
14 31
21 31
14 36
22 33
38 51
19 49
24 51
13 22
23 51
4 44
16 17
16 20
25 39
3 22
17 50
36 39
24 49
9 21
44 45
25 43
34 44
4 33
14 45
21 25
25 34
26 34
3 50
8 43
20 31
18 49
39 42
26 31
12 49
13 30
19 48
7 11
8 47
10 51
45 49
24 43
6 33
15 17
23 26
4 42
20 28
13 16
50 51
14 33
12 38
16 34
43 49
13 50
24 48
10 21
45 48
16 48
19 20
43 50
30 39
34 45
17 34
8 39
21 22
21 39
14 20
13 44
9 33
20 36
9 16
10 33
19 21
21 34
34 48
15 48
34 49
8 36
20 23
20 42
8 16
14 17
17 24
7 36
13 24
25 42
0 50
19 29
17 32
17 33
8 20
20 33
44 50
4 31
31 36
36 48
14 39
21 48
34 36
20 22
39 45
17 41
23 45
31 51
8 45
33 34
17 39
15 49
9 14
8 31
17 48
30 31
16 49
4 19
17 42
35 51
19 33
39 49
25 30
24 31
31 49
17 36
8 17
19 31
18 43
21 23
12 31
21 49
11 21
31 48
16 35
24 25
48 49
21 42
33 41
22 34
34 50
8 24
17 31
8 21
24 34
31 45
13 51
25 28
11 33
42 45
13 36
30 43
4 24
23 41
8 49
21 33
31 38
44 48
22 31
20 25
41 48
14 48
3 48
4 36
44 49
49 51
13 20
8 44
19 38
7 33
33 42
24 45
17 20
24 41
3 12
31 42
8 30
14 42
17 19
11 20
11 45
20 24
17 35
3 32
17 21
24 36
24 33
12 48
8 19
19 51
2 10
26 36
7 34
12 20
20 49
14 24
4 41
21 43
36 43
15 33
15 45
8 13
19 30
16 36
21 45
24 28
28 36
5 38
36 41
8 42
28 31
34 39
25 36
5 12
13 43
42 48
28 33
9 44
19 36
39 51
18 45
7 17
11 17
31 33
20 48
20 45
45 51
5 43
18 50
33 45
33 49
33 48
29 43
19 42
12 19
38 48
21 29
23 49
33 43
30 51
19 25
33 36
14 21
17 49
36 51
16 30
12 36
8 51
4 25
33 35
30 45
4 11
14 43
19 44
43 45
24 29
4 8
14 49
22 24
7 45
4 21
13 19
31 44
18 41
5 23
17 30
4 45
32 36
5 33
48 50
17 22
14 19
33 39
3 21
13 41
28 35
18 20
12 30
14 23
33 51
35 41
6 16
11 15
36 44
10 26
12 21
8 12
23 43
27 35
8 34
9 50
13 48
26 44
13 34
24 44
9 24
3 43
