19 31
6 44
32 38
4 30
14 27
32 41
11 26
0 32
39 50
6 29
27 34
32 50
5 46
32 40
12 19
23 32
19 27
6 21
21 29
32 33
39 44
4 29
21 40
0 21
3 49
3 48
4 33
34 44
4 32
25 37
23 38
2 32
14 17
0 2
29 40
36 47
25 32
5 44
9 32
26 51
7 47
8 32
32 47
32 39
6 12
6 32
6 14
0 6
3 37
12 22
17 32
11 32
1 14
37 39
32 37
16 32
21 34
11 51
19 32
32 36
21 27
10 32
17 51
7 36
12 46
0 27
44 46
31 32
37 49
0 34
3 32
6 40
4 44
6 39
0 47
5 32
4 46
22 44
14 32
22 36
6 13
21 32
7 39
22 32
7 32
32 45
6 34
0 7
17 27
4 14
0 44
16 47
4 51
12 32
2 8
20 35
32 49
27 44
16 35
12 21
15 29
17 34
27 32
14 44
0 40
45 49
32 51
48 49
27 31
0 41
36 42
29 32
2 47
12 34
20 28
29 34
3 25
2 19
13 21
4 34
18 31
32 46
6 7
27 40
0 39
32 44
32 34
27 47
41 45
12 45
32 48
0 17
10 47
1 32
8 10
40 44
34 41
27 51
4 28
14 34
7 22
0 29
