5 32
22 42
23 39
12 21
1 17
31 32
7 27
0 32
6 34
4 47
27 47
26 32
12 14
32 40
6 29
2 12
3 12
11 51
21 34
44 49
0 10
34 50
14 21
2 10
4 14
37 39
6 40
7 9
4 32
0 14
27 50
2 32
13 32
19 31
19 46
6 27
25 32
8 49
16 20
3 4
22 49
8 32
32 47
32 39
29 41
6 32
27 39
0 6
41 44
36 41
17 32
0 17
6 17
0 26
47 51
34 44
13 45
2 28
19 32
29 44
14 35
27 48
4 7
32 38
2 7
27 34
36 46
25 46
27 44
6 21
3 32
4 44
0 3
6 44
6 14
32 45
11 44
34 49
14 32
21 39
11 32
21 32
18 45
22 32
7 32
32 48
34 47
44 51
40 44
32 35
4 34
21 40
29 40
12 32
31 36
0 21
32 49
5 23
7 47
0 12
0 39
0 40
27 32
8 20
38 51
4 12
32 33
6 47
46 51
44 47
32 36
29 32
22 45
19 36
5 25
19 27
34 37
0 34
17 30
4 27
10 32
32 46
34 39
6 48
28 32
32 44
32 34
17 29
27 37
7 37
16 32
21 29
1 14
32 51
12 40
0 4
32 41
32 37
3 33
15 16
22 31
0 29
