0 47
17 47
11 12
21 27
0 2
48 49
27 51
0 32
6 34
16 39
39 44
32 33
21 47
32 40
1 32
32 48
40 44
0 4
7 20
19 51
29 49
40 50
31 41
34 47
22 44
2 45
4 44
14 27
4 32
0 14
6 14
18 32
0 36
27 34
0 34
6 27
7 31
10 32
39 51
14 17
34 38
8 32
32 47
32 39
46 49
6 32
15 26
4 22
6 40
2 37
17 32
27 29
44 51
14 25
29 33
14 47
12 22
0 51
19 32
32 37
19 45
3 19
7 37
36 39
6 12
12 27
29 41
40 46
27 44
4 6
19 41
4 39
0 39
14 44
41 49
8 36
0 44
34 44
14 32
2 7
11 32
21 32
17 48
32 45
7 32
5 25
27 36
6 44
11 20
4 21
32 50
6 47
12 21
12 32
4 34
0 29
32 49
21 34
5 10
0 12
7 17
44 47
27 32
2 32
7 35
9 32
28 45
37 46
29 34
22 23
32 36
29 32
6 17
5 32
25 46
31 37
13 32
10 30
34 40
0 27
23 32
32 46
21 29
3 21
31 32
32 44
32 34
28 42
3 26
27 40
16 32
4 12
1 6
32 51
4 8
0 21
3 32
22 32
32 35
13 34
3 16
6 38
