0 34
17 51
0 4
25 32
4 22
18 23
6 21
0 32
8 32
6 39
14 34
8 31
21 40
32 40
4 12
34 49
12 34
12 21
3 4
48 51
0 7
2 32
20 36
40 44
2 51
2 39
14 46
9 32
4 32
3 44
3 32
14 47
3 38
27 34
26 32
1 32
4 44
32 45
5 41
0 21
7 35
15 32
32 47
32 39
44 47
6 32
0 12
4 27
29 34
34 47
17 32
48 50
25 41
12 44
11 32
14 39
6 20
0 6
16 32
14 27
5 39
32 46
6 44
11 46
6 27
17 19
0 5
21 47
19 39
39 46
29 37
0 14
27 29
16 51
42 48
0 22
0 44
21 41
14 32
16 37
6 45
21 32
7 10
28 32
7 32
38 40
29 47
13 26
2 17
27 37
31 32
10 36
0 40
12 32
34 44
0 47
32 37
21 34
27 44
21 44
17 34
22 31
27 32
25 49
19 32
23 32
50 51
14 29
27 49
4 29
32 36
29 32
17 27
7 47
12 27
19 33
32 33
45 49
11 35
0 27
10 32
3 6
28 40
6 29
32 49
32 44
32 34
13 45
4 8
2 46
32 41
4 7
1 36
19 40
31 44
7 36
32 51
22 32
22 37
6 34
6 12
30 32
