0 34
32 37
2 3
33 48
32 49
0 39
0 6
0 32
1 12
20 27
26 47
32 45
21 34
29 32
6 7
32 42
8 39
29 34
32 35
38 47
4 37
23 32
44 47
14 31
12 34
6 27
2 25
5 32
16 32
36 44
14 22
5 36
14 27
27 34
17 32
16 51
4 27
19 28
7 40
7 27
21 44
32 33
4 44
20 32
47 51
6 32
32 50
12 48
21 29
39 45
22 31
22 27
0 21
46 49
4 6
32 40
11 32
30 32
17 49
21 27
14 29
32 36
9 32
31 32
0 40
6 37
4 11
0 7
4 34
40 49
6 17
29 39
37 49
2 50
28 38
0 44
0 17
12 32
14 32
4 32
4 12
21 32
8 19
40 51
10 32
13 41
3 51
6 21
44 51
29 44
0 4
14 21
14 44
7 32
34 44
37 40
34 39
0 29
27 44
19 35
6 10
5 44
27 32
27 31
19 32
32 51
29 36
32 47
2 16
0 36
45 47
11 12
3 32
0 47
12 15
6 46
17 22
32 46
0 14
7 34
2 32
25 26
12 41
8 13
32 39
32 44
32 34
18 46
3 40
3 25
32 41
32 48
1 4
39 41
6 34
19 23
17 27
22 32
10 45
7 21
6 47
34 46
