0 34
0 47
35 39
29 45
32 42
45 49
6 14
0 32
44 51
3 29
2 10
10 32
32 48
29 32
8 32
6 25
1 13
6 44
14 19
7 19
32 49
6 29
0 29
18 33
32 39
16 32
0 6
9 29
14 26
3 32
32 38
32 35
32 46
25 32
17 32
4 37
0 27
22 40
34 44
4 47
27 34
16 17
12 40
22 32
7 44
6 32
6 34
5 11
7 12
14 37
4 27
26 32
4 44
7 41
23 34
13 39
7 39
0 21
1 51
28 32
27 44
39 44
15 31
32 37
4 6
28 31
12 38
21 47
4 36
34 46
8 17
27 46
14 41
12 25
22 37
0 44
5 32
12 32
14 32
4 32
33 51
21 32
39 46
0 4
0 2
11 34
6 20
32 40
3 48
21 34
29 49
17 39
4 34
7 32
2 47
6 27
0 37
0 36
27 47
34 47
3 40
12 51
27 32
10 20
21 50
32 47
0 19
12 48
21 44
17 45
6 21
2 32
5 47
14 27
32 51
22 31
0 46
3 12
32 41
29 34
17 49
32 45
32 36
31 41
49 51
32 44
32 34
2 27
19 36
23 32
7 14
19 32
4 21
16 36
8 40
6 40
21 27
30 32
22 44
27 50
11 32
40 44
