6 27
2 39
7 49
18 32
7 12
11 49
38 40
0 32
29 51
7 22
1 46
6 40
7 19
3 44
29 44
34 47
0 47
40 44
17 31
16 45
32 49
32 42
47 51
4 40
32 39
19 35
27 44
16 31
3 6
3 32
21 47
6 37
32 46
34 44
17 32
2 27
0 27
32 40
2 34
29 50
27 34
17 44
8 14
31 46
14 27
6 32
31 32
34 51
32 38
0 44
4 27
7 32
29 39
4 8
8 32
0 4
6 21
10 12
32 37
0 14
10 32
17 34
3 21
22 29
25 47
12 47
33 45
9 12
11 36
23 48
17 46
27 49
25 49
26 36
21 27
27 39
22 44
12 32
14 32
4 32
36 48
21 32
29 34
44 51
0 6
27 40
29 32
2 6
5 47
5 10
11 32
32 41
4 34
16 32
4 44
19 23
25 32
21 50
14 41
13 32
1 32
22 32
27 32
3 20
32 36
32 47
0 40
21 34
6 29
15 32
0 17
0 41
36 37
4 41
32 51
0 21
32 45
39 51
7 28
28 32
30 48
26 39
0 12
7 35
5 32
32 44
32 34
4 21
20 46
12 14
6 34
19 32
22 45
0 34
6 14
19 37
2 32
4 14
33 39
12 13
0 37
6 44
