6 27
4 47
6 44
11 32
19 40
27 48
17 44
0 32
7 14
16 31
14 44
16 17
34 47
4 14
0 12
0 37
6 14
1 28
29 40
3 45
32 49
13 32
0 7
29 44
3 29
36 46
13 46
18 27
2 31
3 32
27 39
7 47
22 32
34 44
17 32
4 51
0 27
32 40
0 25
7 16
27 34
22 40
20 37
32 46
12 44
6 32
2 5
3 47
32 48
0 44
4 27
7 32
32 35
21 29
1 32
0 4
2 37
6 12
0 9
8 32
17 47
10 32
31 32
34 49
12 21
14 27
29 41
25 32
11 49
40 45
37 50
5 32
32 33
4 6
6 36
6 39
19 32
12 32
14 32
4 32
19 22
21 32
0 39
14 21
0 6
27 41
29 32
38 48
7 46
15 26
36 44
32 41
21 34
5 42
4 44
29 34
21 27
7 49
10 51
4 46
12 17
10 22
27 32
33 45
32 36
32 47
2 14
8 31
38 51
29 47
4 34
6 51
23 32
25 41
32 51
40 47
32 45
6 21
6 34
0 17
20 30
32 39
32 50
19 51
32 37
32 44
32 34
3 28
11 23
12 36
26 32
8 49
34 39
0 34
27 40
22 39
2 32
0 21
19 35
12 34
21 44
39 44
