6 27
46 51
6 44
5 22
0 48
3 31
17 44
0 32
7 44
40 44
14 44
4 17
10 15
25 51
11 27
0 21
39 40
25 47
14 17
35 41
19 32
10 51
0 27
36 39
3 6
37 41
2 29
27 39
19 27
3 32
9 29
7 16
32 49
34 44
17 32
4 12
30 32
32 40
5 18
31 40
27 34
27 40
25 32
32 46
14 47
6 32
2 12
3 51
7 32
0 44
4 49
22 32
32 35
6 21
1 32
0 4
34 37
6 37
21 29
4 8
19 21
32 33
31 32
34 47
32 38
14 27
0 36
0 7
7 47
17 47
0 39
23 32
32 42
2 4
8 38
4 29
6 39
12 32
14 32
4 32
7 45
21 32
12 27
21 44
0 6
5 32
29 32
36 48
21 49
12 34
44 47
32 41
21 34
32 50
27 44
2 22
21 27
32 48
0 11
22 23
17 34
26 50
27 32
7 20
32 36
32 47
14 34
31 51
12 40
6 19
1 41
4 22
14 33
16 29
32 51
3 46
32 45
6 36
6 34
28 29
19 45
32 39
16 32
46 49
32 37
32 44
32 34
20 32
45 47
0 12
11 26
12 13
34 39
0 34
4 13
10 40
2 32
29 49
6 8
28 46
0 14
37 44
