4 44
27 44
3 6
5 49
3 36
3 47
7 49
0 32
21 36
14 41
27 34
6 51
2 31
32 40
7 44
12 27
3 27
12 37
32 45
5 51
6 44
23 40
8 45
0 8
0 36
32 49
0 2
34 44
4 32
19 20
41 48
6 47
4 27
14 44
17 25
0 49
2 32
4 14
18 26
27 40
9 19
4 46
32 47
4 34
40 51
6 32
2 34
37 48
7 34
4 6
21 37
31 32
32 48
2 39
7 20
11 19
36 51
29 47
4 29
27 46
21 44
7 27
15 44
12 17
10 47
6 27
29 34
1 32
11 32
0 34
3 32
14 32
0 29
32 33
39 45
14 34
17 32
11 26
32 36
40 42
10 32
21 32
5 32
6 12
7 32
6 34
35 40
17 27
6 14
0 14
0 44
38 39
0 12
12 32
22 39
0 4
30 32
16 21
12 34
29 46
4 50
13 39
27 32
32 41
16 22
16 32
32 51
0 6
32 37
46 50
22 32
29 32
28 31
19 32
8 32
25 32
14 21
1 31
17 40
0 47
22 51
13 22
23 32
33 34
32 38
32 44
32 34
7 21
28 32
32 39
6 29
41 45
32 35
25 47
44 46
21 49
0 27
17 47
29 44
19 37
10 39
12 21
