30 32
7 27
34 39
2 51
0 7
19 47
32 49
0 32
14 27
1 34
27 34
4 12
2 14
27 44
19 25
0 21
0 40
5 18
21 45
36 41
19 32
0 51
21 44
4 6
12 21
46 47
17 22
3 19
14 44
31 32
32 51
10 37
5 17
27 47
17 32
14 42
32 35
32 40
6 12
34 44
6 7
34 45
25 32
2 32
32 38
6 32
8 11
4 27
7 32
0 44
20 29
22 32
9 32
21 40
0 29
0 4
34 41
6 14
26 32
39 45
3 44
37 50
6 29
4 29
11 32
44 51
3 28
0 37
15 22
6 40
4 40
25 49
39 49
2 35
12 34
8 32
34 36
12 32
14 32
4 32
23 32
21 32
6 27
17 39
0 6
8 47
29 32
7 29
21 29
14 37
32 46
32 41
7 40
21 34
0 27
6 21
22 36
3 37
10 44
4 44
6 51
5 47
27 32
20 48
32 36
32 47
1 32
31 46
32 48
13 47
28 32
13 27
26 46
4 16
36 48
14 50
32 45
29 38
12 44
0 17
27 41
32 39
10 32
4 7
32 33
32 44
32 34
3 32
17 31
6 44
11 46
0 12
16 39
0 34
22 47
27 40
2 49
19 39
16 34
12 51
23 31
33 49
