10 47
27 29
31 47
2 23
27 36
7 48
6 21
0 32
14 34
10 33
4 34
4 50
7 17
20 21
6 37
28 32
7 39
17 19
8 36
22 39
14 44
0 21
2 49
4 6
27 44
9 25
12 13
32 46
34 51
31 32
32 51
19 25
29 37
7 21
17 32
23 32
21 44
37 40
3 32
47 51
2 51
20 32
25 32
2 32
32 35
6 32
6 39
4 14
7 32
0 44
3 47
16 49
8 40
0 46
34 40
0 37
5 19
12 14
32 36
45 49
3 38
32 41
6 29
3 41
11 32
49 51
19 45
0 27
17 31
6 27
0 4
11 22
11 16
18 22
28 39
10 13
32 50
12 32
14 32
4 32
19 32
21 32
35 48
17 47
0 6
34 44
29 32
31 46
0 29
2 34
4 39
32 45
47 48
14 40
21 27
6 34
22 33
32 37
0 14
12 21
27 38
12 41
27 32
5 32
4 40
32 47
1 32
0 12
1 17
29 44
0 40
26 32
4 46
21 41
36 44
4 27
15 44
40 44
34 36
32 42
29 34
32 39
3 12
27 39
26 44
32 44
32 34
22 32
12 29
6 44
5 51
46 47
6 7
0 34
0 7
27 34
32 49
14 27
8 32
30 32
6 45
16 32
