27 29
12 27
1 44
6 51
28 38
6 46
7 27
0 32
47 48
3 45
4 34
7 46
7 47
12 51
10 48
1 32
0 12
5 6
20 32
19 29
2 49
21 40
26 40
6 17
27 44
22 32
6 44
32 46
36 40
31 32
32 51
19 32
32 41
2 14
17 44
23 32
19 21
21 29
3 32
4 12
0 7
17 22
32 33
2 32
28 32
6 32
6 39
3 13
7 32
41 46
11 45
44 45
21 25
14 44
16 19
3 36
22 29
6 7
32 36
15 32
12 37
8 25
6 40
37 51
11 32
10 18
0 31
0 27
20 49
6 27
0 4
4 39
23 36
41 47
3 11
32 48
32 50
12 32
14 32
4 32
17 32
21 32
16 32
38 49
0 6
34 44
29 32
8 22
17 34
7 14
14 34
32 45
25 47
17 29
19 27
6 34
12 34
32 37
37 41
21 34
12 44
2 31
27 32
5 32
14 27
32 47
32 40
21 39
0 47
0 46
39 44
13 32
30 39
21 22
40 47
4 27
4 44
4 35
0 51
10 32
29 34
32 39
34 39
21 27
35 37
32 44
32 34
8 42
47 49
0 44
4 40
2 51
0 5
0 34
0 14
27 34
32 49
14 31
16 50
4 36
26 33
9 29
