4 21
2 39
13 39
4 36
42 50
19 23
14 19
0 32
4 44
5 12
34 39
21 44
18 27
34 47
9 19
13 32
14 22
3 4
30 32
35 46
0 7
0 40
33 45
8 46
0 44
22 32
4 6
32 46
21 36
31 32
32 51
16 32
25 32
0 39
22 48
23 32
22 26
12 31
3 32
28 36
11 14
4 34
27 47
2 32
0 20
6 32
0 29
44 49
7 32
44 51
36 37
6 34
10 32
17 29
27 29
14 40
7 41
6 47
32 36
25 48
31 41
4 47
16 45
6 29
32 35
12 14
7 44
0 27
12 49
6 27
0 17
15 21
6 44
19 32
7 27
14 46
37 45
12 32
14 32
4 32
17 32
21 32
5 29
11 34
2 3
14 49
29 32
12 34
17 40
16 41
40 51
10 51
41 50
29 44
6 21
21 34
19 39
32 37
22 25
21 27
12 37
32 48
27 32
1 2
34 44
32 47
32 40
4 38
7 47
3 6
0 2
32 38
32 33
34 40
8 32
12 29
8 28
10 46
5 32
32 45
6 51
32 39
3 31
4 27
1 32
32 44
32 34
6 7
11 17
0 21
44 47
0 26
20 32
0 34
37 51
27 34
32 49
39 40
27 44
17 27
47 49
0 6
