4 34
25 32
11 34
5 38
29 44
4 7
1 32
0 32
5 40
0 46
6 44
32 38
13 31
18 34
19 22
1 40
25 36
28 32
17 48
10 36
3 27
0 4
33 40
7 40
0 44
22 32
14 44
17 37
4 51
27 46
11 32
34 50
0 39
21 27
14 27
12 35
3 32
0 6
21 44
0 41
5 37
19 37
21 34
2 32
34 47
6 32
6 12
27 44
7 32
13 32
27 30
12 49
19 47
2 51
6 40
7 20
17 29
32 48
6 14
4 44
23 41
2 26
6 29
31 36
44 46
8 32
7 39
0 27
2 19
6 27
4 29
28 45
8 9
19 32
25 41
11 17
8 45
12 32
14 32
4 32
17 32
21 32
16 32
4 6
32 45
27 47
29 32
14 21
20 33
16 22
3 16
32 35
39 51
14 39
0 21
4 21
6 34
32 37
0 47
44 49
4 47
7 51
27 32
36 39
14 29
7 47
22 40
6 21
3 29
32 46
0 49
12 34
26 32
23 32
2 44
0 3
15 39
0 12
31 32
32 50
34 44
32 39
22 42
32 47
12 31
32 44
32 34
14 49
10 32
37 48
27 29
40 51
32 36
0 34
32 41
27 34
32 49
32 51
6 47
21 46
10 12
17 45
