15 49
1 13
29 39
3 39
10 31
32 46
19 25
0 32
4 49
12 27
27 34
5 32
36 47
32 40
7 17
1 32
14 21
20 32
31 46
32 50
27 39
17 34
3 31
25 32
21 44
19 23
11 51
34 44
4 32
27 29
6 12
2 32
8 16
12 46
7 38
6 40
19 46
22 47
29 45
6 48
34 37
4 21
32 47
32 39
39 41
6 32
36 44
0 6
7 39
6 14
32 45
28 48
23 32
4 6
32 37
8 29
21 47
21 34
19 32
32 36
6 17
4 51
3 49
7 12
22 51
27 40
38 39
18 32
17 27
0 34
3 32
14 33
45 50
2 42
6 27
14 44
17 32
44 47
14 32
0 21
16 32
21 32
34 40
22 32
7 32
12 29
6 34
2 4
0 47
4 44
0 44
21 36
26 47
12 32
9 35
12 41
32 49
2 20
30 48
37 49
32 33
0 46
27 32
8 32
10 14
29 41
32 51
5 51
40 44
0 25
22 44
29 32
0 19
14 34
0 36
4 14
7 47
31 32
5 37
4 34
3 22
6 44
13 32
0 29
45 51
32 44
32 34
0 40
11 34
11 32
21 27
28 32
37 41
10 26
2 12
32 35
0 27
4 27
6 7
0 17
27 44
16 40
