31 94
51 67
48 61
50 67
22 64
31 57
79 91
0 67
83 96
92 97
27 31
9 20
44 45
10 61
52 70
53 70
6 61
34 91
36 98
9 22
15 51
25 43
30 71
69 81
0 1
79 86
62 96
2 9
53 66
4 59
22 32
71 77
18 59
2 35
62 87
35 57
58 95
86 91
31 44
14 82
5 45
14 38
79 88
2 57
38 92
44 48
87 88
71 76
55 84
14 18
20 39
11 35
30 95
52 90
24 40
61 91
48 91
42 80
5 6
50 53
57 62
48 77
43 68
18 96
71 73
75 94
44 97
18 63
0 55
56 57
20 57
53 96
5 10
1 82
54 91
52 67
13 30
30 84
87 95
33 58
3 63
18 57
17 66
19 87
18 97
2 48
14 25
5 35
2 18
83 87
72 86
22 71
75 85
23 66
2 69
9 95
67 70
81 83
2 96
10 88
10 75
54 88
9 66
50 62
14 35
59 97
3 51
75 90
35 64
57 63
53 91
56 73
6 51
79 85
62 97
55 68
2 67
36 61
52 97
5 52
59 88
45 60
31 96
23 90
2 10
61 67
1 96
44 67
32 67
6 38
48 63
2 83
52 82
59 84
0 83
2 14
26 92
52 87
40 64
18 56
51 62
38 56
77 78
34 61
5 40
25 41
50 97
1 72
6 7
61 96
14 75
31 97
21 70
10 72
61 83
76 96
38 86
10 43
6 17
69 96
21 42
52 79
66 72
57 83
70 91
9 33
24 48
33 95
21 43
1 16
32 52
56 86
6 62
25 92
4 21
61 81
19 81
51 63
9 41
14 83
45 56
32 33
22 44
9 72
54 80
5 50
47 53
35 52
57 96
5 18
25 38
10 33
53 90
50 95
43 81
59 73
6 18
47 73
69 75
88 96
4 50
13 38
36 88
35 45
1 6
56 72
61 97
67 96
10 31
40 51
32 53
48 56
31 53
36 90
31 61
44 70
33 51
33 97
3 7
35 78
80 81
41 80
26 30
20 98
58 84
26 45
20 63
31 38
50 96
16 82
45 83
15 95
14 36
10 57
49 78
87 97
35 44
55 72
16 41
10 91
14 70
13 72
5 31
42 43
31 91
63 97
28 65
4 77
5 48
87 98
45 72
38 84
29 48
19 26
0 56
41 88
31 52
37 42
10 44
57 97
70 95
18 51
57 77
56 96
0 4
5 67
16 63
14 67
37 78
33 61
45 75
32 42
52 59
38 82
22 25
17 55
15 54
30 52
65 98
60 70
19 36
2 50
73 91
40 61
57 61
24 84
35 86
2 75
68 84
49 90
33 83
67 97
38 87
68 71
21 63
17 75
68 73
63 85
49 63
56 67
52 63
71 97
70 82
53 87
13 23
33 59
50 59
96 97
27 91
51 61
10 52
45 97
31 67
58 88
35 79
31 33
10 94
76 97
2 44
18 61
33 98
43 76
54 70
49 62
21 35
53 61
24 83
53 57
25 62
34 62
48 70
56 64
40 83
59 83
9 67
40 57
43 49
6 45
32 61
66 67
68 77
20 70
33 35
10 62
0 77
14 66
18 50
60 91
2 49
67 75
31 62
45 57
57 73
25 63
62 69
48 57
24 68
58 81
4 62
9 57
44 82
86 95
10 17
14 44
35 84
23 55
31 69
48 52
15 82
26 29
4 53
42 57
47 86
59 82
8 50
32 40
26 87
60 76
18 83
19 50
32 92
52 57
82 95
5 61
2 33
0 62
50 56
56 61
11 84
64 79
33 57
56 78
33 76
24 96
2 61
18 35
45 96
56 68
5 57
15 45
1 2
19 38
56 97
36 72
14 96
35 50
14 19
63 83
7 42
