44 83
9 43
35 50
10 68
48 67
31 57
34 60
38 64
61 83
61 62
10 60
21 72
59 75
10 61
31 96
6 57
30 37
4 38
18 32
80 90
10 47
15 88
55 72
1 88
9 63
21 26
2 57
82 84
18 96
56 83
1 15
65 79
6 33
18 92
10 35
70 84
24 32
53 78
70 81
40 95
69 79
16 44
57 75
38 52
9 91
50 67
80 97
82 88
42 98
10 33
40 53
6 67
18 73
48 88
9 31
67 91
31 52
41 91
57 91
18 31
51 66
4 43
77 86
19 94
53 57
76 96
35 45
31 50
56 66
56 57
45 66
9 14
14 76
18 70
2 82
64 98
38 43
21 96
44 62
61 96
9 44
35 96
54 82
63 82
2 83
62 71
57 82
0 61
64 72
56 86
48 57
69 92
31 87
80 95
61 72
17 95
14 31
38 75
49 70
3 30
24 44
50 57
28 69
13 70
51 61
14 97
56 77
2 35
23 48
33 51
2 48
5 97
34 96
52 63
50 96
32 84
2 67
19 63
4 76
2 63
4 97
10 73
67 97
68 87
56 95
53 62
25 30
58 67
67 96
45 67
73 96
53 69
52 53
67 75
18 91
59 78
52 97
56 87
61 82
18 35
40 85
70 97
69 90
17 52
18 71
6 56
14 61
21 31
70 77
53 61
14 36
45 57
61 87
61 71
10 45
9 24
13 54
1 66
43 76
31 32
5 10
1 68
36 49
7 31
24 84
56 96
23 73
36 62
27 29
0 33
45 78
47 86
1 51
26 88
42 48
75 86
30 59
0 62
75 91
23 54
41 53
62 97
31 97
38 61
63 91
30 53
90 98
43 64
59 83
15 87
17 33
6 48
5 50
55 90
38 91
14 96
0 1
72 96
10 87
82 83
65 78
25 54
42 55
91 96
58 79
14 53
22 83
25 62
5 36
63 83
4 52
41 71
70 76
52 70
36 71
10 95
37 77
38 50
55 59
60 88
53 68
18 52
26 55
85 92
3 96
91 97
56 61
11 58
6 68
3 36
49 67
35 81
19 26
10 57
33 56
20 42
17 92
52 61
32 61
60 79
2 51
24 61
56 97
77 91
49 59
6 61
35 44
48 66
2 5
38 48
7 32
2 75
16 72
41 77
73 86
5 70
5 56
22 87
45 53
20 52
52 96
57 70
0 54
29 38
45 50
75 97
33 73
59 95
13 77
13 32
2 97
63 92
2 10
59 81
0 90
33 40
1 7
53 75
35 61
61 97
26 84
48 73
18 22
31 44
57 61
36 85
45 97
83 86
17 49
18 57
32 40
33 44
35 62
0 45
57 67
41 96
62 63
16 97
10 56
25 67
48 55
40 88
44 97
20 69
14 52
14 50
44 51
96 97
31 59
14 72
42 87
35 75
4 25
18 59
57 97
19 42
20 38
88 95
43 78
27 67
9 71
51 63
94 96
10 18
10 70
6 63
33 67
2 19
16 79
57 83
5 57
15 58
4 14
51 52
45 72
19 44
31 98
9 50
68 72
56 70
5 30
45 63
63 79
38 40
11 39
14 66
35 98
2 86
48 81
2 49
47 82
2 50
43 83
0 68
35 57
58 86
57 66
50 76
22 24
19 22
5 25
8 84
5 72
43 61
23 67
2 33
35 56
31 67
35 95
26 51
2 9
81 88
25 95
20 79
62 83
25 50
20 80
18 83
6 42
91 95
22 44
14 57
15 32
35 52
21 68
5 40
33 45
52 57
14 71
50 87
33 57
48 62
45 90
81 87
33 91
21 84
62 82
6 34
59 62
52 87
33 83
64 81
50 84
31 83
51 56
67 94
63 84
5 62
33 35
