20 58
67 97
18 25
57 67
6 18
52 96
51 84
78 86
51 59
61 96
35 56
52 72
25 49
53 70
56 57
51 57
30 67
2 87
57 96
18 67
10 61
40 71
33 81
15 31
62 97
80 82
76 85
86 87
76 96
30 57
19 88
33 95
2 7
67 91
48 67
61 77
10 48
40 83
6 83
61 62
33 59
14 21
2 35
33 51
5 39
52 56
32 53
26 64
18 97
0 73
14 38
20 22
5 61
9 56
38 70
21 87
63 72
31 56
20 69
0 83
7 83
19 80
38 48
66 75
45 53
32 44
10 49
45 50
29 86
18 96
1 42
6 90
61 95
21 31
57 70
2 4
5 19
55 62
17 51
62 68
0 96
10 35
58 63
57 95
11 91
10 84
52 57
30 40
69 90
62 64
6 62
42 68
35 91
19 22
60 79
35 50
18 86
63 87
36 44
38 59
70 83
6 77
2 31
45 63
18 84
33 56
56 58
42 54
31 61
14 61
48 72
15 22
26 88
35 95
33 37
33 73
35 82
61 87
2 91
9 53
3 31
13 36
45 70
87 88
2 72
9 79
27 40
57 97
43 47
62 83
25 64
3 24
59 79
33 35
10 97
50 61
56 95
9 36
52 63
34 66
32 70
51 61
73 77
14 63
26 81
43 49
33 71
50 63
45 95
64 72
76 77
53 67
16 28
4 77
31 91
56 67
14 51
43 78
10 45
40 81
6 44
30 68
95 98
6 71
36 72
35 98
41 53
50 53
43 72
2 76
40 44
0 5
75 91
8 17
5 96
41 73
41 43
0 31
45 57
48 63
52 75
59 76
31 32
25 61
14 73
19 96
83 96
47 91
2 57
2 50
22 45
53 57
81 94
6 58
67 96
88 92
2 56
0 1
38 57
10 52
48 91
15 69
15 25
2 52
5 67
19 81
55 75
2 97
48 49
1 79
38 75
56 97
5 75
38 45
55 59
38 82
73 84
16 66
5 97
67 75
14 50
42 63
18 62
13 43
35 53
54 68
62 96
23 70
49 87
36 66
1 81
57 88
35 42
21 69
30 97
31 35
35 67
65 82
51 64
32 50
40 57
4 96
30 75
84 95
44 83
5 83
44 61
26 72
37 55
42 90
25 57
52 86
54 98
49 51
10 71
50 52
15 78
38 97
51 68
10 82
24 53
4 67
20 86
71 97
18 31
45 78
5 33
22 38
36 87
61 97
23 47
31 44
21 90
10 43
86 97
53 68
18 59
50 57
14 67
54 61
24 70
83 87
41 79
61 63
9 82
69 92
48 77
31 87
14 57
10 68
38 61
72 73
2 67
5 68
17 23
42 65
31 48
48 97
14 96
16 50
59 91
35 96
59 82
10 70
57 62
45 67
25 75
4 44
44 88
45 97
24 52
63 88
26 45
62 91
31 82
2 33
44 75
50 66
84 91
24 26
6 92
70 82
56 83
53 83
14 83
33 66
13 70
60 84
9 60
35 85
20 33
0 38
2 61
32 71
22 69
57 63
18 52
7 96
29 92
96 97
18 57
14 62
17 86
31 34
11 21
52 59
32 98
60 67
23 32
4 19
40 56
52 97
48 95
41 61
50 81
5 10
34 63
35 57
57 59
1 53
32 94
18 61
45 61
50 97
62 88
56 96
82 84
9 63
0 48
33 48
3 4
14 88
44 96
5 90
10 24
9 91
18 95
77 85
14 56
9 98
10 57
52 83
1 18
83 97
2 80
62 92
27 52
52 84
58 80
1 78
33 91
14 31
2 96
35 61
70 87
67 79
13 72
55 56
50 62
33 70
76 90
9 16
44 79
43 66
25 54
56 71
17 36
6 94
20 55
