2 33
35 56
25 52
2 8
83 86
10 97
70 83
61 96
2 35
50 55
22 42
59 76
53 72
5 95
0 4
75 84
76 91
53 61
21 48
33 52
49 72
67 85
2 52
35 78
17 62
31 43
38 70
35 83
81 87
63 76
66 76
1 83
47 88
18 91
7 63
33 53
47 84
26 30
6 67
38 48
52 67
57 63
9 57
6 96
81 96
33 40
38 45
44 97
43 56
44 45
2 50
33 38
31 64
54 66
36 87
48 67
24 59
36 49
54 70
21 57
6 22
4 25
32 75
35 84
35 98
38 68
7 95
6 62
61 98
18 70
30 64
45 86
33 50
61 63
16 76
1 19
35 57
14 30
30 72
24 97
71 90
61 97
50 85
31 86
6 61
77 79
6 14
9 73
18 62
27 87
21 95
21 82
48 97
44 53
67 91
14 91
34 78
9 33
18 67
0 10
42 78
40 58
96 97
14 67
36 97
91 92
67 96
61 67
40 75
0 98
6 88
18 42
0 19
1 67
5 42
2 62
57 88
6 11
2 44
45 61
55 69
3 42
5 63
16 87
10 62
49 57
22 52
87 96
16 19
18 72
9 49
2 96
20 29
48 72
71 88
44 88
90 97
13 59
56 67
26 56
40 56
0 79
23 53
45 88
23 24
2 14
33 61
2 31
91 95
45 52
69 91
68 90
32 53
10 19
43 50
48 71
21 44
18 52
4 32
5 33
83 97
57 64
57 82
24 85
10 44
51 59
45 96
17 83
45 91
10 33
9 56
51 52
3 40
50 97
47 51
81 95
57 59
43 79
50 82
21 66
41 90
53 80
38 50
52 61
59 64
35 97
60 69
25 70
9 43
4 63
18 61
19 41
19 95
35 91
50 52
14 72
61 62
38 63
70 87
87 97
67 97
31 75
10 50
28 81
37 90
55 95
6 51
10 96
0 83
18 33
56 57
14 44
52 66
18 30
39 92
3 60
4 96
83 87
67 73
56 87
32 84
42 82
29 65
41 84
18 57
68 95
35 61
30 35
2 55
10 38
2 72
45 66
53 96
14 31
58 77
9 22
26 62
51 61
10 70
82 95
33 36
35 75
20 76
14 61
31 53
73 92
56 63
61 83
59 84
75 94
35 96
15 31
2 22
24 36
68 96
32 48
48 82
34 81
18 68
53 57
18 40
59 82
10 91
31 67
10 83
26 51
18 53
75 96
58 79
19 96
50 67
52 83
36 63
56 77
5 86
20 71
33 44
16 51
20 34
15 68
38 59
48 57
35 43
35 48
25 63
33 84
5 71
57 67
56 96
45 59
45 75
54 77
58 90
2 61
62 97
48 83
27 66
53 71
4 88
50 86
31 52
17 84
78 91
56 61
31 60
14 51
26 77
57 70
14 56
62 81
70 72
15 25
31 77
49 69
51 73
13 78
44 56
77 82
6 45
41 55
23 51
68 70
67 87
0 41
10 32
5 60
26 42
0 52
32 38
84 92
56 97
56 62
14 57
65 75
10 31
25 44
11 94
71 96
9 17
40 88
33 91
2 97
5 54
31 97
70 73
92 95
59 61
40 86
22 80
2 57
4 72
62 79
31 38
54 55
24 38
43 63
14 94
79 86
15 44
48 80
10 61
5 72
2 70
50 83
5 69
35 52
14 68
1 2
45 57
57 83
32 91
20 73
33 66
14 83
9 52
62 63
10 48
45 63
17 25
32 69
13 98
5 87
31 61
57 86
67 88
5 18
1 36
23 62
53 70
35 64
1 81
1 49
52 96
63 98
5 75
57 97
82 97
31 50
25 57
20 79
37 62
15 58
7 56
57 61
13 50
57 96
62 73
9 82
43 80
