35 97
16 19
33 72
3 15
5 52
2 18
4 38
75 90
54 88
48 57
14 48
61 67
35 87
5 70
23 96
2 56
25 36
36 61
33 88
62 81
31 70
6 55
6 42
36 38
61 77
1 91
28 60
11 21
42 52
2 3
43 62
19 70
61 82
48 61
67 75
18 59
35 85
14 62
9 10
1 9
83 91
35 82
2 91
33 45
24 42
60 72
6 63
56 67
45 86
27 50
50 58
6 43
0 90
0 95
75 86
1 95
22 88
57 67
2 81
0 84
36 59
15 38
22 94
48 81
23 25
63 66
67 91
14 68
5 33
32 61
59 73
15 49
52 61
87 97
10 62
52 67
20 22
48 56
45 88
61 83
20 25
25 47
44 61
31 61
2 10
87 88
9 92
9 26
10 35
9 61
32 87
7 92
8 64
54 78
62 76
47 60
72 81
37 71
72 77
10 44
59 84
44 70
45 48
13 68
3 90
4 78
53 87
35 53
52 96
55 70
0 56
33 98
6 95
76 91
44 82
33 38
4 18
5 10
67 90
35 48
73 81
64 65
24 48
56 62
5 56
26 73
52 82
9 56
10 96
9 70
35 57
57 62
10 70
49 61
77 92
67 96
75 76
21 83
40 45
83 96
54 55
61 88
18 52
56 69
2 59
31 53
22 58
5 95
84 96
17 82
0 30
5 50
44 72
41 64
62 79
32 70
18 48
44 94
33 57
31 40
35 91
23 43
13 77
57 63
66 98
15 96
14 32
71 87
63 72
33 87
20 59
95 97
10 83
62 63
83 97
44 55
14 96
30 64
4 98
0 31
61 70
1 21
10 19
50 53
10 38
33 67
2 31
24 57
14 97
15 63
18 63
2 51
43 96
19 63
45 90
24 86
2 25
5 59
96 97
67 95
52 57
63 97
18 25
34 78
13 82
26 72
53 85
57 84
30 80
18 53
45 61
20 31
9 51
2 52
38 96
81 96
52 86
14 16
14 88
62 75
19 88
67 97
70 94
17 65
18 45
26 83
55 62
10 75
21 51
43 67
32 60
45 53
49 53
40 69
50 88
2 57
33 61
30 79
44 83
31 51
26 80
0 73
4 76
51 95
57 75
56 75
18 87
62 96
2 67
51 92
16 34
49 79
39 42
7 22
4 10
56 59
6 53
41 48
59 90
10 54
59 63
57 70
2 42
18 50
35 43
10 57
64 81
20 44
14 18
33 52
6 96
33 82
31 33
9 87
31 50
1 67
48 70
48 63
1 45
37 72
18 57
85 98
50 57
71 96
38 97
33 91
6 40
56 96
77 97
17 84
25 87
52 71
44 63
14 38
22 25
82 97
68 97
0 92
20 33
29 55
50 62
54 67
61 68
14 79
66 82
61 97
56 57
69 77
40 68
51 58
32 98
34 83
61 96
43 53
5 36
29 78
32 71
4 11
21 30
38 80
36 63
35 59
31 91
57 83
9 38
38 86
56 97
45 50
41 66
45 47
2 75
40 63
86 97
36 97
35 52
56 70
51 72
31 43
56 91
66 95
69 86
67 83
52 53
38 79
42 91
42 50
2 84
31 97
32 35
5 84
21 95
17 78
31 67
32 58
52 87
62 68
50 91
79 96
18 79
44 73
14 83
68 82
27 84
14 71
14 40
56 76
5 6
7 26
17 23
13 71
53 57
67 76
61 62
35 69
19 66
40 57
2 61
57 73
10 68
45 91
16 97
51 69
30 77
35 50
49 95
2 19
41 58
51 56
18 91
31 41
84 86
31 57
24 49
72 73
35 66
57 97
1 5
44 75
50 80
5 14
48 53
33 50
35 83
57 61
31 83
57 96
45 52
52 83
6 24
