10 18
1 40
34 50
15 25
9 83
56 57
33 44
77 90
30 57
25 67
3 54
35 72
45 81
28 82
2 61
65 71
1 97
31 56
84 88
5 17
54 94
6 48
31 96
18 35
1 31
45 70
52 67
29 48
6 69
82 88
40 54
19 85
10 70
50 86
56 61
52 87
15 78
10 61
42 47
56 59
50 73
31 84
24 70
34 72
77 91
78 88
50 52
1 41
4 9
90 97
45 69
33 92
16 71
55 70
9 50
36 58
64 68
5 18
0 92
2 24
2 67
26 82
18 44
40 72
51 57
20 96
30 70
37 66
48 95
40 96
13 53
38 54
25 92
2 97
56 72
24 56
35 95
10 57
13 96
61 97
48 67
17 79
52 63
9 81
43 87
57 96
58 95
2 96
14 50
76 88
9 69
6 59
2 57
6 15
2 35
23 95
13 67
13 87
18 88
50 67
21 41
24 58
21 91
22 77
61 83
83 97
5 62
18 70
35 44
56 98
19 47
79 86
59 62
9 48
72 73
10 83
61 86
32 45
78 86
43 56
62 68
18 36
18 56
45 63
64 96
53 66
10 50
72 92
27 53
38 56
18 43
42 57
5 35
22 62
33 50
14 51
53 60
2 56
45 57
52 97
14 97
69 77
59 72
22 80
5 83
9 45
35 91
5 85
6 10
30 82
0 11
35 57
2 52
15 56
51 96
42 88
16 34
25 33
51 53
38 61
0 40
2 53
3 33
14 31
82 97
62 70
75 78
26 97
83 87
44 81
49 75
23 67
42 73
2 10
4 84
53 61
4 71
52 83
32 55
43 51
31 62
37 91
22 60
96 97
40 84
31 35
1 60
5 72
55 71
38 97
14 18
19 82
5 97
53 95
61 82
18 61
2 76
14 61
75 96
2 19
35 96
56 96
20 30
31 61
45 67
32 56
62 96
2 55
57 73
70 83
22 44
18 32
50 57
6 51
19 57
47 62
63 96
33 61
40 50
52 66
10 63
2 31
48 97
1 43
17 57
5 73
1 59
31 87
7 49
63 91
5 41
69 91
10 96
3 11
0 10
45 83
14 57
32 82
22 84
54 72
57 97
63 83
38 51
57 67
76 79
33 59
62 86
25 80
59 82
2 6
35 70
67 75
23 64
5 71
44 60
57 59
36 86
40 77
20 32
50 83
2 63
14 88
5 91
58 65
36 71
67 83
21 98
31 53
49 79
0 62
31 97
67 95
35 36
52 70
27 39
52 57
33 71
66 83
26 41
45 51
18 91
10 66
43 58
8 92
9 87
14 35
61 63
17 86
63 87
19 31
10 52
79 98
20 26
49 87
7 33
33 35
52 73
36 57
61 91
14 96
43 49
31 75
20 70
35 98
32 90
67 88
53 62
36 84
44 48
31 68
9 94
61 67
24 90
6 38
61 76
78 90
87 91
38 68
26 62
91 96
18 50
6 45
57 77
18 83
0 14
56 97
4 53
53 91
44 86
68 95
45 75
10 48
48 59
61 96
51 68
66 76
56 63
14 59
21 68
26 85
64 67
35 50
68 97
19 69
63 67
25 94
31 63
2 29
66 95
35 53
0 64
50 61
14 72
61 87
80 81
55 98
4 67
42 52
42 48
32 97
14 41
30 84
81 95
33 75
44 67
75 88
44 57
25 83
33 56
5 33
55 75
48 79
52 91
4 21
63 97
24 33
77 82
44 76
30 81
43 63
23 38
4 75
38 95
45 52
70 79
16 84
9 21
17 20
49 62
38 57
52 61
62 84
42 81
6 73
0 32
14 52
7 48
33 45
16 25
38 96
38 59
80 87
10 90
57 61
44 70
10 62
31 57
33 51
15 48
