14 21
19 24
10 21
13 20
5 21
3 6
0 14
5 23
20 23
6 21
1 11
2 6
1 7
8 12
1 2
1 3
1 12
0 26
9 29
8 19
12 22
1 26
2 5
2 11
1 20
14 15
2 3
2 12
17 21
23 26
1 21
13 26
10 13
2 26
3 5
3 11
1 22
3 7
17 19
9 13
3 12
22 26
5 9
2 20
0 11
9 26
7 28
3 26
24 29
5 11
5 7
6 16
5 12
3 23
15 21
2 21
3 28
20 26
2 23
5 24
5 25
5 26
9 28
2 15
3 22
6 25
17 27
1 10
7 11
7 8
7 9
0 20
7 17
7 22
7 14
7 18
7 15
7 19
7 24
7 20
7 21
7 26
5 19
7 29
8 11
0 1
8 28
20 22
5 20
12 14
15 18
0 7
9 11
2 14
5 17
12 15
15 29
13 27
8 23
17 26
14 29
3 14
12 18
9 14
1 18
11 12
11 17
11 22
13 15
11 14
11 18
11 15
11 19
11 24
11 20
11 21
11 26
9 20
11 29
3 15
15 26
19 22
15 23
12 26
11 28
10 28
8 14
0 2
2 18
16 25
8 29
13 21
14 23
15 22
9 10
15 20
21 26
9 24
3 21
3 20
0 25
10 14
14 20
18 29
3 10
10 24
10 18
11 23
10 19
1 14
5 18
5 22
3 29
17 20
8 22
8 15
12 28
0 12
8 26
21 24
7 12
4 21
17 23
0 19
