5 17
3 21
3 10
9 17
14 19
21 26
12 23
0 11
6 21
2 15
1 11
14 22
1 7
19 23
1 2
1 3
1 12
2 7
0 12
15 26
24 29
1 26
2 5
2 11
0 26
18 22
2 3
2 12
20 23
10 28
19 26
3 15
1 20
2 26
3 5
3 11
2 10
3 7
3 8
3 23
3 12
0 14
0 20
11 23
18 29
8 12
3 28
3 26
14 26
5 11
5 7
5 9
5 12
7 28
21 22
8 9
9 13
12 20
12 21
5 24
5 25
5 26
1 10
14 20
3 18
6 25
27 28
3 13
7 11
7 8
7 9
5 8
7 17
7 22
7 14
7 18
7 15
7 19
7 24
7 20
7 21
7 26
2 17
7 29
8 11
2 20
8 18
9 21
10 18
5 21
21 29
16 25
9 11
22 23
5 14
4 15
0 13
13 22
14 15
15 21
22 24
21 23
0 7
6 16
15 17
11 12
11 17
11 22
12 28
11 14
11 18
11 15
11 19
11 24
11 20
11 21
11 26
3 22
11 29
11 13
5 29
1 17
10 21
12 26
9 10
20 21
2 14
20 22
19 24
17 27
0 24
12 15
0 15
10 14
9 26
6 26
3 14
6 12
20 28
1 14
13 14
1 23
8 21
10 26
8 26
14 29
5 19
9 15
20 26
17 23
18 20
20 24
18 19
8 29
13 15
10 25
1 15
9 28
5 23
15 20
0 19
2 29
1 22
2 8
