10 14
23 29
4 15
27 28
3 28
18 24
7 12
9 22
22 24
1 20
1 11
9 13
1 7
5 17
1 2
1 3
1 12
14 22
14 23
1 15
9 21
1 26
2 5
2 11
20 28
2 6
2 3
2 12
19 29
2 17
6 21
21 26
21 28
2 26
3 5
3 11
12 22
3 7
8 26
20 21
3 12
5 20
3 29
21 29
3 14
10 11
3 6
3 26
12 28
5 11
5 7
5 23
5 12
15 22
8 14
5 9
15 17
7 13
0 11
5 24
5 25
5 26
10 26
20 24
15 21
6 25
17 22
9 29
7 11
7 8
7 9
12 20
7 17
7 22
7 14
7 18
7 15
7 19
7 24
7 20
7 21
7 26
5 19
7 29
8 11
5 15
23 26
12 15
0 1
0 12
10 24
5 8
9 11
1 23
13 20
10 29
23 25
17 18
11 13
16 19
3 22
8 23
1 14
2 8
9 20
11 12
11 17
11 22
2 14
11 14
11 18
11 15
11 19
11 24
11 20
11 21
11 26
0 9
11 29
19 24
0 15
8 28
13 26
12 26
0 17
10 21
14 15
3 10
2 18
19 23
2 21
14 19
12 21
5 18
8 19
14 21
8 13
2 10
14 26
1 22
18 26
0 14
3 9
8 15
20 23
15 20
0 28
7 23
15 26
18 22
16 25
10 15
6 27
20 26
3 20
0 2
20 29
10 13
3 21
0 3
9 26
12 14
17 21
1 18
