2 9
8 9
20 21
0 2
5 9
18 23
7 12
5 22
0 1
0 13
1 11
9 26
1 7
5 10
1 2
1 3
1 12
1 15
16 28
15 22
20 22
1 26
2 5
2 11
14 28
6 12
2 3
2 12
18 21
2 29
21 23
3 6
5 21
2 26
3 5
3 11
14 23
3 7
8 29
20 23
3 12
9 14
19 21
20 26
3 14
17 19
21 26
3 26
20 28
5 11
5 7
11 23
5 12
14 17
1 21
1 9
23 25
7 13
15 17
5 24
5 25
5 26
23 26
2 13
1 20
6 25
0 14
22 26
7 11
7 8
7 9
2 20
7 17
7 22
7 14
7 18
7 15
7 19
7 24
7 20
7 21
7 26
5 19
7 29
8 11
20 24
26 28
8 17
10 22
2 18
9 28
8 28
9 11
0 21
15 19
10 26
3 15
11 13
3 10
24 29
8 26
10 14
9 19
0 17
18 22
11 12
11 17
11 22
14 26
11 14
11 18
11 15
11 19
11 24
11 20
11 21
11 26
13 15
11 29
0 18
12 15
1 19
3 13
12 26
10 20
12 14
14 20
10 13
3 23
0 11
8 15
1 10
0 12
5 17
22 28
5 20
15 21
10 24
5 29
4 21
18 24
8 21
3 22
12 21
12 23
15 20
7 23
14 21
14 22
9 10
6 27
0 29
16 25
15 26
3 20
2 15
6 15
8 12
3 17
19 27
18 29
2 14
3 29
8 24
