0 15
9 18
1 23
2 15
5 17
14 20
0 12
8 15
20 21
15 29
1 11
2 9
1 7
0 26
1 2
1 3
1 12
3 9
14 15
22 23
1 8
1 26
2 5
2 11
12 18
10 22
2 3
2 12
17 19
13 16
12 21
22 26
14 22
2 26
3 5
3 11
6 21
3 7
17 20
9 29
3 12
21 23
1 10
21 29
3 6
16 29
3 20
3 26
5 18
5 11
5 7
15 26
5 12
8 29
2 7
20 24
7 28
0 19
3 14
5 24
5 25
5 26
3 29
22 24
1 20
6 25
6 27
8 21
7 11
7 8
7 9
14 26
7 17
7 22
7 14
7 18
7 15
7 19
7 24
7 20
7 21
7 26
12 15
7 29
8 11
18 24
10 20
2 6
12 20
5 19
21 26
0 7
9 11
1 14
2 23
23 24
5 14
10 11
0 28
1 19
22 29
9 13
18 23
11 28
2 17
11 12
11 17
11 22
13 26
11 14
11 18
11 15
11 19
11 24
11 20
11 21
11 26
10 15
11 29
20 22
13 21
13 14
0 18
12 26
8 22
3 21
11 23
5 8
3 10
25 27
2 28
1 21
14 21
15 20
10 26
3 23
13 23
15 19
5 21
8 20
8 13
0 20
3 15
9 12
10 12
10 25
12 14
10 14
0 14
17 23
17 26
9 26
9 20
8 26
22 28
5 9
2 21
0 5
15 28
17 18
3 28
4 15
14 19
19 24
