8 13
15 20
3 15
3 6
0 9
9 13
6 12
9 28
15 28
0 11
1 11
8 26
1 7
0 20
1 2
1 3
1 12
0 28
13 14
1 14
2 15
1 26
2 5
2 11
18 21
10 26
2 3
2 12
0 15
20 22
10 17
10 22
15 17
2 26
3 5
3 11
6 16
3 7
3 22
24 29
3 12
9 22
5 18
2 22
3 14
20 26
27 28
3 26
10 11
5 11
5 7
18 20
5 12
12 23
23 24
2 21
10 25
1 23
1 8
5 24
5 25
5 26
14 20
0 26
21 23
6 25
3 21
9 26
7 11
7 8
7 9
1 21
7 17
7 22
7 14
7 18
7 15
7 19
7 24
7 20
7 21
7 26
5 19
7 29
8 11
12 19
22 26
8 24
13 26
11 13
3 28
2 14
9 11
2 10
9 20
0 3
3 20
15 22
26 29
2 28
5 21
5 17
3 23
18 23
4 21
11 12
11 17
11 22
8 15
11 14
11 18
11 15
11 19
11 24
11 20
11 21
11 26
1 20
11 29
0 13
15 23
17 22
2 7
12 26
7 13
9 18
12 15
17 23
18 29
1 29
10 29
19 24
1 10
2 19
12 14
10 14
20 23
8 19
5 9
14 28
3 17
12 22
7 23
15 26
14 18
8 20
12 21
20 21
10 12
5 14
16 29
19 29
25 27
5 8
8 17
19 21
15 21
14 24
0 5
14 15
6 20
9 14
0 21
21 26
