8 13
15 20
3 15
6 26
10 18
2 6
9 12
8 17
20 24
0 12
1 11
8 26
1 7
10 11
1 2
1 3
1 12
0 28
13 20
1 14
19 20
1 26
2 5
2 11
8 14
3 10
2 3
2 12
0 20
21 22
10 29
17 22
17 21
2 26
3 5
3 11
6 16
3 7
3 22
9 29
3 12
22 24
5 29
9 28
3 14
14 28
7 13
3 26
23 25
5 11
5 7
14 26
5 12
12 23
9 23
8 21
10 15
0 1
1 8
5 24
5 25
5 26
18 21
1 29
17 23
6 25
3 21
9 26
7 11
7 8
7 9
14 15
7 17
7 22
7 14
7 18
7 15
7 19
7 24
7 20
7 21
7 26
5 19
7 29
8 11
5 18
22 26
8 28
27 28
3 13
23 28
2 14
9 11
23 24
19 22
0 5
3 20
14 22
3 23
2 28
13 21
2 17
18 26
8 9
10 21
11 12
11 17
11 22
8 15
11 14
11 18
11 15
11 19
11 24
11 20
11 21
11 26
21 26
11 29
10 12
6 15
9 14
7 12
12 26
13 26
18 19
1 20
20 26
2 19
1 23
17 24
19 24
10 19
0 26
12 14
7 10
12 15
5 15
5 22
15 23
0 9
12 22
0 3
1 15
16 18
2 15
2 21
20 21
0 11
5 14
4 15
18 20
25 27
2 20
17 29
20 23
15 21
5 9
11 13
14 21
14 29
10 20
0 21
3 29
