0 15
3 22
2 22
10 12
1 17
2 15
7 10
0 11
13 21
7 13
1 11
14 26
1 7
17 27
1 2
1 3
1 12
20 22
10 20
6 15
1 23
1 26
2 5
2 11
8 28
14 21
2 3
2 12
1 22
22 29
8 9
15 20
2 10
2 26
3 5
3 11
26 28
3 7
0 25
0 22
3 12
24 29
14 23
21 28
9 28
21 29
2 13
3 26
2 18
5 11
5 7
3 8
5 12
3 18
20 23
15 23
8 20
2 9
5 20
5 24
5 25
5 26
17 24
0 19
1 21
6 25
18 19
9 20
7 11
7 8
7 9
18 23
7 17
7 22
7 14
7 18
7 15
7 19
7 24
7 20
7 21
7 26
10 14
7 29
8 11
17 22
3 15
9 17
5 22
9 26
8 14
2 20
9 11
11 28
0 21
10 29
5 17
14 24
7 12
6 26
9 23
2 14
6 12
10 26
3 21
11 12
11 17
11 22
10 19
11 14
11 18
11 15
11 19
11 24
11 20
11 21
11 26
1 20
11 29
23 24
13 14
0 3
15 21
12 26
14 19
21 26
14 20
13 26
19 26
1 10
8 21
8 24
14 18
18 29
12 21
12 29
5 19
20 26
13 23
16 25
5 18
14 15
5 21
11 23
19 20
0 12
3 10
8 29
15 17
0 28
21 22
1 15
12 15
9 13
3 23
4 15
5 8
3 20
3 9
16 28
0 5
15 26
6 27
12 14
