6 14
10 26
15 21
14 28
10 29
8 9
0 28
5 10
12 14
10 14
1 11
3 6
1 7
18 24
1 2
1 3
1 12
9 21
20 23
8 24
3 14
1 26
2 5
2 11
1 8
12 21
2 3
2 12
9 14
5 19
9 28
11 13
17 24
2 26
3 5
3 11
0 12
3 7
6 12
12 15
3 12
3 19
2 20
1 23
18 29
22 28
1 18
3 26
20 22
5 11
5 7
1 15
5 12
5 17
0 3
14 15
3 21
17 22
0 20
5 24
5 25
5 26
23 25
2 15
22 23
6 25
14 26
3 20
7 11
7 8
7 9
15 23
7 17
7 22
7 14
7 18
7 15
7 19
7 24
7 20
7 21
7 26
2 22
7 29
8 11
10 20
13 15
1 20
5 8
22 29
21 26
10 24
9 11
3 9
5 29
4 15
9 18
10 15
2 28
9 26
20 21
14 21
18 19
9 19
20 24
11 12
11 17
11 22
2 7
11 14
11 18
11 15
11 19
11 24
11 20
11 21
11 26
13 27
11 29
3 17
10 12
18 21
8 14
12 26
2 21
5 20
13 14
7 10
16 25
19 21
23 26
5 15
8 21
2 18
15 26
3 13
15 29
20 26
7 28
6 16
15 22
12 22
14 20
26 28
0 29
0 17
2 19
14 17
8 26
0 26
0 1
3 22
10 21
5 9
20 29
12 23
13 23
17 23
0 11
1 21
11 23
19 27
0 8
8 13
