3 21
1 19
5 22
20 21
22 29
0 3
2 14
10 13
5 21
15 19
1 11
22 26
1 7
13 22
1 2
1 3
1 12
8 29
13 14
18 22
9 24
1 26
2 5
2 11
8 20
1 14
2 3
2 12
9 15
2 19
21 29
4 14
8 21
2 26
3 5
3 11
14 21
3 7
18 24
13 20
3 12
10 24
2 22
20 24
10 26
3 9
7 28
3 26
0 20
5 11
5 7
5 29
5 12
23 26
9 26
12 14
11 28
14 26
0 2
5 24
5 25
5 26
9 28
2 7
3 6
6 25
6 27
1 10
7 11
7 8
7 9
8 10
7 17
7 22
7 14
7 18
7 15
7 19
7 24
7 20
7 21
7 26
5 18
7 29
8 11
17 19
0 25
2 6
10 14
12 17
1 15
16 17
9 11
2 20
7 23
0 21
10 29
13 27
15 17
5 19
12 23
13 26
17 24
8 12
0 18
11 12
11 17
11 22
2 28
11 14
11 18
11 15
11 19
11 24
11 20
11 21
11 26
15 20
11 29
0 15
15 26
9 14
5 8
12 26
21 23
14 20
1 8
3 22
3 15
16 25
23 29
9 18
9 22
1 21
5 10
15 28
21 26
17 20
10 17
20 26
3 28
14 23
14 15
0 1
3 23
0 12
6 20
8 15
18 21
3 20
15 23
26 29
12 20
0 11
9 10
11 23
8 28
13 23
3 19
12 21
12 15
21 22
18 19
5 14
