4 24
19 60
37 52
16 38
11 42
34 52
1 11
24 45
16 58
21 40
18 34
1 19
11 45
24 38
11 37
6 38
18 42
11 25
11 38
25 43
16 26
4 52
42 43
9 58
1 6
6 18
8 38
27 47
6 19
6 9
6 8
39 52
6 34
6 11
3 56
6 47
11 39
6 24
8 39
22 45
6 16
4 47
9 43
6 43
6 52
6 45
8 24
8 18
16 60
8 19
9 37
1 8
4 16
8 11
11 34
34 41
37 58
8 16
6 25
24 52
8 43
8 52
8 47
6 39
6 42
18 60
34 37
9 11
2 62
37 38
39 43
9 19
8 27
11 18
16 25
11 19
2 21
11 58
27 61
19 37
11 24
6 37
1 24
11 16
11 41
1 18
16 33
11 43
11 52
11 47
2 11
16 18
14 20
16 19
25 39
19 38
24 39
34 47
4 11
16 24
19 42
19 34
19 39
8 41
16 43
16 52
16 47
16 37
16 42
18 19
4 8
26 27
4 18
18 24
38 58
39 41
18 43
18 52
18 47
45 58
9 47
16 34
4 60
4 6
19 24
41 43
9 16
19 43
19 52
14 30
24 37
42 47
8 60
34 43
6 60
8 9
37 60
32 42
6 32
24 47
16 39
1 52
24 43
41 52
18 41
6 41
8 34
38 52
4 41
8 26
38 60
9 38
43 45
19 58
33 43
47 58
34 58
6 58
6 22
18 37
37 43
2 43
18 39
1 43
4 43
6 49
52 60
58 60
18 38
45 47
19 47
43 60
18 58
1 45
24 34
41 47
8 58
43 58
16 32
52 55
24 58
43 52
43 47
35 41
11 60
47 52
9 24
52 58
9 60
38 47
