4 43
9 58
52 60
4 38
21 33
8 37
37 41
19 37
16 47
47 58
41 47
4 16
1 6
34 47
1 47
8 39
11 27
19 45
11 38
6 42
1 43
45 60
4 19
9 52
1 27
6 18
26 47
24 38
6 19
41 43
6 8
9 16
6 34
6 11
1 34
6 47
2 43
6 24
43 45
14 32
6 16
55 62
16 41
6 43
6 52
8 34
8 24
8 18
42 60
8 19
9 25
37 43
1 16
8 11
6 60
18 39
16 45
8 16
4 6
24 52
8 43
8 52
4 18
16 39
11 39
18 58
6 27
37 38
11 42
42 47
4 11
11 41
19 34
11 18
6 45
11 19
39 43
11 58
6 25
38 52
11 24
6 37
39 58
11 16
6 38
2 6
4 8
11 43
11 52
11 47
2 39
16 18
6 39
16 19
25 47
24 58
9 39
16 49
58 60
16 24
4 34
34 52
8 60
11 56
16 43
16 52
16 60
4 24
4 52
18 19
25 42
26 42
16 37
18 24
11 37
41 45
18 43
18 52
18 47
24 42
9 24
9 43
18 60
37 58
19 24
24 39
18 34
19 43
19 52
32 33
3 35
19 39
6 41
24 60
38 47
34 58
16 61
47 60
8 9
24 47
38 43
26 32
24 43
1 22
34 43
18 41
16 34
14 40
8 38
42 52
11 25
8 41
43 60
19 58
6 9
8 47
11 34
6 58
20 43
19 38
38 58
45 52
19 47
11 45
8 21
9 11
9 18
2 19
9 34
18 37
19 60
24 37
16 58
22 43
1 18
16 38
8 58
43 58
18 38
37 52
8 27
43 52
43 47
47 52
24 41
41 52
11 60
52 58
1 37
6 30
