11 42
9 58
4 52
4 19
9 27
9 25
2 24
30 40
16 47
47 58
11 61
25 47
1 6
37 47
45 58
8 34
26 39
8 45
8 38
16 42
1 43
6 45
18 41
42 43
1 52
6 18
37 60
24 38
6 19
41 52
6 8
9 16
6 34
6 11
24 45
6 47
6 41
6 24
11 26
14 27
6 16
4 43
16 41
6 43
6 52
16 34
8 24
8 18
4 11
8 19
21 32
37 43
43 45
8 11
6 60
34 47
16 45
8 16
4 6
24 52
8 43
8 52
4 18
16 39
11 39
18 58
6 32
39 43
4 16
37 52
34 37
9 34
19 34
11 18
9 24
11 19
21 39
11 58
22 43
38 41
11 24
6 37
58 60
11 16
38 43
2 8
4 8
11 43
11 52
11 47
19 39
16 18
6 39
16 19
18 25
24 58
1 8
16 22
52 60
16 24
8 37
34 52
8 60
9 11
16 43
16 52
16 60
3 32
4 47
18 19
8 42
35 41
16 37
18 24
11 37
9 19
18 43
18 52
18 47
37 42
4 24
9 43
18 60
41 58
19 24
1 38
18 34
19 43
19 52
6 42
19 25
19 41
24 34
24 37
38 47
34 58
56 62
47 60
9 39
24 47
6 38
2 26
24 43
11 14
34 43
27 33
45 52
6 33
1 4
20 55
6 25
41 43
43 60
19 58
6 9
8 47
11 34
6 58
2 43
19 38
38 52
1 37
19 47
11 45
27 42
1 47
9 18
24 60
18 42
18 37
19 60
39 52
16 58
6 49
11 41
16 38
8 58
43 58
18 38
38 60
39 58
43 52
43 47
47 52
41 47
8 39
11 38
52 58
1 16
11 60
