6 41
37 38
34 41
11 42
8 38
9 52
1 26
3 11
16 47
47 58
24 34
2 25
1 6
16 38
9 58
19 33
16 37
8 9
8 42
16 42
11 45
6 32
6 25
19 42
9 47
6 18
4 16
4 47
6 19
25 35
6 8
41 47
4 6
6 11
16 27
6 47
19 41
6 24
32 49
9 11
6 16
4 43
1 47
6 43
6 52
16 34
8 24
8 18
4 60
8 19
41 58
4 58
9 43
8 11
6 60
18 41
6 27
8 16
39 47
24 52
8 43
8 52
9 16
43 56
24 39
18 58
38 45
43 45
8 41
19 34
24 38
34 58
26 43
11 18
9 37
11 19
8 60
11 58
19 37
6 20
11 24
6 37
6 26
11 16
38 43
39 43
9 24
11 43
11 52
11 47
34 39
16 18
4 11
16 19
41 43
24 58
4 52
18 38
37 52
16 24
11 39
40 62
8 34
34 42
16 43
16 52
16 60
6 45
6 42
18 19
19 60
34 52
37 43
18 24
11 37
6 9
18 43
18 52
18 47
37 39
1 18
25 55
58 60
52 60
19 24
4 39
22 30
19 43
19 52
19 58
1 52
18 27
45 52
24 37
34 47
9 45
22 33
2 61
18 39
24 47
6 38
11 27
24 43
47 60
1 43
18 34
16 25
18 60
38 60
41 52
9 19
18 21
43 60
18 37
24 60
8 47
34 43
6 58
6 39
4 38
37 47
1 41
19 47
42 43
24 42
1 11
4 8
2 58
2 14
8 37
19 38
14 45
16 58
1 16
11 38
8 39
8 58
43 58
8 45
11 34
38 52
43 52
43 47
47 52
16 21
16 39
11 41
52 58
24 32
11 60
