19 60
39 41
9 58
6 25
8 60
1 47
4 47
4 24
16 47
47 58
24 34
1 52
19 58
25 55
4 52
4 32
16 37
8 26
1 11
8 42
11 41
18 38
38 41
26 27
9 18
6 18
9 16
4 18
6 19
34 38
6 8
16 39
4 43
6 11
18 27
6 47
6 60
6 24
24 39
8 41
6 16
8 38
3 11
6 43
6 52
16 34
8 24
8 18
38 52
8 19
39 52
6 26
34 43
8 11
1 6
38 47
6 37
8 16
16 41
24 52
8 43
8 52
9 47
18 39
34 41
18 58
4 11
43 45
52 60
42 58
16 38
6 34
18 41
11 18
41 45
11 19
1 8
11 58
2 6
25 61
11 24
27 40
37 42
11 16
37 38
39 43
41 47
11 43
11 52
11 47
16 45
16 18
11 38
16 19
41 43
24 58
42 52
24 37
37 43
16 24
11 39
32 33
8 34
19 34
16 43
16 52
4 16
6 45
34 58
18 19
18 60
11 22
6 21
18 24
11 37
6 9
18 43
18 52
18 47
1 43
9 52
21 43
2 4
16 60
19 24
42 47
33 35
19 43
19 52
9 45
43 60
2 16
14 56
4 6
19 37
16 62
1 19
42 43
19 38
24 47
6 38
2 24
24 43
1 24
9 43
18 34
34 37
24 60
37 60
47 60
9 19
37 47
58 60
1 18
9 60
8 47
11 14
6 58
6 39
9 24
38 43
37 52
19 47
45 52
30 49
11 60
4 8
6 22
16 42
8 27
25 32
25 45
16 58
37 58
19 45
38 58
8 58
43 58
34 39
11 34
8 39
43 52
43 47
47 52
20 43
19 39
6 41
52 58
11 42
9 11
