1 18
6 21
14 40
11 42
4 18
24 34
19 60
1 8
16 47
47 58
27 42
47 56
2 45
3 25
45 52
38 47
42 43
19 37
9 24
6 37
42 47
6 41
20 42
8 60
37 41
6 18
1 16
24 38
6 19
43 49
6 8
4 24
11 33
6 11
4 34
6 47
9 58
6 24
26 62
8 26
6 16
19 34
19 58
6 43
6 52
24 37
8 24
8 18
6 34
8 19
6 42
35 43
34 43
8 11
9 43
6 9
38 60
8 16
4 11
24 52
8 43
8 52
1 26
11 27
18 38
18 58
9 16
2 25
6 60
19 39
16 38
41 58
1 58
11 18
16 22
11 19
8 39
11 58
43 55
9 11
11 24
1 24
24 39
11 16
41 60
11 37
4 8
11 43
11 52
11 47
47 60
16 18
11 38
16 19
32 33
4 19
41 47
24 58
37 43
16 24
43 60
6 38
25 32
6 39
16 43
16 52
6 27
52 60
21 30
18 19
11 60
1 52
1 47
18 24
22 61
8 34
18 43
18 52
18 47
38 43
11 45
18 42
43 45
14 16
19 24
18 37
16 45
19 43
19 52
16 37
2 16
4 52
9 18
9 60
18 60
8 45
38 52
37 58
8 38
24 47
34 58
11 41
24 43
34 47
41 43
1 11
39 42
19 38
4 43
9 47
24 45
34 38
8 37
6 32
11 34
8 47
39 58
6 58
18 41
2 6
4 16
4 37
39 52
18 34
16 60
19 41
9 38
4 6
9 19
6 25
6 45
16 39
16 58
16 41
8 9
39 43
8 58
43 58
19 47
37 52
37 60
43 52
43 47
47 52
27 52
11 39
34 52
52 58
25 41
34 39
