24 39
8 45
4 52
11 45
4 18
4 6
9 19
20 26
16 47
38 47
41 43
33 52
1 45
32 40
2 16
8 38
4 24
19 37
6 22
6 26
4 47
8 14
14 61
43 60
8 60
6 18
11 30
39 47
6 19
25 55
6 8
37 42
41 58
6 11
34 38
6 47
8 39
6 24
16 38
25 32
6 16
1 11
19 58
6 43
6 52
16 26
8 24
8 18
6 34
8 19
4 19
6 56
34 43
8 11
2 43
6 9
19 60
8 16
9 60
24 52
8 43
8 52
16 41
8 34
18 60
18 58
16 34
18 42
6 60
1 25
9 16
25 33
1 43
11 18
38 58
11 19
39 58
11 58
27 45
24 41
11 24
1 24
4 8
11 16
52 60
41 47
4 34
11 43
11 52
11 47
37 60
16 18
11 38
16 19
43 45
42 43
34 52
24 58
37 43
16 24
16 27
6 38
27 49
11 39
16 43
16 52
6 39
34 37
22 43
18 19
11 60
1 6
47 58
18 24
11 37
9 18
18 43
18 52
18 47
38 43
38 52
21 24
2 19
1 16
19 24
42 47
6 45
19 43
19 52
16 37
39 43
9 24
1 18
11 41
18 45
6 42
27 32
18 38
8 42
24 47
19 34
2 25
24 43
9 58
34 45
37 38
18 34
19 38
19 41
34 47
35 43
16 39
8 37
41 52
11 42
8 47
38 39
6 58
18 37
4 11
4 16
39 42
24 60
11 34
16 60
37 47
8 9
3 24
9 43
11 62
37 52
1 52
16 58
6 41
9 41
6 21
8 58
43 58
19 47
6 37
58 60
43 52
43 47
47 52
4 58
9 11
41 60
52 58
9 47
39 52
