9 58
19 60
25 45
16 38
1 26
4 34
1 6
8 32
16 58
6 27
18 34
9 47
11 42
37 38
11 37
6 38
4 11
4 18
11 38
11 25
24 30
4 52
19 45
16 20
9 38
6 18
8 39
34 45
6 19
6 9
6 8
34 47
6 34
6 11
34 43
6 47
39 43
6 24
27 33
1 42
6 16
8 60
16 41
6 43
6 52
6 14
8 24
8 18
16 60
8 19
1 11
1 19
14 42
8 11
11 34
56 58
37 58
8 16
4 16
24 52
8 43
8 52
8 47
9 24
6 42
4 47
9 52
9 11
22 32
11 61
35 49
9 18
6 41
11 18
41 58
11 19
2 39
11 58
24 38
37 41
11 24
6 37
27 42
11 16
11 41
37 47
2 60
11 43
11 52
11 47
11 39
16 18
26 62
16 19
34 58
38 58
18 41
4 60
16 37
16 24
6 39
34 52
24 39
8 41
16 43
16 52
16 47
16 39
18 45
18 19
4 8
22 55
52 60
18 24
24 60
18 39
18 43
18 52
18 47
16 45
4 19
16 34
6 21
4 6
19 24
41 43
38 47
19 43
19 52
11 26
39 45
18 60
19 42
42 43
6 60
38 39
39 52
43 45
21 32
24 47
19 37
8 45
24 43
9 19
33 52
41 47
8 34
38 52
16 40
1 41
6 25
38 43
43 60
19 58
9 43
47 58
1 52
6 58
47 60
18 37
37 43
25 43
24 37
8 42
4 43
27 43
9 16
34 60
18 38
16 25
19 47
1 43
18 58
1 47
24 34
2 3
8 58
43 58
2 6
37 52
24 58
43 52
43 47
24 41
11 60
47 52
8 9
52 58
8 37
19 38
