21 25
6 32
27 30
6 39
39 52
4 6
6 9
27 33
16 47
4 24
41 43
9 11
8 39
9 34
9 19
2 25
34 43
37 47
9 22
8 45
1 60
1 6
4 9
43 60
38 41
6 18
1 39
1 8
6 19
33 62
6 8
11 45
20 43
6 11
16 38
6 47
19 60
6 24
19 37
52 60
6 16
25 43
24 58
6 43
6 52
2 43
8 24
8 18
6 22
8 19
4 8
58 60
41 47
8 11
8 38
6 49
19 34
8 16
24 60
24 52
8 43
8 52
19 42
18 37
18 60
18 45
16 34
11 42
32 58
38 52
9 16
39 47
18 58
11 18
37 58
11 19
9 47
11 58
6 34
16 39
11 24
21 26
1 58
11 16
9 52
24 45
43 56
11 43
11 52
11 47
18 39
16 18
26 55
16 19
24 39
11 35
41 52
8 58
37 43
16 24
1 16
6 38
8 9
16 25
16 43
16 52
8 27
1 52
34 47
18 19
11 38
4 47
47 58
18 24
11 37
16 60
18 43
18 52
18 47
38 43
37 38
37 52
24 37
1 43
19 24
24 42
4 16
19 43
19 52
16 37
34 58
19 58
43 45
47 60
4 27
14 25
41 58
11 26
2 6
24 47
19 38
11 60
24 43
24 38
4 39
8 34
6 60
11 41
4 52
11 39
40 42
16 42
24 41
42 43
9 43
8 47
1 19
6 58
6 45
34 41
14 16
42 61
8 60
11 34
37 60
6 37
45 52
38 58
34 52
16 45
6 42
18 38
16 58
6 41
4 18
3 32
8 41
43 58
19 47
18 34
2 11
43 52
43 47
47 52
34 37
4 11
18 41
9 18
38 47
19 39
