11 45
16 39
26 27
14 55
2 58
11 37
18 37
8 38
16 47
6 47
41 43
41 58
18 34
1 58
38 60
16 42
34 43
19 39
1 47
4 41
6 41
9 18
16 38
43 60
8 39
6 18
19 38
34 39
6 19
47 58
6 8
6 45
9 43
6 11
19 42
6 24
24 34
24 43
6 37
18 58
6 16
24 52
58 60
6 43
6 52
19 58
8 24
8 18
52 60
8 19
8 34
16 41
1 52
8 11
4 47
16 34
4 11
8 16
18 41
43 52
8 43
8 52
25 33
9 39
1 6
34 37
41 47
1 24
4 16
1 16
1 18
37 60
34 38
11 18
49 56
11 19
6 9
11 58
21 32
6 38
11 24
16 45
16 60
11 16
42 43
11 41
18 43
11 43
11 52
11 47
4 6
16 18
9 24
16 19
19 41
25 35
43 45
8 58
37 43
16 24
16 58
9 38
11 60
21 52
16 43
16 52
1 8
27 61
24 37
18 19
11 38
2 43
38 58
18 24
45 60
34 52
6 42
18 52
18 47
6 27
39 43
4 8
8 37
1 11
19 24
6 34
6 39
19 43
19 52
16 37
9 19
25 60
16 20
4 18
32 47
3 8
2 11
19 37
41 45
24 47
9 16
9 11
14 26
24 38
19 47
18 38
6 60
4 43
24 32
11 27
18 60
9 52
42 47
38 52
6 30
8 47
4 37
6 58
11 42
11 39
19 34
2 33
8 60
11 34
9 47
37 47
34 58
43 62
24 42
8 9
40 43
4 52
52 58
22 26
41 52
38 43
24 39
43 58
39 47
4 39
6 22
45 52
43 47
47 52
6 25
19 60
24 58
18 25
37 45
8 42
