18 45
39 41
11 38
11 32
47 58
11 37
18 58
6 25
16 47
6 47
34 52
39 52
25 40
42 47
11 45
3 8
27 62
16 38
9 24
6 37
4 6
32 33
8 9
41 60
37 45
6 18
9 18
8 37
6 19
4 16
6 8
37 52
2 43
6 11
34 47
6 24
34 37
24 43
6 45
41 52
6 16
24 52
37 58
6 43
6 52
19 58
8 24
8 18
6 9
19 37
9 38
2 21
25 27
8 11
4 34
16 34
24 60
8 16
11 42
43 52
8 43
8 52
1 43
20 43
4 8
6 39
1 19
8 39
11 25
9 19
18 39
27 55
8 41
11 18
6 14
11 19
9 11
11 58
1 8
6 38
11 24
16 39
16 60
11 16
4 52
11 41
18 43
11 43
11 52
11 47
1 16
16 18
16 41
16 19
11 39
18 38
43 45
8 58
4 19
16 24
52 58
45 52
11 60
8 38
16 43
16 52
19 26
38 52
24 47
18 19
42 43
18 35
16 58
18 24
16 25
24 45
8 60
18 52
18 47
9 52
8 19
6 41
39 47
14 49
19 24
6 34
39 60
19 43
19 52
16 37
19 38
6 42
1 11
18 34
19 41
34 43
6 61
1 58
19 34
52 60
9 16
9 58
47 60
37 60
19 47
38 47
27 56
37 43
4 43
24 38
58 60
37 47
4 24
30 38
2 58
8 47
41 47
6 58
2 33
32 42
8 34
4 18
6 60
11 34
24 39
4 11
16 42
22 43
1 18
6 22
1 42
26 47
43 60
41 43
1 6
38 43
16 45
43 58
4 9
21 42
24 41
34 58
43 47
47 52
9 60
24 34
24 58
18 26
37 38
39 43
