4 18
18 42
11 38
6 32
47 58
6 37
18 58
2 32
16 47
6 47
34 52
4 39
16 39
6 42
18 32
22 38
45 47
25 38
9 24
6 39
6 41
11 42
4 9
41 52
43 60
6 18
9 11
8 60
6 19
16 41
6 8
8 37
14 43
6 11
34 47
6 24
9 43
24 43
6 45
11 41
6 16
24 52
37 58
6 43
6 52
19 58
8 24
8 18
9 52
3 19
24 39
20 45
33 35
8 11
18 34
14 56
16 27
8 16
2 11
43 52
8 43
8 52
1 43
2 21
4 8
6 9
9 19
11 62
6 25
1 45
19 30
1 37
8 41
11 18
37 38
11 19
9 16
11 58
18 41
6 38
11 24
16 38
16 60
11 16
4 58
11 37
18 43
11 43
11 52
11 47
1 16
16 18
25 43
16 19
11 39
1 38
45 58
8 58
19 25
16 24
52 58
41 47
11 60
8 38
16 43
16 52
21 26
38 52
24 47
18 19
24 37
6 49
16 42
18 24
8 42
11 25
26 27
18 52
18 47
9 47
8 19
9 18
47 60
16 34
19 24
41 43
18 60
19 43
19 52
16 37
38 58
6 40
1 11
8 39
19 60
34 43
6 34
9 58
19 34
58 60
8 9
34 58
4 43
24 41
19 47
38 47
4 52
34 37
4 6
24 38
39 52
37 47
24 60
52 60
26 45
8 47
1 42
6 58
8 34
2 27
55 61
4 42
6 60
11 34
34 60
4 11
4 16
8 27
1 24
43 45
22 52
19 39
37 43
19 41
1 6
38 43
16 45
43 58
42 43
37 52
41 60
39 47
43 47
47 52
16 33
24 34
24 58
18 39
18 37
39 43
