11 20
6 58
11 39
16 42
47 58
18 42
18 58
1 8
16 47
6 47
39 58
8 42
19 34
24 41
2 43
14 26
18 41
41 58
19 37
4 18
18 39
16 39
11 42
11 60
43 60
6 18
19 39
11 45
6 19
2 45
6 8
9 27
19 41
6 11
42 43
6 24
41 60
24 43
26 60
8 39
6 16
24 52
41 52
6 43
6 52
16 45
8 24
8 18
11 38
22 62
6 37
6 33
26 30
8 11
43 45
4 47
9 11
8 16
40 58
43 52
8 43
8 52
8 37
9 58
3 27
9 16
19 27
2 11
6 39
8 34
1 9
37 47
24 37
11 18
1 6
11 19
38 47
11 58
41 43
6 38
11 24
16 38
4 60
11 16
4 37
11 37
18 43
11 43
11 52
11 47
4 16
16 18
14 24
16 19
6 41
35 45
37 52
58 60
34 38
16 24
25 61
52 60
9 41
8 55
16 43
16 52
9 19
37 43
24 47
18 19
6 49
8 38
16 37
18 24
25 56
11 34
18 37
18 52
18 47
8 47
8 19
34 47
6 9
16 34
19 24
52 58
39 52
19 43
19 52
16 58
24 42
39 47
37 38
25 33
37 58
1 47
6 34
6 42
1 16
1 22
19 42
38 52
32 45
24 60
19 47
1 43
38 39
1 18
4 6
18 34
9 18
25 27
9 52
18 38
47 60
8 58
24 38
34 58
32 52
2 6
4 19
1 11
6 60
11 41
8 60
4 24
16 41
24 34
8 9
6 45
4 43
16 60
16 25
6 32
4 8
38 43
34 43
43 58
4 11
21 47
45 52
39 43
43 47
47 52
34 60
34 52
24 58
19 38
21 43
9 43
