38 52
19 58
18 38
43 60
1 58
18 39
18 58
4 6
16 47
6 47
6 26
14 20
22 32
35 56
6 37
21 55
1 19
24 25
11 37
4 34
11 27
9 47
42 52
52 60
34 60
6 18
18 37
8 39
6 19
9 43
6 8
4 8
38 43
6 11
42 43
6 24
4 18
24 43
25 52
4 41
6 16
24 52
16 26
6 43
6 52
16 42
8 24
8 18
11 38
9 38
19 34
6 38
9 11
8 11
4 43
24 60
1 16
8 16
40 49
43 52
8 43
8 52
4 58
1 60
6 9
9 19
38 47
18 42
19 52
8 34
9 34
2 11
24 34
11 18
26 32
11 19
18 45
9 18
41 43
1 6
11 24
16 38
47 58
11 16
8 60
41 47
18 43
11 43
11 52
11 47
37 39
16 18
2 58
16 19
6 41
2 16
9 52
34 47
25 43
16 24
33 58
19 60
4 52
27 33
16 43
16 52
39 45
37 43
24 47
18 19
6 58
8 38
16 37
18 24
45 52
11 34
37 47
18 52
18 47
8 47
8 19
38 58
41 45
16 34
19 24
52 58
6 32
19 43
6 61
16 58
16 25
9 37
43 45
1 8
6 45
8 37
6 34
8 41
39 43
6 30
3 47
11 41
1 43
11 39
19 47
24 38
34 41
39 52
18 60
18 41
4 24
42 60
9 24
47 62
6 39
8 58
39 47
2 14
6 60
19 39
21 22
19 38
6 42
4 27
11 60
19 37
16 41
42 47
8 9
24 37
8 25
16 60
37 52
37 38
1 11
11 42
34 43
43 58
1 24
11 45
58 60
16 39
43 47
34 52
11 58
16 45
24 58
19 41
4 11
27 43
