1 19
4 25
11 45
16 38
1 4
37 58
6 42
4 37
16 58
9 60
18 34
9 47
42 58
38 60
11 37
6 38
9 11
4 8
11 38
8 41
24 60
11 42
8 37
38 58
47 62
6 18
58 60
27 32
6 19
18 39
6 8
6 60
6 34
6 11
34 43
6 47
1 40
6 24
24 39
16 25
6 16
6 49
16 41
6 43
6 52
2 14
8 24
8 18
16 60
8 19
1 47
18 20
25 45
8 11
11 34
9 19
37 52
8 16
4 16
24 52
8 43
8 52
8 47
38 39
4 19
39 41
39 52
11 41
43 45
4 43
3 33
2 43
6 9
11 18
39 43
11 19
6 41
11 58
8 9
18 60
11 24
6 37
34 37
11 16
38 52
19 45
42 52
11 43
11 52
11 47
11 39
16 18
18 41
16 19
8 34
24 38
18 26
8 45
16 37
16 24
1 16
34 52
2 6
24 45
16 43
16 52
16 47
16 39
4 47
18 19
8 60
6 25
9 52
18 24
27 61
11 27
18 43
18 52
18 47
16 45
16 34
19 34
38 43
4 6
19 24
1 6
19 41
19 43
19 52
37 47
41 43
34 58
8 55
9 39
24 42
14 16
1 52
38 41
6 39
24 47
21 27
37 60
24 43
34 47
24 34
24 41
24 37
4 52
9 18
6 45
8 26
2 35
43 60
19 58
9 43
47 58
33 43
6 58
4 34
8 38
37 43
30 56
47 60
42 60
22 32
11 26
9 16
18 42
19 38
6 22
19 47
1 11
18 58
38 47
9 58
19 39
8 58
43 58
1 43
42 43
24 58
43 52
43 47
41 52
11 21
47 52
11 60
52 58
18 37
25 32
