27 37
26 32
16 42
16 45
4 11
42 47
6 42
4 21
16 58
19 60
18 34
34 47
34 37
4 16
11 37
6 38
9 47
34 38
11 38
8 41
43 60
11 34
8 37
34 41
2 6
6 18
8 60
19 39
6 19
32 33
6 8
6 60
6 34
6 11
43 61
6 47
16 40
6 24
43 45
8 45
6 16
8 32
16 41
6 43
6 52
1 18
8 24
8 18
16 60
8 19
18 39
26 33
16 34
8 11
34 60
9 19
25 58
8 16
16 25
24 52
8 43
8 52
8 47
11 42
4 19
41 52
8 39
11 41
9 37
42 43
2 11
14 35
9 24
11 18
24 45
11 19
19 37
11 58
8 9
38 60
11 24
6 37
4 18
11 16
38 52
1 4
45 52
11 43
11 52
11 47
11 39
16 18
6 41
16 19
8 34
24 38
18 38
39 52
16 37
16 24
1 16
34 52
2 18
6 45
16 43
16 52
16 47
16 39
4 60
18 19
24 60
19 34
6 62
18 24
2 43
14 49
18 43
18 52
18 47
1 45
22 26
4 47
18 60
24 56
19 24
1 6
19 41
19 43
19 52
37 47
9 27
38 58
6 27
39 58
42 58
25 30
1 11
4 58
6 39
24 47
16 38
37 39
24 43
3 22
34 43
18 41
24 37
4 6
9 18
11 21
1 20
4 43
47 60
19 58
6 9
47 58
38 41
6 58
9 42
8 38
37 43
27 43
19 47
24 39
24 42
9 11
9 43
39 43
19 38
6 25
41 47
1 8
18 58
38 47
9 58
25 52
8 58
43 58
1 43
41 43
24 58
43 52
43 47
52 60
11 45
47 52
11 60
52 58
37 52
52 55
