4 18
2 49
24 60
16 45
4 16
34 47
27 61
9 16
16 58
19 60
4 43
16 42
1 6
39 47
11 34
38 60
55 56
34 58
11 38
8 45
43 60
32 35
11 37
39 60
6 41
6 18
8 60
24 37
6 19
26 42
6 8
16 39
6 34
6 11
8 9
6 47
30 40
6 24
6 27
8 25
6 16
52 60
16 41
6 43
6 52
4 9
8 24
8 18
9 37
8 19
4 47
43 62
16 34
8 11
6 60
9 19
25 43
8 16
11 25
24 52
8 43
8 52
8 47
11 42
1 43
1 18
1 8
11 41
6 26
42 43
18 39
4 32
42 47
11 18
24 41
11 19
19 39
11 58
9 52
38 47
11 24
6 37
25 58
11 16
6 38
8 41
38 45
11 43
11 52
11 47
11 39
16 18
6 39
16 19
8 37
18 38
4 19
19 45
1 16
16 24
16 37
34 52
8 21
6 45
16 43
16 52
16 47
11 26
4 8
18 19
24 27
19 34
33 37
18 24
9 47
38 52
18 43
18 52
18 47
4 37
18 25
45 47
18 60
24 34
19 24
6 21
38 41
19 43
19 52
37 52
9 58
34 37
9 34
38 58
27 42
3 20
1 11
16 60
18 34
24 47
38 43
6 42
24 43
1 58
34 43
37 39
19 37
4 6
24 38
14 32
16 22
41 52
47 60
19 58
6 9
47 58
2 11
6 58
1 41
19 38
37 43
2 42
19 47
24 39
18 41
9 11
18 33
39 43
8 34
14 24
41 58
1 52
18 58
9 43
22 60
16 38
8 58
43 58
43 45
41 43
24 58
43 52
43 47
39 52
11 45
47 52
11 60
52 58
4 52
2 6
