4 43
38 41
52 60
9 18
26 43
8 25
18 37
4 18
16 47
47 58
9 19
4 16
1 6
34 47
8 45
39 47
11 27
4 19
11 38
42 52
1 43
1 52
37 47
9 43
6 33
6 18
45 47
24 38
6 19
38 62
6 8
22 33
6 34
6 11
24 34
6 47
1 8
6 24
1 16
24 42
6 16
27 43
16 41
6 43
6 52
8 34
8 24
8 18
42 60
8 19
14 25
37 43
16 34
8 11
6 60
39 52
16 45
8 16
6 45
24 52
8 43
8 52
18 39
16 39
24 39
18 58
6 40
42 43
11 25
4 8
4 37
1 11
37 39
11 18
9 41
11 19
19 39
11 58
18 34
38 47
11 24
6 37
3 11
11 16
6 38
2 16
11 35
11 43
11 52
11 47
11 39
16 18
6 39
16 19
8 37
24 58
2 47
21 26
1 9
16 24
24 37
34 52
8 60
32 49
16 43
16 52
16 60
8 39
9 52
18 19
26 27
38 45
16 37
18 24
11 37
38 58
18 43
18 52
18 47
32 56
9 24
9 60
18 60
37 58
19 24
16 42
1 37
19 43
19 52
21 61
25 32
19 34
6 41
24 60
45 58
34 58
41 42
9 16
9 47
24 47
38 43
2 6
24 43
1 2
34 43
18 41
19 42
4 6
8 38
20 58
6 25
41 52
43 60
19 58
6 9
8 47
4 11
6 58
14 34
19 38
6 30
43 45
19 47
34 45
8 41
9 11
4 34
39 43
18 38
11 42
19 60
19 41
16 58
22 55
18 27
16 38
8 58
43 58
58 60
37 52
4 24
43 52
43 47
47 52
11 41
4 52
11 60
52 58
47 60
41 43
