51 54
2 16
14 31
12 31
35 44
10 33
30 41
18 36
2 19
10 31
46 54
16 55
31 55
30 49
49 51
35 53
8 35
6 53
14 41
17 51
18 34
8 41
8 17
14 54
49 54
2 10
3 9
20 28
27 33
9 45
30 54
34 45
6 8
23 25
10 18
9 29
27 54
16 44
35 49
16 46
1 19
36 49
8 25
10 23
31 32
31 46
26 29
8 30
35 46
25 44
33 44
9 12
26 28
17 18
10 55
17 32
16 31
16 30
33 55
19 53
12 20
14 16
27 30
16 54
26 32
31 35
2 54
31 49
32 35
12 21
2 32
3 45
8 14
10 49
10 54
7 45
33 49
26 34
25 49
2 35
10 30
1 10
10 25
27 49
18 33
2 8
14 55
9 31
6 45
10 35
17 54
14 35
17 49
2 46
25 51
29 52
19 27
10 32
25 41
6 10
2 25
1 27
14 25
17 30
28 38
49 53
23 45
41 44
2 30
17 46
16 25
29 34
8 55
9 20
12 19
35 40
30 35
6 27
25 32
18 19
35 41
20 45
10 51
27 31
8 49
11 38
19 55
23 49
41 46
27 53
8 27
46 49
32 54
2 31
41 49
6 55
30 53
30 44
3 25
35 55
44 49
25 31
33 35
14 51
25 30
10 45
14 30
30 32
10 14
8 10
20 47
27 46
32 33
41 54
8 44
6 23
3 34
44 46
25 46
31 51
8 51
54 55
16 35
7 9
33 54
8 31
30 55
53 54
25 53
46 53
1 30
9 21
35 51
10 16
38 52
3 6
36 51
10 41
23 51
10 53
19 26
7 20
31 54
3 23
31 41
8 16
8 33
31 44
20 33
10 27
17 25
6 19
9 47
6 31
36 44
10 44
10 36
17 31
5 40
1 46
17 36
2 6
41 55
35 54
44 54
1 53
30 46
32 41
44 55
3 7
2 44
14 49
12 51
6 49
27 35
25 35
30 31
23 46
32 44
8 54
10 17
6 54
49 55
27 55
5 13
3 20
25 54
6 30
