2 54
2 55
31 46
16 25
35 44
20 26
5 32
26 51
16 27
10 31
46 54
30 41
31 53
30 49
29 38
6 35
8 30
26 32
41 53
8 9
30 51
10 23
2 25
20 45
49 54
10 45
27 54
10 16
41 44
31 55
30 54
17 41
31 51
10 46
9 54
31 41
14 46
16 31
35 49
30 33
8 35
3 33
8 25
12 47
14 31
44 46
35 41
8 17
35 46
25 44
6 25
6 14
9 10
27 35
10 55
8 36
51 54
3 23
25 55
5 45
27 53
16 46
6 27
27 31
14 30
31 35
2 44
31 49
41 54
10 27
27 30
14 35
31 44
10 49
10 54
10 53
6 31
29 34
25 49
17 35
10 30
7 55
10 25
9 41
28 36
10 20
23 27
10 51
31 32
10 35
25 53
26 36
25 41
6 9
33 49
30 53
23 29
36 49
1 32
6 10
16 33
38 52
2 17
17 44
1 34
6 46
12 23
33 44
9 27
7 19
34 54
35 53
32 45
3 20
7 20
16 30
30 35
23 28
6 54
29 47
35 45
10 33
16 44
1 31
8 49
8 41
18 28
19 33
8 46
32 46
46 55
46 49
8 51
2 31
14 25
53 54
49 51
30 44
2 8
14 55
44 49
25 31
51 53
30 55
25 30
35 51
19 45
26 52
10 17
8 10
30 46
1 12
8 44
14 54
23 34
27 51
1 8
38 55
11 18
21 40
13 18
2 46
17 53
2 35
9 25
25 33
2 53
10 36
44 55
8 55
27 49
17 49
10 14
3 34
6 30
7 30
17 30
9 17
12 19
3 18
41 49
3 19
31 54
2 19
2 49
12 32
32 33
14 16
9 31
10 44
23 40
32 49
1 19
17 46
12 45
54 55
33 35
20 36
32 35
3 16
2 41
16 32
27 55
35 54
44 54
18 20
16 54
6 44
6 51
6 49
18 19
17 54
14 49
33 45
10 32
25 35
30 31
19 20
8 31
8 54
10 41
25 27
49 55
3 21
25 51
8 14
25 54
6 55
