35 53
3 14
8 41
2 54
10 27
6 55
10 17
21 28
14 27
10 31
33 38
49 55
16 20
30 49
14 17
32 51
14 31
45 49
32 54
12 20
3 40
2 55
33 34
45 54
49 54
16 33
31 49
27 35
31 55
19 40
30 54
2 8
7 21
2 23
46 54
2 27
10 55
8 46
51 54
46 49
8 27
16 17
35 46
7 52
25 49
13 34
26 33
31 32
10 33
1 5
31 41
23 54
8 54
35 51
25 41
12 34
9 18
12 32
3 7
54 55
25 55
46 51
20 29
27 46
19 51
31 35
10 26
23 41
41 54
25 53
31 46
11 29
9 53
10 49
10 54
9 10
44 49
5 18
33 41
16 41
10 30
2 6
10 25
14 30
36 38
10 32
35 49
18 33
19 20
10 35
49 51
23 35
30 55
10 53
18 28
14 51
16 49
17 54
8 55
8 23
31 51
19 36
3 53
44 55
32 35
27 53
9 31
45 53
17 32
10 41
17 25
14 49
16 54
9 27
1 49
8 49
30 35
20 28
17 46
9 17
1 26
30 51
41 49
18 47
1 10
3 38
9 32
35 55
26 47
9 54
25 51
10 12
16 44
6 46
8 25
25 35
6 44
30 44
41 44
27 31
25 46
36 44
30 53
41 55
25 30
16 19
16 36
27 54
8 14
8 10
26 34
27 51
2 30
53 54
1 18
14 46
20 33
17 44
30 32
20 36
32 44
6 54
25 27
23 55
27 49
6 8
2 25
19 33
2 31
16 45
16 31
6 19
10 14
19 29
30 41
17 35
7 34
35 45
35 44
8 30
14 35
6 35
31 54
6 10
46 55
8 35
8 17
6 30
30 45
10 44
17 33
3 9
12 29
31 53
2 44
23 31
8 32
30 46
14 25
2 49
3 52
3 45
8 44
35 54
6 49
1 6
6 31
10 46
20 41
10 45
31 44
23 44
2 35
6 25
16 25
25 31
30 31
2 10
8 31
19 46
32 49
25 44
10 51
33 36
12 30
27 30
25 54
53 55
