16 23
14 51
33 53
25 44
10 27
1 16
6 44
17 33
30 41
10 31
2 30
28 30
1 47
30 49
14 31
8 30
10 23
6 10
2 16
25 53
8 32
16 46
31 46
19 54
49 54
33 34
31 49
6 54
14 55
7 18
30 54
6 25
2 6
7 36
44 54
30 46
17 35
3 45
10 19
44 49
27 30
14 27
6 51
27 55
25 49
23 45
49 53
45 52
17 30
12 17
12 26
9 20
8 54
10 33
2 25
33 55
31 53
35 41
27 31
54 55
3 10
14 54
12 20
14 49
33 41
31 35
32 49
2 54
26 45
35 51
49 55
10 32
9 36
10 49
10 54
35 55
35 44
19 32
6 14
19 23
10 30
10 55
10 25
9 16
17 36
9 47
35 49
25 54
10 45
10 35
18 23
18 20
3 29
26 34
8 14
6 27
46 53
16 30
32 35
1 45
19 31
36 38
33 54
2 31
35 53
51 54
7 38
18 46
26 32
25 41
19 44
3 34
9 55
23 28
1 34
8 49
30 35
30 51
18 55
30 44
27 35
16 19
45 49
17 23
30 33
32 44
2 8
6 35
10 14
8 16
10 51
20 21
2 35
17 25
8 25
25 35
20 29
44 55
6 55
20 53
25 46
27 46
6 30
14 44
25 30
33 35
31 41
27 44
2 41
8 10
2 46
10 16
17 41
6 8
32 54
3 21
46 54
12 36
9 54
1 26
8 27
3 36
25 27
31 55
27 49
27 54
16 35
18 44
17 49
3 52
41 46
10 17
41 53
5 9
12 33
35 46
6 31
17 31
14 32
5 23
29 40
9 19
31 54
33 49
45 46
8 35
41 54
25 32
8 46
10 44
1 20
16 25
25 51
30 53
11 17
6 49
44 51
8 51
27 32
25 55
3 12
20 28
14 46
35 54
2 49
34 40
31 32
10 46
41 49
7 8
31 44
10 53
31 51
49 51
16 31
25 31
30 31
10 41
8 31
38 54
2 53
8 44
19 51
9 41
2 10
13 29
8 55
30 55
