9 27
10 51
2 32
32 54
31 44
16 25
6 35
8 41
16 34
10 31
1 3
17 23
17 27
27 45
18 54
19 20
30 51
17 55
27 30
16 46
10 14
17 35
7 34
12 33
49 54
2 10
31 49
6 54
35 51
10 19
30 54
2 49
6 8
31 41
19 40
32 44
31 53
51 55
14 49
10 17
23 26
51 54
6 49
9 16
20 52
10 46
32 46
14 31
17 26
18 34
30 44
8 32
9 31
16 31
32 35
25 41
35 46
35 41
16 44
33 46
12 45
23 38
34 54
10 20
30 31
10 40
6 41
8 16
18 21
5 18
35 53
41 54
1 45
10 49
10 54
46 54
51 53
17 36
2 8
5 38
16 30
8 51
10 25
33 49
7 26
25 49
35 49
25 54
25 30
10 35
19 54
16 54
8 30
29 32
31 32
17 31
31 35
3 20
25 44
8 27
1 29
20 28
11 12
32 55
26 34
35 44
8 54
35 55
6 44
2 51
20 33
32 49
3 23
19 36
25 31
9 19
7 30
30 32
31 55
1 53
14 44
44 49
3 19
2 30
30 49
12 20
33 35
2 31
8 25
8 55
31 51
30 55
36 45
30 46
2 25
18 26
17 33
9 54
9 30
2 6
49 51
14 25
30 35
41 55
27 38
2 33
49 55
10 55
28 33
25 53
25 27
31 46
47 49
8 44
8 33
17 20
46 49
10 44
25 33
6 16
1 23
10 36
14 27
27 35
14 30
9 36
9 17
1 28
13 21
14 35
3 14
3 36
27 31
6 25
19 49
27 46
23 53
16 41
6 10
25 46
25 51
6 51
31 54
53 54
3 29
25 35
44 55
45 52
2 46
3 12
14 45
8 53
9 10
10 27
10 45
41 53
8 49
30 41
44 54
44 46
6 31
54 55
10 30
35 54
8 10
2 35
18 23
17 19
10 41
53 55
7 29
10 16
41 49
49 53
23 47
27 44
6 30
10 32
45 46
25 55
12 14
8 35
41 44
2 27
14 54
31 33
8 46
6 55
