32 54
25 41
17 54
14 54
31 44
17 44
41 46
25 55
31 55
10 31
44 53
9 53
8 27
27 35
20 49
27 41
2 31
17 41
17 31
25 27
8 51
29 38
27 30
10 16
49 54
2 10
31 49
33 36
2 44
33 44
30 54
2 55
25 46
12 49
2 30
30 41
27 31
49 55
7 26
27 55
49 51
30 32
44 46
19 44
23 33
20 33
23 26
19 35
2 32
6 31
17 55
2 46
12 54
8 31
2 14
16 18
9 51
32 55
3 19
14 27
3 29
8 46
27 49
10 12
30 31
51 54
7 10
16 19
33 54
6 25
1 40
2 35
28 36
10 49
10 54
46 54
27 32
18 53
12 51
6 49
46 51
27 54
10 25
9 26
46 55
25 31
35 49
25 54
45 53
10 35
10 14
14 33
8 30
8 33
31 34
41 55
31 35
17 35
25 51
6 35
16 51
10 45
25 30
41 49
6 14
2 27
8 54
17 25
13 28
32 49
14 31
51 55
2 49
31 41
9 45
1 20
6 8
16 35
17 49
32 41
29 49
5 40
8 32
10 21
30 49
6 44
7 11
34 35
8 25
8 14
30 51
30 55
14 35
8 55
14 20
16 36
10 51
26 53
23 45
6 54
10 41
9 18
30 35
10 32
23 53
41 44
6 20
10 55
18 23
31 33
31 32
31 46
30 44
1 8
6 19
35 46
30 46
10 44
8 17
19 53
34 36
14 30
18 36
3 16
41 54
2 25
16 53
23 36
35 55
14 18
9 19
9 29
19 31
3 10
16 20
10 46
35 44
3 25
25 53
44 49
16 45
51 53
31 54
16 54
30 33
25 35
6 16
12 47
3 53
27 46
19 30
6 32
34 45
10 27
17 30
26 52
8 49
3 45
44 54
25 44
3 21
54 55
10 30
35 54
8 10
23 28
20 31
8 44
1 47
6 30
5 25
23 52
25 49
17 46
1 35
2 41
20 54
6 10
7 9
46 49
10 33
8 35
38 45
9 38
12 33
1 34
10 17
32 35
