7 12
5 53
7 26
9 49
30 35
18 28
25 27
29 30
7 20
32 44
19 23
27 55
2 17
30 49
2 25
27 41
16 44
44 49
17 25
26 34
14 18
2 32
27 31
10 19
14 49
36 45
3 10
9 53
14 25
25 51
2 54
17 30
6 55
14 35
25 54
9 45
41 49
12 34
35 49
10 51
41 44
6 17
44 46
9 36
12 23
51 54
31 38
2 33
14 55
8 54
18 32
3 35
18 53
14 31
2 49
19 45
8 16
30 31
16 46
18 36
8 10
41 46
45 53
52 53
1 36
6 35
16 49
19 20
10 47
3 55
6 33
3 31
8 41
10 49
10 54
10 44
9 34
8 27
10 31
10 41
10 30
5 12
10 25
25 41
6 31
40 52
6 30
3 49
10 17
10 35
8 25
12 16
20 31
25 44
41 51
7 29
28 54
27 51
6 25
25 31
25 35
20 45
3 8
16 41
20 30
30 32
21 23
31 55
8 35
30 33
27 54
14 44
10 14
27 35
46 54
10 46
25 30
31 44
16 54
2 31
32 49
35 55
6 10
9 29
32 33
3 54
1 53
16 25
8 55
20 33
14 30
44 55
10 36
19 30
27 46
35 44
25 55
11 47
32 35
30 44
1 9
10 55
16 31
10 23
25 49
8 31
6 54
8 51
23 34
2 51
10 32
32 54
8 49
17 54
31 46
35 46
30 41
2 27
44 54
8 32
1 21
17 55
8 17
27 49
31 41
30 55
6 20
6 46
38 53
14 46
12 20
17 49
46 51
2 8
30 45
9 26
2 44
17 35
23 53
41 55
19 35
33 49
31 54
23 38
17 27
31 49
6 51
31 51
31 35
2 6
35 45
25 32
33 54
19 33
30 46
10 16
32 55
33 45
2 10
54 55
10 33
16 30
17 31
35 54
23 29
26 53
3 51
36 53
41 54
8 30
8 46
10 27
25 46
35 51
19 49
18 40
16 28
8 44
6 14
14 27
13 54
49 54
9 44
19 53
1 26
1 34
33 35
46 49
