35 51
25 44
41 44
32 54
31 33
30 51
2 44
6 31
32 46
10 31
2 54
8 51
9 53
16 31
2 49
20 45
34 41
25 27
8 25
17 46
6 32
6 46
3 23
2 35
49 54
33 49
2 8
17 55
10 14
27 32
30 54
54 55
31 55
17 49
49 51
7 27
16 44
17 35
1 54
30 44
2 6
51 55
6 19
3 9
14 30
19 47
16 55
23 45
19 23
3 20
10 17
46 49
51 54
8 30
35 53
10 41
1 10
27 30
10 33
2 31
25 55
14 25
23 36
31 41
30 31
26 54
27 31
30 55
16 49
35 44
14 26
31 32
6 35
31 49
10 54
49 53
10 32
16 51
8 41
6 51
8 19
30 32
10 25
6 25
6 30
25 31
35 49
25 54
31 46
10 35
8 53
17 31
35 55
3 18
18 40
32 35
8 31
25 53
27 44
27 46
6 10
29 46
25 30
18 20
9 38
8 32
31 54
8 40
2 17
18 45
8 46
6 41
27 49
44 49
31 36
12 52
7 28
3 7
46 54
10 26
27 35
12 45
6 53
9 14
49 55
26 53
31 35
6 14
8 54
17 25
35 41
17 41
16 35
46 51
3 36
3 26
7 9
20 36
44 46
16 17
14 19
20 23
30 35
34 35
31 44
1 12
3 45
18 19
33 34
14 41
44 55
38 52
30 46
5 19
27 41
14 47
30 41
10 44
8 44
14 33
29 45
12 20
9 23
16 25
41 49
8 16
10 55
33 54
1 31
10 51
34 54
27 55
10 19
30 53
25 41
1 32
14 49
31 34
20 29
32 44
25 51
2 5
2 16
2 10
2 55
25 35
25 33
8 35
8 10
38 55
6 44
2 30
10 16
33 53
11 21
18 23
8 49
10 53
44 54
35 46
10 45
14 54
10 30
35 54
10 49
9 54
36 45
25 46
1 13
30 49
10 27
20 21
25 49
19 49
10 46
12 36
30 33
12 23
17 28
27 33
53 54
16 54
9 28
9 29
8 27
33 55
17 30
32 51
