9 54
25 41
17 49
10 16
33 53
10 33
11 47
36 45
44 54
10 31
2 27
2 46
31 53
31 51
6 54
27 49
16 38
20 45
3 7
25 44
14 35
25 54
33 44
36 47
6 10
9 44
6 55
17 35
16 27
14 32
25 30
8 31
2 6
8 33
41 46
31 35
7 23
16 23
10 46
16 31
36 40
16 25
25 35
27 29
35 44
30 54
27 30
46 49
31 55
27 31
14 31
8 32
1 12
2 35
28 29
6 23
23 30
32 49
2 32
26 40
16 54
3 52
3 18
44 49
7 20
8 46
12 34
30 31
9 30
2 31
8 19
14 27
10 51
25 26
10 54
2 30
12 19
20 38
12 33
21 34
10 17
29 33
10 25
25 51
16 30
25 55
35 49
6 46
23 33
10 35
41 54
3 19
44 53
25 46
6 49
14 41
8 35
14 30
17 30
30 44
30 53
32 45
35 41
49 55
16 19
1 45
31 54
2 17
17 18
41 53
19 55
49 51
27 54
5 26
34 55
12 20
12 45
2 10
6 25
2 14
51 54
8 53
51 55
28 36
27 44
1 10
19 51
9 49
21 30
10 27
30 55
6 16
6 30
9 52
31 44
18 20
31 46
6 17
17 45
1 3
8 25
53 54
35 46
31 33
2 51
30 41
8 54
41 44
3 9
49 54
35 55
10 41
32 46
8 30
49 53
2 25
10 14
10 44
54 55
10 32
14 23
18 32
10 55
16 35
2 54
14 25
18 36
20 32
41 49
9 25
19 54
46 54
35 51
17 54
23 38
44 51
10 53
44 55
14 16
33 41
20 49
19 29
31 32
1 26
8 41
46 51
1 19
9 55
8 10
31 41
8 49
14 49
3 45
34 45
31 49
6 31
8 44
33 54
6 35
25 27
17 32
25 31
10 30
35 54
10 49
35 53
27 35
7 32
17 53
30 49
17 31
8 51
25 49
10 23
20 28
6 8
10 26
33 35
3 5
9 10
18 34
13 36
46 55
44 46
8 55
30 35
8 27
27 46
