33 34
30 41
9 26
25 32
35 54
8 41
25 31
14 31
16 23
25 55
3 53
9 23
10 23
3 7
6 27
17 31
25 35
8 30
3 29
44 49
35 41
49 51
8 20
33 53
11 18
30 32
7 23
8 55
6 23
35 49
25 30
44 46
2 23
10 45
10 20
9 18
10 12
6 49
10 27
35 38
25 41
21 51
35 55
31 32
29 53
30 54
46 55
19 34
20 44
31 41
16 20
8 46
2 30
17 54
2 16
9 33
3 16
3 10
9 34
27 31
30 35
2 10
32 54
6 25
1 45
25 52
27 49
30 31
5 53
33 49
19 33
14 25
17 53
2 55
10 54
36 53
35 44
31 51
10 33
46 49
41 44
2 12
10 25
2 31
26 51
29 51
14 44
6 31
14 55
10 35
12 28
2 35
19 36
41 49
1 33
14 46
12 40
44 55
6 35
49 55
18 20
12 36
8 44
27 54
34 45
17 49
31 54
14 30
2 19
18 31
26 38
26 36
23 35
6 32
20 46
6 54
16 30
3 19
6 46
6 10
23 32
25 54
3 33
17 33
27 44
8 35
35 51
14 54
16 31
49 53
1 53
5 54
10 17
45 47
10 31
17 25
25 46
19 27
3 45
25 44
35 46
1 40
41 46
30 44
46 54
10 32
30 46
7 20
7 55
53 54
31 35
30 51
6 30
31 44
6 8
6 44
25 27
10 44
49 54
32 35
8 31
14 35
32 49
18 51
13 45
2 41
27 46
31 46
8 32
31 55
1 19
10 55
14 27
8 25
10 53
10 41
29 38
28 36
10 46
10 51
6 16
30 55
16 35
27 55
8 49
16 32
41 54
19 53
8 10
25 49
8 54
17 30
8 17
10 16
31 49
17 44
8 27
25 33
9 28
14 49
33 45
18 32
10 30
2 9
10 49
36 47
9 52
2 51
2 54
30 49
16 25
8 14
9 19
27 30
27 35
12 54
8 51
41 55
51 54
1 34
16 49
54 55
17 41
14 26
20 31
17 45
21 30
44 54
