14 35
27 51
16 41
3 54
8 14
16 38
25 31
35 46
14 46
27 35
6 41
9 19
3 20
9 35
6 44
1 52
21 40
8 30
2 8
44 49
35 44
17 54
33 49
27 30
14 31
14 44
6 25
27 44
16 45
35 49
25 30
2 41
8 41
46 49
3 17
34 47
44 53
10 17
27 54
3 10
20 29
8 55
30 55
1 32
19 32
30 54
27 31
41 46
2 25
7 18
6 32
25 55
45 51
25 51
33 51
25 46
54 55
27 49
31 46
25 27
30 35
10 32
31 33
16 54
6 10
12 36
36 40
30 31
31 36
49 51
25 32
3 30
25 35
33 45
10 54
8 35
23 53
10 20
25 33
8 49
23 51
8 51
10 25
10 41
30 46
6 49
25 45
23 36
51 55
10 35
14 54
49 55
26 34
23 35
2 54
49 53
30 33
12 53
3 49
7 12
23 34
6 55
31 32
25 44
16 17
19 38
31 54
1 9
8 10
27 53
3 16
35 41
18 20
36 53
14 25
26 51
44 46
23 31
32 54
6 35
6 27
25 54
12 19
8 27
9 28
8 16
12 18
17 35
2 38
44 55
6 8
19 53
8 31
9 16
10 31
3 31
10 27
10 46
18 29
9 21
46 55
31 35
18 53
1 47
20 31
14 55
26 33
41 54
10 45
2 30
2 35
17 31
14 30
31 44
18 34
41 49
33 54
10 44
49 54
6 46
6 30
8 32
29 53
10 23
30 32
35 54
26 55
10 16
2 49
31 55
10 14
10 55
14 32
8 25
2 46
9 12
51 54
41 55
10 33
2 19
6 54
35 55
2 10
20 32
6 31
27 46
8 44
35 51
8 46
25 49
8 54
7 20
17 33
2 9
31 49
46 54
16 49
19 26
17 36
10 28
31 41
30 53
10 30
7 9
10 49
30 41
17 25
20 44
17 49
30 49
17 23
5 32
29 45
27 45
16 33
11 28
41 44
1 13
30 44
10 51
14 17
5 19
30 45
1 19
2 16
35 53
34 52
44 54
