27 35
54 55
31 51
2 55
10 27
2 45
25 31
25 35
27 31
5 40
30 53
21 40
32 36
45 52
6 44
8 41
1 19
8 30
8 25
26 53
35 44
9 12
8 14
8 46
3 18
27 54
16 49
2 14
35 41
35 49
30 31
2 31
16 46
46 49
12 53
44 46
14 31
8 53
46 54
25 46
6 25
19 36
26 29
18 23
44 54
30 54
12 55
17 31
19 45
19 32
25 44
20 55
6 20
2 41
23 26
17 51
49 53
17 49
20 44
10 20
30 35
31 55
2 27
29 45
6 10
35 55
33 49
6 30
25 32
7 18
18 19
2 30
1 3
27 49
10 54
8 35
16 41
31 45
1 10
8 49
16 25
49 51
10 25
10 41
41 54
9 10
9 49
19 26
53 54
10 35
6 9
49 55
17 27
25 51
2 54
13 32
10 17
16 38
28 32
17 44
3 33
10 46
32 34
10 33
16 35
10 12
31 54
25 41
8 10
7 20
16 30
19 38
17 25
9 27
23 32
17 55
19 34
14 46
17 54
9 36
33 44
25 54
9 17
2 16
44 49
20 23
14 32
10 18
14 35
44 55
6 46
51 55
31 44
8 31
10 31
6 31
14 41
31 46
25 55
8 51
35 51
31 35
27 46
18 26
20 45
8 16
1 8
7 23
34 45
3 23
30 46
29 47
2 10
31 41
34 36
46 55
32 49
10 44
49 54
5 28
8 33
9 54
30 44
25 27
44 53
35 54
8 38
10 16
25 33
6 41
19 23
10 55
51 54
51 53
35 46
6 35
30 51
20 30
25 53
17 30
6 54
14 44
23 34
25 30
6 8
21 36
27 55
3 10
36 52
25 49
8 54
16 31
2 6
16 54
31 49
32 33
17 35
41 49
6 14
12 27
32 35
33 35
10 30
2 49
10 49
8 44
10 51
45 47
33 46
30 49
33 54
1 31
31 32
11 12
27 28
30 55
3 53
14 54
30 41
10 53
14 30
9 41
1 29
2 35
27 30
3 14
3 7
33 51
