6 35
14 49
30 55
12 29
16 49
2 44
25 31
25 35
1 47
23 52
5 53
10 51
54 55
27 31
32 54
6 17
3 44
16 54
6 41
29 53
6 8
14 31
20 41
2 16
2 10
7 20
7 36
25 41
49 55
35 49
30 31
6 54
6 10
31 41
41 46
32 35
17 49
31 34
9 34
8 25
18 36
12 36
19 32
14 51
44 54
30 54
49 51
1 9
45 47
20 34
17 30
10 27
31 55
9 46
2 49
25 32
27 44
31 46
6 26
10 23
30 35
27 30
26 30
28 32
16 23
17 31
10 16
1 12
2 54
10 19
26 28
6 19
8 17
33 35
10 54
8 55
8 30
2 35
46 53
8 49
26 38
8 10
10 25
14 44
8 19
17 25
14 25
18 45
46 54
10 35
6 49
14 30
35 51
35 55
7 40
3 55
32 53
20 31
14 54
44 49
9 53
3 23
19 33
18 33
32 33
3 53
31 54
3 12
41 49
1 45
31 51
30 51
2 27
27 46
30 44
1 29
17 41
11 21
28 55
31 44
10 17
25 54
8 27
16 31
27 35
16 25
5 12
32 49
46 51
29 45
9 10
3 21
44 55
34 36
10 31
10 44
20 54
10 14
16 30
25 44
34 41
31 35
3 10
2 23
9 44
1 18
25 53
8 54
14 35
6 31
8 44
33 54
18 52
33 51
2 55
33 36
6 23
19 23
49 54
13 41
7 18
9 45
33 45
36 38
16 35
35 54
8 46
10 32
33 49
17 54
10 20
14 16
27 54
35 46
46 49
32 46
10 41
27 49
17 46
10 53
27 55
8 14
8 41
25 30
8 31
35 41
9 32
20 25
2 14
25 49
19 53
26 40
19 54
51 55
31 49
20 30
10 55
2 3
23 31
31 53
2 25
19 45
10 30
8 51
10 49
17 27
17 35
10 46
12 54
30 49
6 30
44 51
8 16
6 33
35 44
25 46
30 46
30 41
2 30
45 53
25 55
6 27
8 35
25 27
9 51
16 44
32 55
33 38
