18 21
10 27
14 17
17 31
14 49
8 54
25 31
25 35
13 28
16 54
7 47
10 51
54 55
17 26
28 38
35 51
2 30
51 54
35 55
53 55
9 30
7 34
49 51
2 27
2 10
17 49
46 55
32 46
6 27
35 49
17 41
9 29
31 46
25 33
25 55
30 33
8 35
12 20
1 26
3 29
17 30
14 25
35 41
46 53
44 54
1 36
49 55
2 6
16 25
14 34
17 25
20 38
31 55
41 54
3 9
30 35
2 51
30 46
41 55
31 53
35 44
12 19
17 54
16 46
8 25
16 53
6 31
53 54
5 26
6 30
29 40
23 45
38 52
30 41
10 54
10 20
2 49
25 27
33 51
8 49
33 41
8 10
10 25
1 45
10 16
32 44
46 54
27 49
30 54
10 35
8 33
26 45
31 33
11 26
12 34
2 46
46 49
19 41
34 54
44 49
9 20
16 55
2 31
31 51
23 36
8 44
31 54
10 19
9 16
8 20
41 44
10 23
2 54
27 35
20 25
1 18
8 55
10 46
8 16
31 44
9 27
25 54
8 41
7 19
31 40
2 14
1 3
9 23
6 12
3 45
2 8
19 27
16 30
9 19
10 31
10 44
44 51
8 27
3 36
25 44
14 41
31 35
6 16
8 30
14 35
10 14
1 5
8 17
25 32
23 27
3 23
8 31
10 41
6 19
18 23
27 30
6 53
2 19
49 54
35 46
36 45
10 33
3 10
8 32
6 55
35 54
17 35
14 31
12 54
18 45
6 10
32 35
10 12
32 49
14 54
30 44
31 41
14 51
20 44
29 52
30 51
33 55
6 54
25 30
7 45
25 53
8 46
36 47
18 33
25 49
32 51
33 35
41 51
49 53
31 49
30 32
10 55
33 44
27 31
6 49
23 49
3 20
10 30
30 31
10 49
27 54
16 31
17 19
9 36
30 49
18 53
32 55
16 32
32 53
45 49
28 44
44 46
30 55
27 44
6 25
14 21
10 17
2 35
25 46
6 46
34 35
10 32
35 53
