19 27
56 66
10 52
31 62
22 97
54 66
61 96
37 86
48 53
72 81
50 63
4 73
31 38
57 60
3 72
35 91
2 20
88 95
57 91
6 20
6 44
63 88
5 15
27 52
51 86
57 72
20 96
22 31
2 75
61 67
26 63
6 63
36 62
44 52
19 91
62 79
61 90
33 69
80 92
54 61
62 81
63 71
1 87
31 91
56 68
61 95
95 97
38 85
2 14
5 87
82 97
58 67
24 60
53 67
24 88
38 52
36 66
9 72
24 38
41 55
10 32
45 59
83 96
51 70
4 88
66 97
14 28
52 92
1 96
40 62
45 53
51 61
5 19
21 97
5 44
16 57
26 33
23 61
48 61
13 63
40 48
35 73
48 81
38 84
61 84
32 56
35 83
21 65
18 44
31 59
31 98
50 97
19 55
34 50
9 97
14 40
18 41
30 70
35 97
57 75
2 63
49 63
2 91
53 90
53 61
50 70
30 52
31 49
31 51
10 79
67 88
63 83
47 70
35 50
53 62
39 95
2 96
36 45
43 73
21 56
7 78
50 69
38 88
51 60
10 72
7 68
4 43
31 77
7 57
6 26
63 72
9 56
9 48
6 25
9 33
10 97
4 42
10 87
2 98
43 48
25 56
57 59
5 97
38 75
72 97
50 62
14 59
35 67
62 87
26 54
50 77
2 50
55 96
81 82
33 44
18 31
44 55
85 97
52 78
52 61
5 56
8 83
6 97
45 82
14 21
25 45
45 49
48 79
25 75
31 56
6 18
19 77
10 96
1 26
10 26
65 66
61 76
31 90
31 92
13 61
41 91
14 31
33 57
18 59
67 94
3 40
16 45
30 98
0 83
31 68
5 83
14 36
18 75
14 69
25 90
72 95
17 62
82 96
2 90
83 90
36 83
17 73
32 64
0 9
57 83
42 67
44 85
63 95
0 75
6 88
49 98
5 29
57 97
59 68
2 87
10 15
18 95
17 50
3 79
9 44
57 61
10 54
60 92
56 86
35 95
42 57
1 61
32 67
14 91
44 84
42 87
64 91
64 77
69 84
45 68
67 96
61 86
52 97
33 91
77 95
5 38
22 67
80 82
15 22
33 45
51 52
10 71
29 56
10 43
5 43
33 53
2 22
59 84
62 94
31 76
53 77
70 86
33 52
71 97
4 50
41 56
68 77
18 70
71 79
2 25
20 30
58 96
14 35
38 66
13 67
40 76
33 47
56 67
1 82
48 56
18 72
33 63
16 35
19 96
52 88
6 38
71 75
35 57
43 66
2 82
23 84
33 87
30 64
33 38
47 86
18 43
50 88
61 75
35 87
76 96
44 70
64 87
57 78
25 57
48 70
36 42
51 79
42 48
1 91
2 61
45 50
57 58
49 52
10 24
61 62
57 82
0 76
63 97
14 80
59 73
56 83
2 32
17 25
53 69
17 76
20 83
32 48
43 81
45 70
33 96
61 92
18 67
44 45
53 71
14 56
14 50
33 35
45 86
96 97
11 63
70 98
1 70
32 61
6 83
9 21
15 23
18 40
71 83
48 86
4 36
67 91
10 62
34 52
35 41
57 96
57 62
2 52
20 80
0 52
67 87
49 56
33 84
70 82
0 53
75 95
61 72
0 96
18 24
59 81
10 51
14 24
35 78
53 81
9 87
30 96
57 94
9 91
19 62
31 73
59 96
67 69
2 13
5 53
32 84
14 23
68 70
0 4
21 55
32 91
44 68
22 57
56 75
35 40
5 78
11 57
57 79
48 73
34 83
42 54
58 97
67 82
10 58
2 18
50 51
55 57
51 84
18 35
35 96
38 83
16 40
15 52
45 67
37 62
5 59
