32 77
2 63
52 70
36 40
53 57
5 53
0 56
63 71
66 83
52 83
33 52
4 14
57 81
52 69
21 85
40 63
61 79
22 40
42 61
6 48
56 90
39 82
80 87
26 88
1 25
53 97
30 83
34 87
31 44
16 61
31 92
14 50
9 96
18 96
37 42
53 55
56 83
31 57
2 59
14 53
62 67
54 68
33 63
35 63
44 73
61 95
4 96
61 82
8 81
35 70
57 64
16 63
31 33
76 83
53 69
62 88
35 67
56 97
63 94
18 95
7 84
3 24
50 67
48 83
70 88
6 91
31 62
63 90
36 98
18 60
66 79
51 61
5 61
0 1
42 98
51 55
5 38
21 81
11 91
48 57
1 67
56 96
25 87
56 95
2 52
10 56
22 27
50 64
10 44
40 59
31 98
13 80
57 70
53 62
2 35
44 72
44 91
73 88
44 97
50 53
38 90
24 52
29 42
86 92
38 57
83 87
30 61
24 31
10 96
64 69
1 18
0 73
19 72
24 53
83 91
20 44
30 72
48 97
5 56
25 75
15 77
41 57
38 50
7 86
45 69
62 81
82 98
31 87
17 55
90 97
63 91
14 51
49 86
52 62
42 67
10 60
59 79
26 49
57 97
52 61
6 59
18 51
5 62
20 86
6 70
24 96
10 17
4 91
33 87
26 67
5 77
2 50
33 37
50 66
52 53
18 48
73 96
96 98
36 70
33 56
17 31
35 48
6 78
31 45
60 75
0 58
2 91
45 91
6 41
56 57
2 5
3 20
13 84
44 92
66 77
38 87
9 29
17 30
18 97
17 88
4 49
16 60
33 57
18 38
67 73
68 97
67 92
5 30
43 45
31 91
72 97
47 66
11 75
45 57
25 77
70 76
35 84
42 94
7 32
10 83
0 75
82 84
82 94
9 95
25 95
13 95
56 61
5 18
23 32
16 19
62 64
14 63
78 83
68 84
5 20
18 63
67 78
2 10
69 72
9 71
0 81
22 65
26 92
84 97
58 83
23 59
63 87
95 97
35 83
1 52
33 35
64 88
0 26
69 84
48 70
35 62
61 96
28 57
34 51
52 76
6 36
2 58
57 96
15 43
10 61
52 67
33 97
21 43
48 82
9 43
40 70
41 97
71 96
62 76
19 23
57 61
1 22
5 97
56 79
61 91
50 59
45 50
35 55
90 96
48 67
23 53
57 87
44 96
14 52
33 71
15 68
15 96
50 51
10 13
14 83
45 54
80 97
5 86
43 95
32 87
66 72
44 78
3 57
42 79
35 52
4 82
83 90
79 81
59 96
21 97
48 80
33 77
41 84
2 32
56 73
19 50
61 81
43 68
18 59
51 62
31 61
2 33
75 97
9 67
61 85
14 75
36 76
32 70
25 67
62 91
33 43
51 96
19 97
14 82
52 95
18 45
14 54
38 72
10 48
55 57
67 87
31 73
2 22
15 57
34 49
20 31
75 96
2 45
2 21
25 56
57 67
14 19
10 18
40 96
44 61
44 71
6 82
14 70
61 63
9 59
50 63
10 45
5 67
24 57
14 56
14 26
75 86
47 57
38 70
38 78
4 57
14 41
10 43
18 49
2 56
6 27
32 49
0 72
2 72
9 32
61 72
20 35
45 75
62 71
36 53
6 86
9 51
68 76
31 79
10 88
48 50
22 62
56 59
54 67
35 88
40 50
18 35
62 66
4 33
38 85
1 35
2 84
77 82
33 70
10 57
53 68
52 59
10 21
30 38
38 75
35 68
45 95
35 91
36 54
83 97
40 71
45 58
65 91
61 88
32 33
31 67
48 61
19 96
47 52
2 31
50 86
9 55
25 45
51 58
