35 87
2 87
14 26
10 53
72 80
55 97
6 83
35 81
18 50
32 66
14 51
0 62
44 49
38 44
6 52
72 88
10 32
26 97
18 61
34 96
20 92
62 65
31 50
87 97
52 68
52 75
52 88
7 98
6 73
15 44
96 97
56 68
19 59
35 53
44 56
5 70
4 52
10 95
25 83
38 96
31 33
5 52
24 88
5 94
57 72
41 50
9 45
57 67
9 22
36 86
13 98
59 83
57 77
70 96
53 63
6 51
21 33
9 71
52 57
2 14
1 86
40 45
1 77
57 61
76 87
31 35
19 82
36 38
82 90
5 31
62 69
19 28
18 44
33 97
17 57
33 38
7 18
5 96
67 72
50 88
31 61
6 91
35 40
19 97
63 97
34 73
50 62
65 72
52 70
77 96
18 59
33 62
31 83
21 90
56 62
54 90
13 61
40 79
52 94
6 88
25 61
2 82
66 84
60 66
23 66
62 76
38 91
1 50
3 83
52 72
18 75
67 69
61 64
2 55
57 71
18 42
14 60
5 50
81 95
38 55
60 77
68 77
0 53
18 33
25 44
22 96
54 82
20 97
15 97
10 96
27 52
15 22
14 67
45 87
33 70
45 71
32 38
14 77
67 92
62 83
56 73
23 90
31 57
40 50
35 86
45 97
33 91
5 18
2 96
38 83
20 26
18 98
14 44
17 59
54 59
20 44
61 97
53 62
52 83
26 70
27 48
42 96
32 63
19 30
88 94
52 64
20 62
86 91
40 95
22 75
35 56
50 81
30 52
38 71
53 96
14 31
9 35
5 80
11 43
71 80
51 63
79 96
58 91
19 83
63 76
16 83
9 91
16 43
56 98
2 48
63 84
44 95
24 62
2 56
0 31
2 57
24 33
10 72
1 56
32 82
14 45
81 87
10 84
25 31
35 59
18 31
39 91
61 83
42 73
10 18
59 73
32 47
22 50
24 55
9 15
57 96
43 67
33 67
24 48
29 67
2 70
86 88
4 56
36 48
37 53
45 66
45 83
40 48
3 6
22 59
0 4
67 78
0 2
45 57
1 67
90 97
50 96
63 86
30 66
43 95
5 44
10 59
62 87
67 75
26 73
17 42
83 96
51 62
17 86
33 79
43 56
9 36
9 96
31 49
63 91
13 91
57 69
61 79
56 91
36 75
2 17
41 61
56 63
3 91
48 67
43 61
25 47
67 84
9 63
31 56
78 97
58 87
23 48
31 45
24 79
48 95
10 49
10 45
53 92
88 97
10 43
51 95
10 21
60 61
35 50
33 57
25 69
5 87
4 38
53 54
20 84
52 97
4 45
7 53
63 79
45 67
45 52
4 70
6 50
14 43
55 61
48 62
35 38
35 88
57 98
14 61
57 73
33 61
40 57
82 86
2 95
48 56
21 84
18 87
38 67
34 36
2 75
80 96
5 63
49 51
54 97
30 57
31 81
26 78
6 61
50 71
14 81
58 61
41 57
21 57
42 72
2 19
70 83
35 67
64 82
51 68
2 35
42 76
0 57
16 57
16 31
33 48
15 18
29 77
14 55
13 59
56 95
66 97
10 92
49 87
41 51
62 78
2 76
5 69
53 56
25 30
33 69
68 96
41 75
8 10
2 63
10 91
49 61
32 40
68 82
42 48
14 70
82 85
59 96
53 58
25 35
35 91
11 44
10 61
57 70
61 67
0 72
48 52
6 92
18 67
71 90
30 61
68 75
32 84
21 36
23 63
51 57
47 85
2 68
83 97
5 75
35 70
0 84
33 81
64 85
57 97
37 72
44 61
1 75
4 50
9 78
58 84
32 70
70 95
14 76
31 64
1 82
56 79
51 53
