26 36
25 28
8 30
30 64
17 75
25 55
65 69
43 66
5 38
17 55
48 76
32 48
57 64
26 78
26 48
36 46
31 53
4 45
64 76
31 64
29 36
42 53
18 73
8 33
30 76
32 38
33 69
25 41
12 40
21 62
36 63
40 76
29 37
33 46
29 78
10 62
12 32
12 17
30 31
37 66
32 42
12 76
17 65
48 72
14 59
59 71
12 36
17 30
12 78
17 29
32 74
23 35
32 64
72 78
36 50
33 37
68 78
32 76
17 36
32 46
12 46
18 52
35 54
44 54
76 78
36 75
75 78
48 68
68 75
2 25
17 78
33 36
12 64
46 48
57 77
53 76
59 74
68 76
52 77
8 31
30 78
46 78
53 74
8 72
35 59
26 64
32 75
26 32
13 77
36 64
4 53
40 77
58 67
29 68
35 77
42 66
64 77
7 18
31 48
29 64
35 61
45 57
64 75
4 57
1 74
30 36
26 72
8 64
18 55
38 42
29 32
30 33
8 12
32 53
33 75
73 77
31 32
54 73
16 44
36 40
26 75
36 76
62 66
8 32
17 72
36 48
26 29
68 72
32 33
34 66
30 68
32 68
32 72
12 30
30 72
4 44
30 32
17 32
29 31
32 36
17 46
32 78
46 64
59 72
36 72
28 73
8 36
17 26
12 69
13 40
42 78
17 68
44 73
25 77
55 62
12 74
8 48
8 68
36 53
36 68
1 59
26 68
33 68
35 73
44 47
1 22
36 78
29 75
44 53
25 62
3 59
55 77
13 36
12 75
30 75
8 75
53 78
17 40
32 69
17 69
30 48
62 65
12 26
31 36
8 26
17 64
55 69
31 74
12 68
40 52
48 64
52 73
26 46
8 17
48 75
26 76
1 4
17 48
48 78
50 72
10 23
53 72
12 33
17 33
13 16
40 53
33 78
29 46
1 40
29 48
34 42
31 78
46 76
33 64
5 66
46 68
64 78
23 57
33 48
32 71
30 46
12 72
72 76
26 31
32 37
32 40
36 52
12 48
1 52
41 71
64 68
35 63
4 59
