66 77
29 53
64 68
29 76
12 36
46 64
46 68
17 36
33 64
69 76
17 25
32 48
37 54
48 75
30 48
31 36
76 78
12 33
35 74
46 72
31 59
36 75
64 76
26 46
36 72
29 48
12 48
46 52
40 78
32 66
8 32
1 62
12 30
32 53
8 72
5 13
50 67
54 63
65 77
12 32
41 78
72 78
10 13
13 57
33 72
44 77
12 64
36 53
18 69
33 68
53 64
12 46
32 64
30 72
33 36
72 76
64 75
32 75
36 40
64 72
29 30
52 55
58 63
29 32
16 35
33 48
12 29
40 48
17 72
31 38
8 17
71 75
12 75
52 59
8 64
17 34
17 75
29 78
18 73
12 53
12 40
40 68
25 31
17 30
4 35
36 46
26 64
21 57
31 55
36 64
46 59
68 76
10 32
25 73
8 31
57 66
17 77
29 36
28 52
53 78
14 31
44 62
1 31
33 78
36 62
12 74
12 17
48 64
32 40
26 53
32 47
32 69
1 13
25 48
46 75
36 59
8 33
41 50
48 78
64 78
26 48
8 36
29 72
59 69
8 48
16 55
12 68
26 40
4 59
29 64
30 68
32 68
23 73
75 78
68 75
12 76
17 68
17 32
33 53
32 36
57 69
32 78
32 72
31 66
25 77
17 78
26 33
4 22
36 76
57 77
32 46
8 75
8 30
29 33
17 76
30 64
37 38
8 76
32 33
17 48
45 55
68 72
44 59
42 54
26 78
32 43
36 78
1 32
30 32
30 76
36 48
35 45
48 76
26 68
17 29
42 59
30 78
34 38
52 62
42 53
26 75
36 73
66 74
26 30
4 73
17 64
30 33
32 76
17 26
46 78
42 73
48 68
31 37
2 25
35 77
32 74
65 74
8 68
17 53
61 69
30 52
1 65
40 46
35 55
68 78
36 44
7 62
8 26
12 72
30 36
26 36
40 64
12 26
55 62
3 44
73 77
23 42
28 71
1 35
31 46
18 23
5 37
12 78
71 74
48 72
4 18
42 44
26 32
17 33
4 77
40 66
53 75
36 68
