12 72
40 64
64 68
22 37
12 36
75 78
14 36
17 36
30 72
18 32
8 68
32 72
33 36
55 74
13 77
1 62
17 40
26 78
32 76
64 75
26 32
29 36
34 77
32 40
30 32
16 25
12 48
32 68
25 36
4 40
32 53
32 42
13 57
54 76
29 78
42 77
32 75
8 32
12 31
12 32
30 68
33 64
5 65
13 40
1 44
54 59
12 64
32 35
46 63
53 68
29 76
64 72
32 64
32 46
12 75
5 62
65 73
41 57
1 23
26 72
17 26
66 73
29 55
34 42
26 46
29 31
68 75
17 78
52 53
35 69
48 68
17 55
69 73
8 33
31 73
40 57
66 69
33 46
18 74
44 52
8 12
31 64
12 33
26 75
48 72
52 59
2 66
68 72
3 71
36 64
4 46
30 78
57 66
26 48
36 46
1 4
52 77
32 74
72 75
31 40
8 17
29 53
73 78
33 78
25 62
44 50
12 17
48 64
30 76
48 75
35 45
23 35
30 33
26 31
35 74
59 62
76 78
42 74
48 78
64 78
4 21
75 76
13 36
30 52
31 78
28 59
36 75
69 74
26 30
12 30
42 69
32 48
8 36
1 35
7 42
29 33
68 76
17 32
26 64
32 36
17 29
32 78
48 76
25 32
17 68
72 78
46 72
36 72
8 72
36 76
36 44
29 48
59 77
29 68
65 77
44 66
12 46
37 55
17 31
17 48
8 75
40 73
18 50
17 71
29 64
12 76
36 78
12 53
4 44
31 59
36 48
32 52
16 67
59 63
29 32
10 59
33 53
17 33
17 46
30 46
28 38
40 54
46 76
8 30
26 76
17 64
35 71
1 45
38 61
18 38
8 64
12 68
33 68
31 32
33 48
8 78
30 75
23 47
33 72
36 53
17 72
25 64
8 48
46 48
69 77
26 53
43 58
31 36
41 66
30 36
36 55
10 57
32 33
53 64
25 40
53 78
8 26
17 75
12 37
62 77
46 68
68 78
12 78
55 64
48 53
17 30
62 73
26 36
12 26
37 77
30 48
4 76
36 68
