23 74
17 64
29 40
25 66
12 36
16 44
29 32
17 36
34 65
62 73
31 53
42 52
8 26
30 78
12 78
25 77
32 55
62 74
48 72
17 31
31 32
32 37
26 32
30 64
26 48
32 59
48 68
8 48
13 35
4 38
32 40
29 36
4 77
4 57
5 45
75 78
30 68
7 29
32 33
31 68
64 78
2 42
71 73
18 33
48 75
40 76
46 78
31 78
36 53
17 76
64 72
54 74
32 64
1 43
33 75
32 46
36 68
25 32
8 68
12 53
1 77
3 41
58 73
36 40
30 33
17 46
33 36
17 78
29 53
12 72
30 42
55 78
26 40
17 72
17 30
68 72
17 29
33 68
36 76
54 66
26 72
26 78
44 76
69 73
32 44
8 32
12 76
12 48
36 75
76 78
12 64
5 71
26 64
66 69
48 64
35 50
4 10
17 53
31 48
23 68
8 31
62 63
32 68
31 72
8 72
26 30
12 17
1 25
8 64
25 35
30 76
33 72
13 66
30 36
1 59
48 76
29 48
28 66
23 62
65 66
18 52
33 64
30 46
36 44
68 78
16 34
12 31
64 68
46 76
36 46
17 40
32 48
35 73
22 36
29 64
12 46
50 69
17 32
33 53
32 36
53 73
32 78
30 40
33 78
26 46
32 75
32 53
10 38
17 33
13 65
40 59
68 75
8 17
8 36
26 75
57 77
13 28
46 48
12 75
48 78
8 78
30 32
18 41
26 59
53 64
77 78
36 78
4 62
36 77
12 26
36 48
1 55
55 75
12 68
8 33
59 77
8 12
25 37
29 46
17 48
53 75
18 38
35 74
14 55
26 68
72 78
40 46
44 74
17 52
1 35
40 64
47 52
30 48
33 48
8 29
32 72
26 36
44 54
31 64
59 69
76 77
35 57
37 55
4 63
57 73
12 30
26 42
12 29
46 64
31 36
64 76
17 68
29 75
53 74
12 33
52 69
57 75
45 62
46 75
42 59
36 72
17 69
72 76
37 68
32 76
36 64
36 61
42 67
52 59
12 32
32 77
30 72
21 71
