31 46
17 64
16 42
73 78
12 36
1 63
36 63
17 36
12 40
30 48
48 64
10 53
17 35
46 68
12 78
53 74
17 77
18 23
32 50
29 30
31 32
33 76
26 32
30 64
26 48
21 36
48 68
18 69
31 72
8 26
13 69
8 36
26 54
35 46
2 44
42 53
32 35
26 75
32 33
32 77
64 78
1 53
25 37
44 62
13 55
26 64
36 52
25 38
25 58
74 77
8 68
23 38
32 64
62 69
4 57
64 77
36 68
13 66
14 59
17 76
64 75
54 61
4 30
46 48
1 36
12 31
33 36
17 30
3 34
12 33
17 78
30 33
68 76
29 32
16 57
8 12
1 22
8 76
36 76
18 57
28 53
26 78
76 78
45 73
29 78
8 32
26 68
12 48
8 30
38 42
12 64
30 76
44 55
30 78
28 74
44 71
68 72
59 74
12 75
41 69
36 77
32 73
32 68
48 76
42 62
29 76
12 17
5 55
33 78
29 72
40 46
46 72
26 29
30 36
36 75
13 23
59 62
8 78
33 75
4 53
55 74
33 48
29 75
52 65
4 10
48 77
62 67
46 64
64 72
36 46
26 46
32 48
53 66
32 41
68 75
12 26
17 31
17 32
12 29
32 36
18 53
32 78
54 75
37 43
37 57
32 75
52 64
32 40
50 59
72 75
29 33
30 72
32 53
8 64
40 64
4 37
52 53
12 76
8 17
48 78
55 65
30 32
55 59
17 26
31 36
69 73
36 78
32 76
1 52
31 78
36 48
35 66
5 46
12 68
35 73
30 77
40 68
33 64
17 29
17 48
46 78
12 72
26 30
59 73
7 25
75 78
25 57
74 76
31 68
40 72
34 44
44 59
8 48
42 66
35 72
32 72
26 36
31 40
45 62
4 32
12 53
31 48
8 29
52 66
31 64
12 46
64 68
17 40
8 33
36 40
25 36
17 68
17 33
59 71
48 72
35 71
26 77
42 69
33 73
17 75
36 72
76 77
32 46
29 48
68 78
36 64
40 78
33 68
17 72
12 32
1 66
30 75
47 65
