23 63
64 78
44 74
36 72
33 76
12 29
33 72
17 36
36 59
31 35
32 48
48 64
8 64
13 37
72 76
35 36
17 31
32 72
44 62
36 46
40 68
12 75
12 53
8 36
30 64
13 55
12 30
47 55
31 36
4 37
12 36
17 25
8 30
42 52
17 76
38 55
62 69
52 66
35 46
64 75
32 76
18 55
48 71
48 76
30 33
8 12
31 32
29 32
33 48
40 46
4 29
31 46
17 29
30 36
32 35
48 53
2 77
29 48
69 73
32 50
41 42
8 48
26 32
1 31
48 75
31 58
33 75
53 66
8 68
35 77
40 78
36 75
32 66
62 73
54 62
45 57
37 42
29 33
29 30
36 52
72 78
5 18
8 75
12 48
40 64
44 73
75 77
53 72
57 59
29 76
13 31
30 75
59 77
29 75
40 72
48 78
52 57
8 78
41 44
31 64
32 59
4 62
1 37
68 76
32 75
33 78
12 17
64 72
64 68
17 26
16 71
44 64
3 73
8 32
16 43
61 63
42 53
1 18
36 73
26 33
46 78
17 78
38 71
10 77
34 68
10 34
33 36
29 78
28 65
42 66
32 42
12 78
12 64
25 64
76 78
35 74
17 64
17 32
17 72
32 36
4 69
32 78
29 36
38 67
36 76
36 68
8 29
55 59
75 78
30 76
17 40
26 52
25 74
35 72
17 46
17 75
12 68
1 50
30 40
36 53
23 30
1 73
26 78
65 74
59 66
30 32
36 78
25 45
8 33
12 72
26 36
12 33
1 4
26 76
14 74
46 64
30 78
12 76
25 52
17 48
8 26
32 46
32 33
7 25
65 73
53 77
33 64
21 74
22 28
30 46
4 23
32 64
26 46
75 76
68 78
54 69
40 48
55 77
48 68
59 69
57 66
32 53
46 68
31 68
32 69
17 30
36 40
17 68
44 54
68 72
33 68
26 68
17 53
26 64
13 59
53 78
46 72
26 53
32 40
18 77
57 62
48 72
32 68
5 77
12 46
36 64
26 48
8 17
12 31
12 32
12 26
26 30
36 48
