36 53
14 77
31 36
64 72
25 59
12 55
32 76
17 36
48 75
68 74
32 48
1 61
31 67
37 55
18 42
10 37
53 75
13 22
69 77
23 73
36 65
48 72
52 59
12 75
1 40
8 36
66 77
62 73
30 48
4 13
12 36
41 54
8 73
26 32
8 33
37 74
52 78
17 75
12 33
8 54
40 69
12 26
3 52
1 74
18 73
29 76
12 29
8 48
26 68
46 48
50 78
8 64
42 73
30 36
23 59
1 38
26 33
36 75
13 45
64 75
64 78
29 64
17 76
31 71
35 62
32 75
4 32
16 35
33 78
33 75
64 76
68 78
12 72
4 64
29 48
32 46
8 32
12 30
4 57
26 75
72 75
44 59
36 46
32 77
29 78
26 53
43 74
8 29
25 28
10 38
29 36
48 68
40 58
12 78
42 55
30 72
31 63
32 35
40 68
36 76
17 29
4 17
32 66
12 66
17 26
36 59
12 17
17 55
64 68
32 68
8 30
28 62
34 47
29 46
33 76
1 34
33 48
17 72
42 77
26 64
30 46
17 78
33 72
32 72
31 77
46 68
33 36
53 64
75 78
46 64
2 73
30 64
12 64
18 44
33 53
5 66
17 64
17 32
68 72
32 36
40 77
32 78
18 52
4 36
35 36
36 68
1 73
32 53
76 78
50 71
57 69
8 46
26 72
12 68
32 69
12 53
48 78
46 72
68 76
31 35
36 55
37 65
26 48
21 59
31 32
30 32
36 78
72 76
26 30
26 78
33 64
17 53
48 53
8 26
66 69
16 77
31 62
30 33
38 44
17 48
40 57
26 36
36 72
54 63
32 59
8 17
12 76
48 76
32 64
12 48
31 40
7 57
75 77
53 78
31 45
5 52
29 32
25 71
72 78
35 42
29 68
30 75
17 33
25 31
25 65
17 30
41 55
17 68
40 44
46 76
35 40
30 78
12 46
42 69
13 52
23 32
62 74
32 33
48 64
30 44
29 53
46 78
30 68
40 62
8 68
36 64
25 44
26 76
17 74
12 32
46 57
59 66
36 48
