26 75
31 68
17 75
64 72
35 40
46 48
29 72
17 36
12 42
26 68
32 48
33 64
8 30
29 74
8 64
2 32
36 59
17 53
12 30
10 57
68 72
52 66
32 77
12 77
17 26
32 66
8 68
59 74
30 64
31 36
12 36
26 72
29 32
26 36
4 37
40 77
8 78
25 69
29 59
33 76
68 76
29 36
46 72
21 66
38 44
52 69
5 65
44 62
29 68
8 75
18 46
31 72
33 36
30 36
25 40
48 53
14 40
26 46
36 69
29 48
33 75
23 77
48 72
52 75
48 64
35 53
30 46
48 76
53 73
4 50
37 40
18 34
32 69
26 48
17 72
1 59
8 32
12 26
3 4
59 78
12 17
28 53
13 35
55 61
25 38
40 57
45 53
76 78
26 29
31 53
32 40
48 68
1 40
12 78
31 64
71 74
36 46
12 68
8 17
30 33
44 57
53 75
68 78
48 73
44 52
26 64
53 59
25 36
64 68
32 68
8 72
26 30
33 48
4 40
30 48
63 76
44 69
31 48
29 78
26 32
8 46
17 78
4 52
32 72
33 68
30 75
8 36
17 66
31 55
25 41
64 75
64 78
12 64
29 76
28 57
8 33
17 64
17 32
26 33
32 36
1 45
32 78
72 78
4 35
42 71
36 68
18 36
7 62
64 76
36 75
42 64
17 31
46 78
12 72
17 46
32 37
48 78
8 76
29 64
54 74
31 32
23 73
68 75
75 78
1 69
30 32
36 78
13 55
17 30
26 78
1 16
30 72
36 53
43 55
59 66
31 44
1 52
22 66
17 48
26 31
35 73
55 77
10 71
73 77
32 75
12 75
12 46
53 62
32 64
12 48
12 76
25 35
54 73
62 65
12 33
30 78
8 12
12 29
13 42
13 77
30 76
16 65
46 64
5 77
34 47
32 38
37 77
17 68
18 32
36 76
36 72
32 76
17 42
41 50
57 67
40 73
54 58
32 33
36 74
33 46
33 78
32 46
30 68
59 62
17 33
36 64
55 62
74 78
23 42
12 32
35 63
17 76
36 48
