12 40
31 32
48 68
36 40
17 53
32 73
26 33
17 36
46 76
44 57
32 48
66 69
30 72
46 64
12 77
42 64
8 33
31 66
21 69
31 73
33 40
29 64
17 76
8 48
17 26
12 35
31 36
4 78
55 57
29 30
12 36
32 76
62 69
26 36
54 66
23 69
29 48
13 16
17 31
31 68
32 77
57 75
12 29
8 46
17 30
37 73
36 77
25 52
55 59
68 76
26 73
29 32
33 36
30 36
75 77
62 66
32 35
23 55
5 57
36 53
61 71
68 72
31 75
44 63
48 64
30 33
40 63
18 44
23 25
5 55
8 72
33 46
65 73
26 62
17 72
64 75
8 32
12 46
1 57
32 72
12 17
53 75
40 77
34 45
17 33
48 72
37 44
42 55
10 59
1 40
29 36
31 48
31 53
12 78
29 68
8 78
36 46
12 68
8 17
42 62
53 59
2 74
68 78
69 71
28 37
26 68
65 68
10 29
64 72
32 68
47 66
12 30
32 53
29 75
30 48
64 73
31 33
46 72
75 78
26 32
16 38
17 78
26 48
45 50
32 34
36 75
8 36
8 26
76 78
26 72
35 77
64 78
12 64
52 77
25 53
25 74
17 64
17 32
8 30
32 36
42 68
32 78
33 72
32 75
53 76
36 68
26 46
52 53
64 68
75 76
4 35
4 42
35 42
12 72
17 46
64 76
48 78
37 62
46 48
26 64
48 53
7 36
32 46
13 52
59 65
30 32
36 78
28 58
30 64
26 78
38 52
36 52
13 43
48 75
18 38
4 59
1 59
33 64
17 48
30 76
26 30
29 55
3 4
12 33
32 40
12 26
41 77
32 74
32 64
12 48
12 75
4 25
54 69
22 50
41 74
30 78
33 48
72 78
54 59
31 64
18 74
17 29
77 78
1 18
35 40
8 76
8 12
17 68
46 78
36 76
36 72
17 75
1 44
66 71
17 73
8 68
30 46
32 33
59 67
29 76
33 78
72 76
30 68
35 36
40 74
36 64
32 62
1 53
14 44
12 32
13 25
40 78
36 48
