75 78
26 72
23 59
26 33
13 52
12 68
33 68
17 36
68 73
13 74
32 48
36 75
12 78
25 77
8 75
66 75
12 26
36 38
32 72
53 78
17 72
46 75
40 55
10 55
26 30
30 31
37 72
64 77
29 65
22 69
12 36
71 74
48 77
18 40
1 53
54 73
25 40
21 62
29 75
36 53
12 75
46 68
17 48
32 53
68 72
23 35
68 78
2 73
31 32
44 57
33 78
40 66
36 48
64 75
17 29
30 46
48 68
36 72
8 46
34 44
68 76
35 59
59 77
28 40
48 64
65 73
59 61
12 29
4 59
26 36
48 72
52 62
16 66
28 62
42 76
31 36
36 76
3 69
26 53
4 46
12 53
29 33
33 76
8 26
26 78
62 74
32 69
30 78
26 68
32 33
8 72
35 55
18 36
13 50
4 25
17 64
31 68
32 73
36 40
29 78
36 63
42 73
38 52
16 34
29 64
17 75
55 71
8 29
59 66
76 78
18 45
42 48
23 63
1 47
53 64
31 72
32 74
32 57
36 68
44 77
33 36
17 26
17 33
12 72
48 75
64 76
12 17
46 48
12 30
55 77
59 62
64 78
12 64
8 17
17 46
8 12
8 48
17 32
75 76
32 36
1 37
32 78
44 54
17 76
8 30
64 72
32 46
26 48
17 77
30 76
25 44
12 33
45 54
30 48
43 58
12 76
30 75
40 52
26 32
4 44
8 78
30 64
5 77
14 35
17 31
7 40
36 78
50 71
13 40
64 68
72 76
31 78
33 57
52 74
35 69
8 68
1 77
26 64
66 69
33 64
65 69
8 36
26 29
4 40
5 18
37 57
53 72
30 36
32 64
35 42
10 74
1 41
32 75
48 78
26 76
30 33
8 32
52 55
12 48
31 64
32 42
57 62
32 37
29 32
31 53
38 42
29 48
17 68
30 68
46 64
36 46
72 78
17 78
33 46
17 53
33 53
30 32
12 46
29 46
25 36
4 32
32 68
1 67
25 59
41 78
36 64
32 76
12 31
31 48
12 32
17 30
35 73
36 66
