25 42
12 53
22 59
38 59
45 66
12 68
35 52
17 36
10 57
32 53
32 48
68 75
12 78
23 37
52 65
12 75
12 62
44 63
8 26
64 76
72 77
30 44
29 68
29 77
32 33
42 59
33 68
48 76
29 72
59 77
12 36
32 59
8 48
42 77
66 75
12 46
30 68
16 57
37 55
36 53
4 61
35 65
17 48
53 72
62 71
3 14
68 78
52 59
32 76
12 26
73 77
8 68
36 48
68 73
30 53
40 69
48 68
36 72
26 74
26 40
25 35
36 40
13 66
26 72
48 64
31 33
32 72
29 36
1 36
5 50
5 18
8 64
26 68
46 75
29 64
36 59
36 76
38 73
8 44
2 17
48 53
26 46
17 76
46 76
26 78
30 72
32 66
37 41
18 54
28 42
35 43
46 78
13 32
26 33
16 44
17 64
23 74
17 29
46 53
8 72
33 36
36 75
1 59
4 54
32 40
45 78
17 31
36 74
48 75
35 42
35 69
12 76
46 48
36 46
72 78
30 48
31 36
40 77
36 68
46 64
8 12
17 26
17 33
1 57
29 48
25 69
12 17
68 76
18 73
17 46
40 57
64 78
12 64
53 75
29 78
8 46
31 46
17 32
8 30
32 36
64 75
32 78
8 78
17 53
1 25
75 76
34 73
26 36
33 40
65 73
12 74
31 68
31 75
23 73
12 31
71 76
26 30
67 69
26 32
25 55
53 78
30 64
53 64
32 42
62 69
36 66
36 78
4 10
62 76
64 68
35 54
33 72
31 32
50 66
1 40
17 72
32 74
26 64
47 69
33 64
8 36
8 33
17 75
30 74
64 72
26 48
32 44
30 36
32 64
30 78
40 62
37 62
32 75
48 78
33 78
8 32
4 29
4 17
12 48
48 72
34 38
30 33
55 77
29 32
12 30
52 71
1 77
17 68
12 72
7 21
31 64
57 77
17 78
18 52
75 78
52 63
30 32
33 48
29 33
32 46
4 44
32 68
76 78
13 58
31 76
36 64
25 40
41 55
28 55
12 32
17 30
13 31
29 55
