30 76
57 65
17 74
3 16
59 69
38 57
26 48
36 42
36 72
59 62
32 48
26 36
12 78
4 34
30 44
8 32
40 73
25 76
69 73
17 36
46 48
8 12
36 76
30 68
32 33
12 75
29 78
40 59
68 76
30 53
12 36
33 72
4 57
46 72
42 59
58 65
12 72
17 76
5 35
64 72
36 74
29 48
30 72
35 54
17 75
4 44
34 40
18 59
36 46
33 76
52 59
30 48
36 48
26 64
37 55
17 30
46 78
10 54
46 76
36 73
12 62
7 13
18 62
76 78
36 77
75 78
26 32
17 68
32 72
17 31
30 31
8 55
31 68
62 65
64 76
52 55
23 77
44 69
69 71
33 48
36 40
26 78
40 54
32 53
29 36
36 68
41 66
21 77
31 78
37 57
2 29
48 68
29 75
29 64
31 64
72 75
4 55
25 66
18 23
57 77
36 53
31 32
5 12
31 36
17 73
26 35
41 52
48 64
17 78
32 77
44 62
52 69
33 36
13 32
48 78
64 68
8 75
46 53
17 46
29 33
13 42
30 36
26 33
8 72
64 75
32 66
12 17
35 44
33 68
8 29
1 52
64 78
12 64
32 55
30 64
30 42
48 53
17 32
8 68
32 36
40 66
32 78
63 74
46 64
29 32
8 64
30 46
33 64
68 75
29 72
4 40
30 78
17 26
71 73
16 77
38 52
1 55
25 48
26 68
25 40
26 75
17 53
35 66
32 35
8 78
12 76
36 78
38 77
45 71
32 46
8 33
17 33
12 26
23 50
8 36
1 28
8 17
53 64
17 64
13 28
33 63
32 76
12 30
42 73
26 46
45 61
48 72
48 75
32 64
33 78
26 76
36 75
12 33
25 31
31 35
40 77
37 62
32 75
4 73
29 68
1 18
12 31
25 32
1 69
17 77
46 75
17 48
47 67
12 48
53 72
26 53
53 74
10 40
8 46
68 78
44 59
30 32
59 66
31 50
12 29
12 68
32 68
32 74
72 78
1 42
36 64
53 78
14 43
22 37
12 32
68 72
26 74
48 76
