75 78
26 66
59 62
31 78
12 36
38 77
29 68
17 36
26 75
1 77
4 48
32 48
32 69
46 64
36 46
12 26
26 31
75 76
33 78
1 35
30 78
29 78
13 18
25 44
46 75
32 46
12 78
33 72
12 29
18 35
32 72
46 48
29 64
1 36
65 77
32 52
12 32
26 33
38 66
12 30
17 46
26 30
30 64
12 75
53 72
62 74
12 64
10 13
31 76
31 64
48 72
17 53
32 64
8 33
33 36
25 65
64 68
2 77
28 41
43 50
4 36
48 75
8 68
26 76
37 69
34 42
17 76
8 26
12 53
45 66
17 72
17 75
5 8
40 68
63 77
31 37
42 77
29 40
22 23
53 68
59 73
36 53
29 53
33 75
1 71
25 57
7 54
46 68
29 48
36 64
18 69
4 32
36 59
29 36
32 75
33 68
26 78
8 64
35 36
1 59
31 32
26 64
32 73
29 30
4 62
44 74
12 17
68 72
72 76
17 31
41 74
37 55
36 75
32 77
40 78
28 33
30 72
46 76
48 78
52 55
10 55
38 59
25 29
4 59
55 65
16 62
12 68
17 26
36 40
69 73
12 76
32 68
50 58
12 33
55 67
35 77
17 68
17 32
13 42
32 36
30 48
32 78
44 54
8 36
17 40
17 78
13 53
12 46
42 74
12 72
37 44
48 68
35 66
32 54
64 76
36 72
8 12
32 76
32 33
17 48
33 48
26 46
1 78
8 48
30 46
31 73
36 78
68 78
30 32
40 72
36 48
57 74
8 17
17 33
26 48
72 75
17 30
53 64
46 53
31 52
31 36
40 57
64 72
17 29
8 40
17 64
16 69
68 76
64 75
23 25
32 40
30 68
36 68
8 32
59 71
25 69
3 48
42 63
66 73
12 31
8 62
74 75
18 73
57 66
55 61
40 52
29 32
48 64
35 73
30 36
76 78
23 47
45 71
44 52
33 64
30 76
64 78
30 33
32 59
53 77
34 52
30 53
42 57
12 48
14 44
4 8
35 62
26 32
36 76
46 78
5 21
72 78
26 36
