19 30
19 23
0 33
15 34
0 44
0 5
33 34
34 35
5 7
19 33
21 36
12 29
12 41
20 31
2 33
7 21
18 23
23 39
17 28
29 34
9 15
34 36
27 39
8 34
11 29
23 33
5 20
3 13
18 20
19 28
19 36
5 19
3 12
17 40
3 20
17 35
3 35
5 18
4 10
5 13
5 23
12 44
33 37
28 33
20 44
10 22
5 29
18 44
2 27
24 41
3 39
3 5
34 40
20 41
12 18
22 40
12 20
27 37
25 37
28 30
12 13
3 40
21 40
26 31
12 40
15 36
12 27
36 40
1 10
30 40
12 33
18 30
13 20
13 17
13 18
35 41
17 20
13 23
0 27
13 44
13 40
13 27
13 28
21 23
13 31
13 33
13 34
13 39
16 38
2 34
20 24
19 40
12 17
39 44
40 44
30 33
5 17
12 25
26 33
17 19
13 37
18 39
2 25
0 18
21 24
18 33
29 39
0 28
23 28
3 28
0 40
20 29
0 12
25 29
7 31
42 43
20 40
27 28
20 27
24 36
28 44
20 33
3 44
17 37
9 30
17 18
17 23
12 21
2 23
22 31
23 40
22 34
23 44
35 37
20 28
31 44
33 44
13 19
36 37
21 44
24 34
11 13
33 43
12 37
3 19
12 34
27 41
0 3
20 30
1 16
27 40
30 37
2 28
2 41
27 31
27 33
27 34
35 39
17 33
11 42
13 21
5 12
0 23
5 39
0 30
24 29
26 41
3 23
31 34
33 40
33 39
17 27
13 29
18 27
19 20
27 44
25 35
25 40
3 31
25 34
20 35
9 34
39 40
1 27
28 40
20 39
12 39
12 31
