0 27
23 27
24 30
4 16
0 41
5 30
3 5
35 40
23 39
12 25
19 20
20 30
13 35
20 41
17 20
10 43
18 44
0 28
5 28
29 34
11 15
20 44
17 27
21 26
28 37
33 34
20 25
3 13
18 27
0 33
0 17
0 44
12 28
34 35
3 20
35 39
21 44
5 18
8 10
5 13
19 23
23 31
5 20
28 33
12 21
35 37
27 36
15 18
3 37
2 21
3 12
3 27
12 35
37 40
12 39
18 40
12 20
12 37
2 40
27 37
12 13
2 25
21 41
11 31
12 40
11 33
12 27
17 29
1 29
19 33
12 33
5 44
13 20
13 17
13 18
28 35
17 40
13 23
31 39
13 44
13 40
13 27
13 28
35 44
13 31
13 33
13 34
13 39
34 38
2 34
33 39
20 24
19 37
36 44
2 12
7 34
17 19
25 29
33 41
18 30
13 37
17 23
27 41
18 19
5 12
5 33
29 30
17 36
3 17
26 31
40 44
20 34
0 39
1 2
9 42
16 42
20 40
21 24
20 27
24 25
3 44
20 33
3 40
17 28
30 40
17 21
28 44
0 12
5 19
22 31
12 23
22 34
23 44
1 25
20 39
20 23
33 44
5 39
7 22
2 36
24 34
13 26
0 29
18 39
3 19
12 34
34 41
19 40
29 40
9 30
27 40
23 28
29 41
33 37
27 31
27 33
27 34
28 39
3 33
7 10
17 33
12 22
0 23
0 18
30 36
3 18
24 36
3 23
31 34
33 40
20 31
31 40
9 27
12 19
18 33
5 23
25 34
15 34
13 19
21 36
23 40
28 40
39 44
13 30
27 28
20 43
39 40
29 33
