21 34
5 23
26 43
4 42
23 28
0 27
29 33
0 17
19 39
5 33
0 20
12 30
5 27
19 33
21 25
25 36
27 28
0 18
29 30
5 40
1 12
35 41
3 27
12 16
10 21
24 29
27 39
3 13
12 17
5 39
0 5
21 44
39 40
26 27
34 37
33 39
24 35
5 18
20 35
5 13
19 20
21 30
13 35
12 23
9 34
3 39
23 27
5 37
3 20
2 24
0 23
30 40
39 44
1 42
40 41
13 30
12 20
11 13
18 39
12 34
12 13
0 44
20 31
17 20
12 40
9 31
12 27
2 20
3 18
15 22
12 33
23 39
13 20
13 17
13 18
3 28
33 36
13 23
28 40
13 44
13 40
13 27
13 28
3 44
13 31
13 33
13 34
13 39
23 31
5 44
3 33
17 40
12 31
17 36
9 10
28 37
34 36
29 41
29 40
24 25
20 23
7 38
15 25
18 20
12 25
0 33
17 19
18 37
12 39
30 33
28 33
2 19
28 44
17 33
12 19
5 20
20 40
12 18
20 27
3 35
20 22
20 33
3 23
1 31
23 41
11 29
17 28
17 18
0 13
22 31
23 35
22 34
23 44
21 28
12 24
27 37
34 40
5 7
20 44
11 26
24 34
37 40
16 43
17 37
2 33
10 34
7 41
28 35
17 44
2 30
27 40
19 44
36 40
29 36
27 31
27 33
27 34
2 41
40 44
3 40
3 12
33 37
19 37
0 40
12 44
25 34
27 36
21 33
31 34
33 40
34 41
19 30
8 34
25 27
18 23
0 28
2 21
20 39
33 44
15 30
17 31
3 19
18 28
18 19
29 39
35 40
13 29
20 34
