31 33
18 27
9 34
5 44
12 28
33 39
2 21
18 40
0 39
3 5
0 17
12 34
15 29
17 35
9 35
20 25
10 18
30 41
2 23
33 34
29 34
25 34
12 39
20 37
30 40
19 23
5 23
3 13
19 25
28 44
19 20
20 35
21 28
21 23
27 39
11 34
0 13
5 18
11 40
5 13
27 29
33 41
2 9
17 30
13 21
17 19
20 22
7 27
0 3
28 40
0 18
5 28
34 35
13 29
19 40
34 41
12 20
5 12
12 21
10 31
12 13
20 24
26 43
3 19
12 40
29 40
12 27
18 39
19 33
29 39
12 33
21 25
13 20
13 17
13 18
35 37
28 36
13 23
39 44
13 44
13 40
13 27
13 28
18 33
13 31
13 33
13 34
13 39
12 23
21 40
3 18
13 26
5 20
12 29
29 37
1 7
36 40
3 23
17 31
17 18
17 44
0 33
5 40
23 35
31 44
31 40
24 41
34 36
20 28
17 33
28 39
40 44
13 30
5 19
12 41
16 26
20 40
23 33
20 27
27 44
20 42
20 33
20 36
3 12
18 29
39 40
24 37
3 39
33 44
22 31
24 36
22 34
23 44
20 44
1 31
19 37
20 34
28 30
12 17
2 15
24 34
1 15
2 30
23 40
18 44
17 23
4 34
3 33
3 44
3 20
27 40
5 37
0 44
17 40
27 31
27 33
27 34
3 27
20 39
28 35
0 5
2 27
2 41
12 25
36 41
0 23
24 35
23 39
31 34
33 40
21 36
28 33
16 42
38 43
3 17
30 33
10 22
19 30
25 30
12 19
0 12
7 8
27 28
11 37
25 27
12 37
0 27
33 37
