2 33
1 5
8 9
5 44
12 28
20 39
25 40
18 20
0 40
3 39
17 39
34 40
19 30
35 39
22 40
18 30
1 26
35 41
2 34
20 34
17 28
25 34
12 39
33 37
21 40
19 23
5 23
3 13
3 19
17 37
0 20
12 18
28 44
21 23
27 39
7 41
0 13
5 18
24 40
5 13
24 29
23 25
20 25
5 30
13 35
19 28
11 22
1 27
5 28
28 40
0 18
25 37
34 35
29 34
2 19
33 41
12 20
5 12
12 21
26 31
12 13
12 44
21 28
29 39
12 40
29 33
12 27
39 44
19 33
33 39
12 33
24 36
13 20
13 17
13 18
37 40
3 36
13 23
0 39
13 44
13 40
13 27
13 28
31 33
13 31
13 33
13 34
13 39
23 33
20 35
3 18
10 13
5 33
20 29
29 30
15 37
19 40
3 23
5 17
17 20
31 44
0 33
12 34
21 44
17 23
5 20
2 21
33 44
20 28
17 19
3 29
40 44
13 37
18 19
20 42
20 26
20 40
20 23
20 27
27 44
30 40
20 33
15 31
3 12
27 37
17 40
25 41
3 31
35 36
22 31
27 36
22 34
23 44
37 41
7 34
18 27
12 31
17 18
12 17
23 28
24 34
9 42
11 29
23 40
18 44
0 17
4 34
3 33
3 44
3 20
27 40
13 30
19 44
40 41
27 31
27 33
27 34
3 27
18 39
28 35
0 5
2 24
2 41
16 43
25 27
0 23
21 24
23 39
31 34
33 40
34 36
28 33
9 34
38 43
17 33
12 30
10 35
0 30
10 16
36 37
0 12
7 11
27 28
12 36
2 15
12 29
19 27
21 30
