3 27
20 21
18 20
5 44
12 29
20 39
0 12
33 44
0 33
3 29
0 39
30 33
0 18
40 44
33 35
1 8
9 15
25 35
34 41
2 33
0 17
2 27
33 39
33 37
5 40
19 23
5 23
3 13
17 31
37 40
3 40
5 39
34 35
17 39
12 39
9 13
0 13
5 18
25 40
5 13
24 25
15 22
20 34
3 30
36 41
13 29
21 44
26 37
3 39
28 40
18 19
20 30
20 28
29 37
2 34
31 44
12 20
12 30
17 40
12 35
12 13
2 7
5 19
17 18
12 40
7 27
12 27
17 44
24 35
31 33
12 33
40 41
13 20
13 17
13 18
25 29
3 12
13 23
21 39
13 44
13 40
13 27
13 28
12 23
13 31
13 33
13 34
13 39
19 20
38 43
27 28
11 34
5 33
10 31
3 20
5 12
19 27
21 23
0 28
20 24
28 44
3 17
18 40
24 30
3 23
12 36
25 34
17 27
0 30
19 28
11 42
18 44
19 33
5 27
17 36
29 35
20 40
12 17
20 27
27 44
21 36
20 33
23 28
34 40
20 31
21 25
23 39
28 37
11 31
22 31
25 41
22 34
23 44
2 20
9 33
3 18
33 34
10 15
12 28
2 23
24 34
29 41
16 26
39 40
23 33
0 20
4 34
19 41
1 34
20 23
27 40
13 30
12 42
17 20
27 31
27 33
27 34
21 28
18 28
18 37
19 44
29 40
30 34
1 35
10 30
0 23
5 37
19 39
31 34
33 40
27 36
3 33
7 36
16 43
36 40
27 29
13 35
17 23
12 44
18 26
0 40
2 37
39 44
12 22
3 21
24 41
19 37
5 28
