3 21
25 27
0 2
5 29
21 40
20 39
0 12
33 44
0 33
3 39
27 39
12 39
0 5
4 43
13 29
5 26
1 37
5 39
3 23
40 44
17 27
17 36
10 33
21 44
5 40
19 23
5 23
3 13
1 29
19 33
28 40
3 5
10 31
13 19
17 39
0 37
13 21
5 18
12 18
5 13
24 41
30 37
0 44
28 44
21 34
9 31
1 41
36 37
17 28
20 37
0 18
20 30
17 20
11 35
2 34
23 31
12 20
23 40
22 33
12 29
12 13
39 40
10 27
17 21
12 40
12 36
12 27
3 44
24 35
12 41
12 33
17 40
13 20
13 17
13 18
11 13
28 37
13 23
12 21
13 44
13 40
13 27
13 28
2 12
13 31
13 33
13 34
13 39
7 36
9 38
19 39
25 37
40 43
27 41
20 28
28 33
0 40
21 23
18 30
18 27
23 28
3 35
25 29
5 19
3 30
24 40
0 17
17 19
20 44
19 28
9 26
18 23
18 33
19 40
17 18
27 29
20 40
3 12
20 27
27 44
0 39
20 33
27 28
33 34
12 34
25 35
3 33
2 36
35 36
22 31
29 35
22 34
23 44
3 37
2 35
3 40
18 20
16 42
23 39
20 35
24 34
11 34
26 34
18 28
23 33
2 24
8 34
20 29
34 41
5 20
27 40
29 40
20 36
5 28
27 31
27 33
27 34
17 33
12 28
7 15
19 44
33 37
13 30
25 41
15 22
12 23
0 30
25 34
31 34
33 40
31 33
20 41
30 40
15 42
20 34
18 44
25 44
17 23
7 16
12 31
19 27
30 34
39 44
3 20
2 33
24 30
12 19
31 39
