5 30
5 12
23 39
28 37
12 22
2 24
27 28
33 41
10 36
17 19
30 34
0 44
21 28
20 34
33 36
1 20
29 39
7 15
17 44
33 35
11 43
0 25
3 40
13 37
24 33
23 40
18 44
3 13
25 34
9 31
0 13
23 36
0 40
21 25
22 26
20 41
40 44
5 18
24 25
5 13
18 37
19 39
30 37
21 44
2 25
18 39
2 27
34 36
11 16
17 40
7 27
0 5
27 29
3 44
23 31
33 34
12 20
21 29
42 43
20 42
12 13
19 20
15 37
39 40
12 40
18 40
12 27
12 39
10 34
28 33
12 33
17 28
13 20
13 17
13 18
27 41
17 35
13 23
28 40
13 44
13 40
13 27
13 28
33 44
13 31
13 33
13 34
13 39
12 18
23 33
34 41
35 40
8 34
20 28
18 23
3 5
12 19
17 41
9 35
12 44
21 34
12 31
5 44
12 30
2 30
2 12
12 29
16 38
13 30
18 19
20 29
0 27
36 37
3 18
3 35
35 41
20 40
24 30
20 27
27 44
2 20
20 33
5 33
5 27
33 37
0 29
0 12
34 40
3 39
22 31
23 35
22 34
23 44
19 28
3 23
3 20
26 31
3 12
39 44
4 7
24 34
5 17
11 13
1 34
25 41
0 28
18 33
12 17
19 29
2 26
27 40
15 29
27 39
19 23
27 31
27 33
27 34
5 28
1 18
31 33
20 44
37 40
3 33
21 24
0 23
19 40
12 28
21 40
31 34
33 40
31 39
17 30
19 33
20 25
3 17
17 20
3 27
13 21
9 10
17 23
5 19
23 28
0 39
29 36
20 39
35 36
20 37
30 40
