0 28
27 44
1 35
4 34
12 37
28 30
20 39
5 20
39 44
2 33
0 40
1 40
18 44
12 35
17 20
26 31
17 44
30 33
17 23
15 29
15 34
12 34
28 31
9 27
18 33
37 41
25 41
3 13
12 25
21 25
3 19
28 29
17 18
12 21
3 20
27 37
21 23
5 18
34 40
5 13
19 33
23 31
5 23
33 44
18 28
23 35
0 29
29 30
27 39
12 23
3 12
3 27
2 37
19 40
20 30
24 30
12 20
22 40
17 40
12 41
12 13
5 33
27 36
20 36
12 40
5 7
12 27
5 28
13 37
19 20
12 33
30 41
13 20
13 17
13 18
35 37
29 39
13 23
0 39
13 44
13 40
13 27
13 28
19 44
13 31
13 33
13 34
13 39
25 34
10 41
18 37
20 28
12 19
28 44
34 36
40 44
5 19
2 3
17 28
28 33
7 11
3 39
3 40
0 5
5 29
25 27
13 30
20 44
12 17
26 34
28 40
18 40
19 36
21 36
9 37
10 22
20 40
21 24
20 27
1 13
3 44
20 33
21 39
17 33
2 24
24 41
5 27
0 27
18 19
22 31
36 40
22 34
23 44
25 44
35 39
12 24
12 30
3 17
17 35
19 29
24 34
10 31
9 38
13 21
17 27
20 29
2 34
20 37
23 40
18 20
27 40
20 21
35 41
5 39
27 31
27 33
27 34
2 25
3 33
11 15
7 42
20 43
0 44
31 40
0 33
17 19
0 3
3 23
31 34
33 40
31 33
33 34
8 42
0 23
18 23
18 39
11 16
2 40
0 13
34 35
12 29
12 28
23 39
30 34
33 39
16 43
26 36
23 33
