12 34
0 20
23 31
25 29
39 40
2 41
27 28
22 40
2 27
0 40
20 29
0 27
23 39
37 40
12 39
16 38
28 29
1 31
3 44
13 30
26 42
29 33
3 12
5 30
17 33
18 23
18 39
3 13
35 44
9 27
5 19
36 41
12 16
1 26
10 34
8 11
2 33
5 18
0 12
5 13
1 29
31 39
23 28
23 27
12 41
20 23
23 41
13 21
11 36
17 40
7 34
33 39
29 30
5 33
5 39
20 21
12 20
24 37
42 43
13 37
12 13
18 40
27 36
15 37
12 40
18 33
12 27
24 35
20 28
28 33
12 33
12 25
13 20
13 17
13 18
25 40
39 44
13 23
19 39
13 44
13 40
13 27
13 28
12 44
13 31
13 33
13 34
13 39
25 35
2 12
21 36
9 20
11 43
17 20
3 27
24 25
20 36
5 20
17 37
20 44
3 21
17 41
5 23
2 24
0 23
12 21
19 25
4 34
12 30
5 27
20 34
0 18
24 33
3 35
17 39
0 44
20 40
28 37
20 27
17 44
18 44
20 33
19 33
19 37
34 36
9 31
0 33
33 34
3 33
22 31
34 35
22 34
23 44
3 19
3 23
12 28
5 40
0 17
0 39
27 37
24 34
3 18
13 15
10 22
0 29
25 34
18 28
5 29
17 18
18 19
27 40
7 26
3 28
19 23
27 31
27 33
27 34
28 44
30 35
28 35
40 44
35 40
3 17
5 7
33 44
13 19
2 34
31 40
31 34
33 40
17 19
19 40
30 36
34 37
3 20
20 39
17 27
12 31
20 30
2 21
29 41
30 40
10 21
15 41
28 40
21 44
30 33
12 23
