18 20
7 27
23 31
2 29
12 34
35 41
29 33
23 40
7 42
12 31
0 30
19 29
39 40
20 30
3 20
16 38
20 41
8 9
10 30
23 28
9 22
11 35
13 37
5 39
17 33
17 40
36 41
3 13
21 23
9 37
0 5
3 18
11 43
1 34
18 23
3 29
39 44
5 18
12 19
5 13
10 41
3 27
27 41
2 44
7 31
25 40
28 40
20 31
15 31
17 23
12 30
18 39
5 29
12 28
3 40
20 44
12 20
33 41
16 43
20 39
12 13
24 37
2 37
33 39
12 40
0 33
12 27
37 40
17 20
40 44
12 33
35 40
13 20
13 17
13 18
20 23
23 39
13 23
17 37
13 44
13 40
13 27
13 28
19 44
13 31
13 33
13 34
13 39
5 33
29 34
2 24
21 44
2 30
12 17
3 31
10 12
12 36
2 33
3 19
12 39
18 28
17 27
12 21
33 34
0 18
5 15
2 40
4 34
3 17
25 27
5 12
19 23
13 19
25 28
20 28
0 36
20 40
12 18
20 27
0 17
18 44
20 33
28 33
5 30
18 33
23 27
0 20
26 34
3 35
22 31
34 35
22 34
23 44
19 28
3 23
25 36
19 20
5 28
21 39
13 30
24 34
27 28
1 26
1 36
0 40
30 35
5 27
33 44
19 39
34 41
27 40
0 39
3 44
12 23
27 31
27 33
27 34
28 44
24 25
13 15
22 40
13 21
29 40
18 19
5 44
29 30
25 34
24 40
31 34
33 40
17 28
0 44
11 26
21 33
25 35
33 37
17 39
20 34
20 42
34 36
21 36
0 27
12 37
17 21
27 29
24 35
3 37
19 33
