40 44
11 21
23 31
0 44
34 40
26 34
12 19
16 33
20 44
0 12
2 30
3 44
21 36
5 20
12 30
1 42
33 34
22 26
11 31
17 28
30 40
15 36
20 25
12 39
3 17
22 40
5 37
3 13
34 35
5 23
0 18
17 35
9 34
1 43
18 23
13 29
3 20
5 18
7 10
5 13
13 15
12 28
1 9
28 33
26 27
33 44
5 12
17 33
20 31
24 29
23 40
21 39
12 37
3 25
21 33
0 29
12 20
3 19
16 42
20 39
12 13
17 18
2 36
18 29
12 40
19 40
12 27
2 40
23 39
31 33
12 33
23 33
13 20
13 17
13 18
3 33
5 17
13 23
3 39
13 44
13 40
13 27
13 28
23 35
13 31
13 33
13 34
13 39
10 29
33 35
17 44
19 44
12 15
3 18
2 27
12 36
20 41
2 24
19 27
3 12
0 39
17 23
20 37
30 34
19 39
18 27
37 40
4 34
17 20
25 34
12 41
13 19
0 5
7 25
27 28
29 36
20 40
20 23
20 27
39 40
18 44
20 33
28 44
0 20
13 30
18 33
18 19
10 38
27 39
22 31
35 36
22 34
23 44
39 44
3 23
24 41
5 33
20 28
21 28
25 27
24 34
27 30
25 44
19 41
0 40
28 37
0 37
27 44
3 40
34 41
27 40
19 28
31 39
5 9
27 31
27 33
27 34
3 5
37 41
7 31
21 23
13 35
28 40
8 43
5 40
35 37
12 35
19 20
31 34
33 40
0 28
2 41
2 21
11 37
29 40
12 25
17 30
20 34
12 17
28 30
34 36
0 23
29 33
18 39
17 27
21 24
29 30
24 33
