0 33
1 9
23 31
0 27
19 40
2 26
12 19
21 33
20 30
12 37
27 29
3 44
2 21
18 20
12 30
11 22
12 34
1 27
18 39
17 21
28 33
15 31
3 17
12 39
0 17
34 40
33 39
3 13
34 35
19 23
0 18
3 40
12 26
10 43
18 23
28 37
3 33
5 18
7 41
5 13
21 23
33 35
15 21
33 37
1 42
20 35
18 27
15 30
0 20
30 40
5 20
3 35
5 30
35 36
20 44
0 29
12 20
19 44
16 42
20 39
12 13
17 23
25 34
2 30
12 40
0 40
12 27
25 33
3 18
31 33
12 33
23 33
13 20
13 17
13 18
24 40
5 9
13 23
17 39
13 44
13 40
13 27
13 28
7 34
13 31
13 33
13 34
13 39
28 29
40 44
17 44
5 44
24 37
3 5
2 40
12 36
20 34
24 36
12 29
3 12
35 41
23 28
19 30
3 23
17 19
11 13
29 37
4 34
3 20
29 33
12 41
0 13
5 19
9 34
17 27
27 36
20 40
20 31
20 27
39 40
18 44
20 33
28 44
20 22
13 37
12 23
18 19
7 38
27 39
22 31
2 25
22 34
23 44
0 44
5 29
2 24
5 40
20 28
5 28
25 37
24 34
0 12
13 29
27 41
23 40
30 41
19 39
27 44
3 27
40 41
27 40
19 28
3 39
10 31
27 31
27 33
27 34
18 28
23 25
10 26
35 44
21 28
31 39
8 43
5 33
11 29
21 30
19 36
31 34
33 40
0 28
12 25
2 28
13 35
25 36
34 41
17 33
16 20
17 20
33 44
34 36
23 39
12 17
37 39
17 40
21 24
34 37
18 40
