0 33
7 38
23 31
19 36
3 33
2 35
3 17
11 25
3 40
12 37
13 29
3 20
2 27
20 41
2 40
0 29
12 34
1 31
3 18
17 27
23 40
15 29
3 25
12 28
0 18
22 33
33 39
3 13
21 34
0 23
0 5
34 40
20 39
11 34
5 29
30 40
19 33
5 18
34 41
5 13
21 44
36 40
9 35
19 29
24 41
17 39
5 27
22 26
19 20
3 44
20 29
35 39
12 18
2 21
33 44
13 26
12 20
19 44
16 42
31 40
12 13
17 23
15 26
36 41
12 40
0 40
12 27
18 33
5 39
20 36
12 33
33 35
13 20
13 17
13 18
12 24
1 9
13 23
17 18
13 44
13 40
13 27
13 28
18 39
13 31
13 33
13 34
13 39
21 28
7 42
17 30
5 44
2 37
28 44
34 36
5 23
33 34
24 36
34 37
12 30
10 34
23 28
24 30
3 23
17 20
11 27
7 31
4 34
17 19
37 40
12 19
0 13
5 33
30 37
28 30
27 41
20 40
31 33
20 27
18 40
18 44
20 33
28 39
17 31
15 37
16 33
12 39
9 20
3 27
22 31
19 27
22 34
23 44
0 44
5 20
1 2
18 30
28 33
20 28
25 34
24 34
0 12
13 30
17 37
20 23
20 30
0 3
23 27
27 39
28 40
27 40
19 28
5 10
10 43
27 31
27 33
27 34
5 28
23 25
29 36
35 44
20 44
39 44
8 43
33 41
27 29
21 29
25 41
31 34
33 40
0 28
21 25
2 12
13 35
20 37
40 44
12 17
12 23
3 35
12 35
25 37
23 39
3 12
19 39
17 40
21 24
21 40
18 19
