20 34
5 23
15 41
4 42
33 44
0 40
37 40
24 40
17 39
5 12
12 28
12 30
18 44
19 20
17 23
12 25
27 39
12 18
25 40
3 27
7 31
41 44
3 19
11 37
10 36
11 16
2 34
3 13
9 20
18 26
19 23
24 37
25 27
1 15
7 29
12 43
21 24
5 18
21 39
5 13
0 12
18 37
27 44
12 31
19 28
17 33
0 44
18 40
17 40
17 21
0 17
20 29
12 39
3 40
27 29
13 30
12 20
33 41
5 27
20 36
12 13
13 21
28 30
20 39
12 40
10 13
12 27
3 5
3 37
19 33
12 33
20 23
13 20
13 17
13 18
23 28
20 35
13 23
28 40
13 44
13 40
13 27
13 28
35 44
13 31
13 33
13 34
13 39
23 39
0 5
29 37
33 39
40 44
17 19
10 34
3 33
5 40
27 41
3 18
21 29
23 40
5 28
1 35
5 33
18 30
9 16
5 19
9 38
27 28
12 22
20 31
17 28
39 44
21 25
3 30
12 34
20 40
21 40
20 27
39 40
28 44
20 33
34 41
23 35
25 30
2 33
28 39
13 29
0 13
22 31
2 21
22 34
23 44
36 37
35 41
24 25
15 27
17 35
17 44
34 37
24 34
2 20
29 33
33 37
19 44
26 34
2 41
2 28
31 44
30 40
27 40
12 19
30 36
1 11
27 31
27 33
27 34
24 36
33 35
28 33
20 30
12 23
0 3
0 20
23 33
2 36
3 20
3 23
31 34
33 40
25 34
0 27
8 34
7 22
18 23
0 29
0 36
34 35
19 29
17 20
5 17
31 39
3 12
18 19
18 39
42 43
26 31
33 34
