30 65
36 46
35 47
41 54
47 81
36 89
2 21
39 77
21 39
36 41
23 77
35 45
22 92
22 87
28 88
42 74
8 31
42 65
10 45
56 66
1 32
9 32
13 87
52 59
36 59
7 17
32 46
6 12
52 65
35 43
78 80
52 83
57 63
14 43
28 30
23 36
37 50
49 52
45 71
32 42
36 40
40 48
30 57
13 93
54 65
36 91
35 61
36 62
31 78
5 36
21 36
71 81
8 95
30 45
23 43
43 58
35 54
72 83
32 62
68 73
5 46
32 35
32 36
23 69
3 41
2 52
18 32
2 54
26 35
51 64
35 36
32 72
40 54
1 23
36 39
18 36
7 50
2 16
42 58
6 85
17 52
31 58
35 53
36 86
41 86
41 55
1 43
19 82
19 25
54 94
35 57
4 92
13 36
32 77
23 63
28 48
36 43
58 81
19 29
67 93
29 73
14 18
32 70
13 40
38 48
35 73
10 46
19 30
2 88
5 77
36 52
26 64
10 77
46 94
47 90
35 76
43 55
31 77
18 76
35 79
48 57
14 68
40 91
42 77
