18 57
31 35
36 59
35 63
52 73
35 41
13 32
10 54
22 32
7 36
18 41
2 35
39 63
57 83
17 68
46 71
3 40
77 92
10 62
37 94
52 91
21 77
35 78
35 65
5 14
43 77
36 65
36 94
43 54
7 50
28 45
30 71
22 29
39 88
5 81
43 47
53 80
43 48
19 23
16 30
43 70
23 59
1 18
17 57
30 46
38 78
52 93
32 65
31 58
35 43
46 77
10 31
19 86
73 77
49 52
46 86
32 50
14 36
32 54
5 36
29 74
1 42
32 36
13 41
51 66
40 72
35 47
36 92
36 54
6 13
35 36
26 45
21 41
64 91
2 40
32 69
54 90
40 58
28 54
36 76
12 72
23 32
48 52
40 45
36 52
58 89
36 42
81 93
55 79
2 23
32 47
35 42
6 9
19 36
42 45
36 62
18 30
36 46
43 52
58 85
30 35
21 26
28 82
23 41
14 56
23 77
68 87
36 57
1 64
32 87
48 83
81 95
4 25
8 73
2 32
35 88
8 67
55 76
61 77
13 42
36 39
31 65
19 35
2 48
