42 45
13 93
6 81
9 59
36 68
48 92
47 65
30 35
42 43
41 82
36 43
36 83
32 77
31 52
8 62
2 58
35 57
35 46
4 23
13 32
23 92
14 22
65 80
7 14
36 57
50 86
46 77
73 88
68 94
6 54
8 35
5 71
32 48
2 77
21 76
43 57
12 35
17 35
7 78
17 61
3 29
28 90
53 56
40 66
87 89
21 50
39 65
32 40
36 42
18 91
36 64
54 63
77 83
28 36
46 52
32 52
10 42
32 62
13 39
23 77
23 47
52 81
32 36
41 88
51 54
25 72
19 36
2 35
18 32
36 48
35 36
18 42
1 95
30 37
13 49
23 85
59 79
48 58
1 36
43 77
35 58
43 70
54 73
21 29
43 52
52 77
14 35
40 87
35 54
2 36
40 63
18 35
36 93
23 45
55 73
19 57
45 81
30 72
36 65
36 58
2 41
36 91
26 86
19 47
32 55
26 43
5 78
67 94
22 35
31 36
5 10
30 54
32 71
16 38
40 41
39 46
31 69
32 74
1 45
31 41
28 52
19 30
10 46
64 76
