32 39
45 57
36 68
52 87
21 28
37 70
41 55
1 78
31 36
7 86
45 93
43 76
61 88
8 36
23 72
7 68
65 66
50 85
41 42
77 92
16 19
28 30
74 77
22 32
10 58
39 90
19 47
18 36
73 80
35 57
30 45
52 64
2 41
32 46
17 21
42 65
13 18
10 35
29 81
32 92
36 40
13 36
72 77
21 79
36 89
52 54
14 35
36 76
31 77
17 36
12 71
23 36
32 47
19 35
14 28
35 77
8 48
54 62
50 56
23 57
41 48
42 43
32 36
13 29
18 46
1 36
35 49
36 41
14 81
1 52
35 36
67 69
58 65
43 52
32 43
32 86
19 73
30 46
35 59
2 63
2 45
25 64
32 48
23 31
35 43
36 52
3 54
36 71
53 57
6 26
35 40
9 81
36 73
35 52
32 54
23 82
46 59
62 77
58 78
30 40
5 88
22 77
38 46
10 43
51 91
2 48
5 40
40 63
83 95
35 94
31 32
13 30
2 36
6 18
39 42
35 55
4 65
47 94
23 54
42 83
26 91
5 93
43 54
58 87
