36 43
46 65
14 73
50 73
54 87
12 22
18 32
14 91
1 16
28 40
43 74
19 83
43 94
32 43
35 55
5 8
22 30
2 46
62 88
3 77
13 36
1 65
4 93
48 59
35 76
36 72
31 52
30 92
35 42
35 41
64 86
5 36
6 42
30 39
54 70
36 62
46 48
45 82
35 90
14 54
35 58
9 41
72 81
39 85
35 50
40 41
36 56
28 41
35 71
40 46
23 77
17 36
69 91
23 30
77 94
35 77
52 55
6 81
13 43
10 32
1 57
36 40
32 36
26 54
36 46
43 57
7 21
36 54
28 42
32 78
35 36
13 52
31 53
36 66
48 52
36 57
23 80
39 40
5 31
32 68
42 57
45 93
10 65
21 83
32 76
19 32
36 48
45 47
8 35
18 37
17 32
2 23
87 92
35 52
7 18
52 58
81 89
2 52
2 30
36 77
29 95
41 68
63 67
19 51
10 38
35 54
26 49
36 65
29 31
42 45
25 61
21 78
13 77
32 59
71 77
73 88
23 58
18 63
58 79
32 47
2 64
47 86
23 36
19 43
