65 77
73 77
17 85
10 13
66 78
35 76
26 43
57 64
45 47
1 5
1 79
40 95
36 62
32 43
7 35
16 35
17 26
54 88
52 77
10 43
36 87
30 86
8 18
7 32
31 32
31 36
63 72
19 76
5 25
36 53
36 65
13 36
28 81
37 94
31 35
52 83
41 70
48 77
14 32
57 58
32 46
51 80
30 59
73 91
40 48
36 43
19 23
65 88
32 86
2 14
43 56
39 92
35 41
72 83
40 71
42 52
2 18
29 40
18 43
13 45
22 59
4 30
32 36
52 54
36 40
3 39
6 36
36 54
32 64
38 48
35 36
19 35
21 68
41 52
58 61
81 89
31 67
2 10
21 36
32 57
54 78
13 14
19 42
32 63
35 94
41 42
32 39
2 54
35 81
58 93
28 93
1 21
45 46
23 35
22 46
50 77
5 92
43 46
29 47
18 91
30 36
55 71
49 69
35 52
8 47
35 54
35 68
23 58
48 82
36 42
36 90
2 42
41 46
23 55
50 62
57 77
6 77
65 73
52 74
9 12
23 87
28 30
23 36
36 45
