2 18
1 35
32 77
36 91
51 54
23 71
40 72
43 59
8 21
28 66
36 40
35 80
21 36
17 22
35 81
8 40
48 58
2 29
35 54
35 83
46 87
48 68
41 59
10 64
29 35
32 92
32 43
28 47
42 62
47 86
36 46
12 73
1 45
4 89
53 93
32 39
43 61
16 58
25 73
14 40
77 93
23 76
1 43
18 41
19 52
36 77
62 73
54 58
45 50
41 88
36 56
32 52
13 42
6 91
30 41
46 95
19 92
35 72
43 77
5 57
21 39
46 63
32 36
10 35
36 65
19 30
2 52
36 43
9 54
13 23
35 36
19 41
31 54
32 81
13 22
17 32
48 63
30 86
36 69
13 77
5 36
35 45
7 57
7 28
31 88
65 94
14 52
52 77
10 55
23 32
18 71
42 49
14 26
23 35
36 87
43 82
40 50
6 42
5 30
47 85
36 39
58 65
52 81
77 83
36 57
3 76
2 32
31 36
35 57
64 94
46 52
2 31
18 36
32 45
30 74
26 54
68 78
70 78
23 55
38 67
65 90
35 48
37 79
36 42
