32 90
57 62
32 77
70 73
57 83
30 92
2 93
2 35
28 42
30 95
36 40
32 93
46 82
19 76
31 69
35 54
10 22
3 21
36 52
46 58
36 57
7 87
26 54
41 52
23 43
50 77
42 78
16 36
4 54
37 86
18 46
13 81
36 50
29 62
23 28
35 48
2 36
2 6
73 94
14 35
17 41
36 65
2 30
14 89
18 31
13 21
49 65
43 86
36 39
29 92
18 40
32 52
41 58
26 52
19 36
6 53
35 47
35 88
41 43
5 61
36 91
43 83
32 36
10 35
43 48
64 91
39 54
36 77
63 87
1 52
35 36
80 94
35 51
32 81
32 45
46 85
1 35
19 64
12 19
46 71
22 57
32 43
54 77
42 66
14 47
40 47
8 77
52 77
7 17
23 32
55 56
32 72
28 31
23 35
23 67
58 77
21 52
1 48
5 43
35 71
54 88
8 63
36 68
45 74
78 81
18 25
32 40
5 79
10 65
9 23
39 59
42 45
30 76
45 68
40 48
35 72
13 41
36 58
30 36
31 65
36 38
13 55
59 73
36 42
