35 78
10 52
50 92
22 35
18 32
41 82
12 94
2 36
68 95
21 85
36 43
6 21
46 54
13 77
3 57
35 54
5 39
17 48
36 77
36 62
36 81
1 64
52 65
41 57
37 73
2 74
43 69
31 77
32 59
40 57
13 32
54 86
23 35
47 77
32 58
19 66
36 42
36 58
32 47
35 41
28 40
7 91
46 78
43 72
2 41
52 77
59 87
10 58
31 87
19 76
31 36
35 72
30 71
14 41
64 67
26 36
5 88
18 52
28 39
32 76
23 77
1 45
32 36
36 57
42 79
36 40
23 32
4 28
47 56
16 45
35 36
19 36
31 92
43 53
36 48
2 55
36 94
19 48
38 48
54 91
46 90
14 35
62 83
13 73
32 68
43 80
29 93
26 50
32 89
10 36
52 81
40 88
22 54
35 63
17 83
18 65
51 58
8 40
2 35
30 65
45 52
42 46
39 86
35 43
1 29
6 14
42 45
36 73
46 63
7 30
43 70
18 61
13 81
5 23
8 77
21 71
30 35
52 54
32 42
25 35
30 93
9 23
23 55
49 65
