48 54
40 43
1 71
19 35
5 78
36 57
36 77
32 65
10 16
31 36
31 86
41 92
30 91
36 40
54 85
1 8
14 28
25 61
35 59
68 74
7 30
18 54
35 52
64 77
3 77
32 46
23 30
32 81
22 54
48 73
5 89
86 95
36 47
30 81
18 46
35 47
38 55
58 62
5 50
29 49
13 32
59 78
23 69
2 4
35 72
39 57
18 30
13 36
42 76
10 45
36 94
35 90
22 57
43 52
28 76
41 83
2 82
10 88
39 55
36 42
43 63
32 80
32 36
19 43
19 40
1 36
46 50
2 65
12 64
35 62
35 36
13 21
31 72
48 58
9 68
29 87
19 36
14 70
32 92
45 56
32 77
67 87
32 42
65 71
26 32
52 53
41 91
31 51
28 48
35 45
2 73
57 93
52 77
35 40
8 43
23 43
46 47
35 41
6 36
36 65
43 46
58 77
2 41
23 73
36 52
21 32
45 81
35 54
18 26
17 88
37 52
14 36
17 36
7 23
54 58
6 23
40 42
35 94
39 77
52 63
42 83
21 36
13 66
79 93
