18 36
21 29
30 47
1 62
58 88
31 65
36 77
32 81
73 93
13 36
41 65
36 43
36 86
23 52
40 41
36 57
35 42
36 92
41 48
19 57
36 58
1 48
37 46
12 52
32 45
32 40
10 36
35 86
19 55
31 47
5 8
36 71
18 23
62 77
2 81
13 43
40 50
10 95
43 57
52 87
30 65
19 64
35 85
42 83
13 23
35 48
39 73
10 54
22 41
9 91
25 26
32 63
30 32
43 72
23 45
8 50
32 82
2 72
52 74
36 54
3 17
32 69
32 36
54 77
42 78
28 36
38 59
5 43
36 46
16 49
35 36
35 53
6 79
14 39
4 66
48 56
2 42
26 31
23 28
7 65
32 77
63 93
7 57
35 43
23 36
54 81
18 43
28 80
59 77
46 47
19 89
5 64
6 94
40 46
21 45
22 32
31 52
52 54
46 88
29 35
70 77
2 76
36 68
58 67
21 91
30 90
14 35
35 54
13 78
17 36
42 87
14 51
68 94
18 61
39 40
45 76
58 73
35 41
83 92
30 77
1 2
32 52
35 55
35 71
