13 36
2 18
50 76
1 57
35 49
36 64
2 32
16 32
13 65
36 77
71 95
36 43
32 67
46 63
28 62
30 45
19 31
22 46
13 77
21 77
18 93
32 46
77 94
42 55
78 91
72 92
38 86
41 77
12 43
9 65
70 79
36 65
17 57
29 36
32 43
36 41
21 45
39 90
40 93
7 92
14 36
22 88
35 47
39 54
35 58
5 52
69 73
35 80
40 87
30 52
2 86
59 64
36 83
6 52
21 54
52 58
35 73
35 77
6 19
36 54
31 35
5 36
32 36
17 28
39 62
43 47
46 81
7 26
47 56
3 10
35 36
23 25
31 53
52 57
45 82
36 72
36 48
40 48
19 40
32 41
65 73
31 58
10 51
48 71
23 36
58 78
30 32
23 81
43 59
14 54
2 68
13 81
35 42
23 68
42 43
36 55
23 41
4 46
29 35
8 14
1 77
32 48
26 74
18 43
23 42
50 57
19 88
30 54
1 18
35 61
36 66
40 54
87 89
28 32
10 30
35 76
52 91
41 45
2 83
42 94
63 85
37 52
32 35
5 8
