3 32
45 91
66 86
14 41
31 39
48 64
32 58
2 40
36 94
7 36
8 22
10 29
35 57
32 41
5 13
61 82
6 19
1 81
29 72
5 77
35 65
4 54
17 32
35 52
10 48
8 73
10 52
23 51
14 19
35 43
35 47
26 37
71 76
18 69
30 43
31 81
36 41
71 73
47 93
17 30
46 59
36 52
31 54
35 38
50 92
23 36
49 56
53 87
36 67
18 22
54 90
78 85
45 68
36 88
1 32
21 64
19 59
36 39
14 32
40 62
42 94
32 95
32 36
42 77
35 89
19 46
16 72
26 58
36 54
23 86
35 36
50 74
28 77
35 76
13 52
31 93
41 43
80 92
32 47
30 40
2 36
9 12
23 57
39 55
36 43
23 40
25 28
18 54
13 30
2 42
46 55
43 65
42 48
32 77
35 88
18 91
35 58
48 77
28 36
36 68
7 45
42 87
6 36
35 46
21 57
77 78
40 65
52 58
43 79
45 73
36 65
63 81
35 77
1 52
36 63
57 83
43 46
2 52
2 62
21 32
41 70
30 54
13 83
5 23
