13 36
48 57
40 45
58 88
35 83
77 92
2 32
25 50
48 52
36 77
30 87
36 52
32 49
22 41
65 94
26 36
1 77
46 54
32 41
40 42
29 35
32 40
42 86
36 62
4 71
39 55
55 91
9 45
2 77
41 58
35 80
36 57
54 62
12 42
10 40
2 36
5 63
87 93
28 45
17 64
36 53
23 66
7 47
29 57
35 46
31 46
30 81
1 23
92 95
26 77
42 54
52 68
16 43
36 64
6 8
13 35
18 32
32 37
68 88
36 54
28 61
23 31
32 36
38 46
39 72
14 43
39 90
65 77
73 85
5 77
35 36
48 82
81 93
21 43
54 86
36 89
54 81
48 78
7 43
14 41
10 35
2 30
47 58
31 42
23 36
74 83
30 32
18 79
63 91
17 32
2 10
5 76
30 73
35 52
13 19
14 28
19 36
35 56
36 65
6 18
1 35
32 43
43 52
23 65
52 59
8 94
43 71
69 70
31 47
36 78
18 35
40 41
73 76
3 57
22 50
21 45
21 58
59 72
19 35
36 67
46 52
13 51
32 35
19 23
