2 30
36 89
35 65
18 39
8 38
6 36
36 86
14 48
41 52
36 43
43 76
32 43
45 81
36 71
22 87
50 78
23 88
77 93
35 55
46 58
51 85
32 40
52 54
6 18
4 35
36 77
14 95
17 64
31 54
19 59
47 68
36 57
7 52
52 57
43 73
46 70
10 30
55 63
26 35
48 65
35 49
10 28
13 32
16 32
35 42
41 77
39 69
13 64
28 46
5 37
30 40
13 65
23 61
2 17
40 74
1 23
36 53
22 66
35 76
36 54
10 73
29 67
32 36
2 32
9 45
13 50
48 57
26 62
54 71
21 52
35 36
5 83
77 87
47 54
43 59
3 81
19 77
73 77
48 88
45 46
31 79
43 91
68 92
35 58
23 36
36 63
21 35
80 93
28 41
36 58
14 42
8 41
52 86
35 77
41 43
2 23
21 45
18 56
7 19
31 36
1 35
32 52
31 46
23 62
78 81
18 32
2 91
30 82
57 94
47 94
25 72
32 58
39 40
42 90
1 32
42 83
30 36
12 36
40 65
5 54
29 42
72 92
32 35
19 36
