35 65
55 77
31 45
19 41
73 77
30 65
42 54
36 40
10 35
13 23
12 59
32 77
6 57
45 52
40 47
30 50
39 83
36 39
47 67
4 30
28 36
43 82
19 86
32 43
54 76
29 64
36 88
13 87
13 32
28 35
35 48
30 36
17 42
1 63
65 92
17 91
5 43
40 58
52 85
2 28
26 38
69 88
19 32
7 54
58 89
35 43
14 36
43 48
6 52
32 46
32 83
32 61
21 43
13 66
47 73
86 94
14 57
18 63
14 73
36 54
41 46
41 57
32 36
23 50
42 64
40 52
35 59
42 52
36 93
35 52
35 36
46 52
1 41
37 74
36 87
31 71
18 31
68 95
3 23
42 48
5 35
36 76
36 43
16 36
23 36
26 36
8 65
81 91
18 77
46 56
18 48
71 79
35 78
23 93
32 41
2 40
21 80
31 32
5 92
22 58
68 77
45 58
36 70
9 53
21 57
46 77
23 49
29 62
2 19
78 81
39 54
22 62
7 77
2 8
10 72
45 72
51 55
10 36
25 81
30 90
1 54
2 35
32 35
35 94
