23 70
25 94
32 77
52 77
18 94
36 66
21 61
23 35
32 52
9 12
2 32
59 87
5 30
45 85
37 41
30 83
36 52
6 46
36 86
45 76
43 58
13 91
35 42
19 42
19 36
29 36
30 57
45 74
48 81
43 46
38 40
31 76
23 81
36 93
21 52
14 77
59 78
31 52
19 64
36 51
3 40
36 50
23 69
13 32
40 54
47 52
18 77
13 41
67 77
28 58
47 57
10 92
1 36
35 40
29 48
62 87
4 43
32 54
14 22
35 54
10 47
7 23
32 36
18 42
6 68
2 73
32 62
28 42
19 77
65 91
35 36
21 92
82 95
39 41
46 73
10 50
36 72
36 81
48 58
35 63
43 71
1 57
42 55
1 49
36 54
72 88
8 18
30 73
43 64
36 83
2 46
26 48
32 68
8 35
30 55
5 14
79 80
36 41
31 43
31 35
40 93
39 88
2 16
36 45
32 86
23 65
22 71
26 57
2 13
35 77
63 78
35 53
7 35
5 46
41 54
28 36
39 43
89 90
54 58
17 65
35 52
17 56
32 35
32 65
