54 92
21 93
50 57
32 77
14 35
10 48
57 89
47 49
40 41
32 42
5 23
5 18
52 77
17 19
36 40
14 78
23 40
29 69
29 45
28 81
35 77
23 35
43 94
52 54
19 21
47 48
58 92
2 64
36 42
23 77
36 46
32 53
59 82
13 87
36 41
81 93
45 94
37 38
30 67
1 43
43 47
56 83
63 65
10 26
78 81
28 95
62 85
48 87
41 52
18 86
4 68
51 65
25 30
30 36
32 41
6 55
35 71
54 77
22 62
18 57
58 79
32 35
32 36
59 80
30 32
19 45
35 46
13 55
35 43
31 74
35 36
10 88
58 76
14 36
13 63
31 65
57 73
39 52
43 46
42 43
2 66
48 68
50 91
35 64
19 72
42 86
8 39
7 36
71 90
2 46
36 77
31 45
41 77
16 65
36 39
1 30
6 36
18 73
35 52
28 70
23 32
36 43
26 61
2 36
32 54
3 13
1 36
36 52
35 54
8 31
23 36
5 35
36 54
42 46
9 73
58 72
2 35
17 21
76 88
32 40
40 52
7 32
83 91
12 22
