2 74
3 30
10 73
32 77
64 67
23 43
18 36
36 65
21 41
23 40
2 46
5 92
35 42
17 78
7 81
19 56
58 93
58 91
38 50
8 51
35 77
53 93
2 5
10 32
14 47
30 77
71 81
41 59
35 46
41 57
39 81
32 52
32 43
45 58
31 85
61 79
35 87
35 48
21 73
14 78
30 83
32 54
29 71
22 36
13 32
6 48
36 48
43 52
36 42
52 77
31 50
4 46
47 94
1 68
35 65
1 88
35 43
35 86
8 87
57 76
23 36
32 35
32 36
23 32
18 22
29 65
25 47
5 13
48 62
68 88
35 36
42 54
26 63
89 90
9 55
41 45
45 57
36 40
2 41
49 69
46 57
19 73
63 64
1 59
16 31
10 70
30 36
40 42
36 39
58 76
36 77
72 82
43 91
19 39
23 52
52 54
17 95
46 66
35 52
28 94
23 35
36 43
54 77
19 21
18 40
14 31
36 54
36 52
37 92
18 72
35 40
32 65
36 80
26 36
28 36
13 45
12 13
32 42
7 43
28 55
2 6
62 83
30 54
77 86
