13 47
28 39
23 77
32 40
30 54
36 41
10 18
46 87
23 32
80 87
1 45
31 32
58 92
35 42
30 35
30 61
46 57
41 43
13 67
13 36
21 28
2 32
35 56
8 40
35 40
82 90
36 62
57 64
3 5
23 52
12 52
2 54
31 81
55 88
13 42
35 52
71 81
14 65
42 91
19 55
10 32
5 45
48 69
59 64
18 48
59 89
2 35
14 36
72 81
54 77
76 94
19 91
5 95
21 46
32 41
25 68
48 71
36 54
47 66
63 92
18 78
32 35
32 36
10 73
51 58
36 94
35 77
6 38
63 93
26 46
35 36
57 88
41 74
21 26
23 35
58 78
22 58
47 73
36 42
43 54
57 70
23 40
36 46
22 50
32 43
40 62
23 36
17 18
48 53
72 85
36 77
1 19
32 77
30 36
43 65
7 86
68 76
43 77
36 52
6 31
39 86
16 65
41 52
9 45
1 49
28 45
2 36
4 39
36 37
7 36
8 29
32 52
35 43
35 65
29 83
19 73
2 30
42 83
79 93
17 31
14 50
52 77
35 54
36 43
