35 46
36 71
2 13
14 94
19 59
36 77
36 41
42 65
36 58
32 78
21 42
42 80
5 93
40 69
13 68
9 47
58 77
5 79
58 73
28 50
13 35
30 48
46 78
23 63
43 83
76 89
14 40
42 81
36 48
1 10
43 54
47 52
30 62
45 95
2 12
14 21
39 73
40 61
30 56
21 94
37 45
36 39
19 36
64 65
19 32
23 77
82 83
45 90
32 86
41 52
57 66
2 85
19 23
32 43
35 68
8 53
35 48
26 50
36 47
18 36
55 57
32 35
32 36
25 38
18 81
1 92
26 31
4 13
36 43
18 35
35 36
23 65
7 17
36 52
55 76
41 46
72 73
7 63
35 41
1 8
10 23
29 71
29 30
51 93
17 57
49 87
18 58
32 41
36 54
31 59
32 77
10 92
31 87
43 52
36 46
28 31
35 39
28 91
30 36
54 77
32 52
16 70
35 54
35 52
2 23
35 43
35 77
2 67
64 88
81 91
65 86
45 74
3 40
32 46
22 57
32 54
52 54
42 48
6 40
6 22
36 62
36 72
43 77
5 88
