41 91
18 39
47 68
52 83
10 55
32 46
69 83
31 36
47 81
39 52
21 35
32 77
32 65
23 42
42 43
58 88
35 54
35 52
32 52
4 68
18 32
2 36
37 88
36 52
35 57
22 39
28 64
32 54
54 77
30 36
14 66
73 79
29 94
36 40
8 18
19 45
40 45
23 43
47 55
80 92
40 43
2 54
50 70
36 50
1 58
5 86
35 41
74 95
29 51
31 58
6 7
28 78
19 71
30 86
21 48
19 94
36 41
77 91
36 77
35 40
63 67
32 35
32 36
2 35
2 32
35 77
23 40
36 65
17 93
13 72
35 36
64 76
43 90
18 73
36 57
9 26
31 42
38 78
23 35
16 22
36 82
63 73
13 53
5 14
57 59
8 42
81 85
10 35
36 54
12 30
62 81
6 49
1 56
48 87
7 89
28 93
17 57
23 32
13 48
36 46
3 26
36 42
31 71
5 30
32 41
21 77
45 62
30 35
45 76
41 77
25 87
46 52
14 48
23 36
13 61
1 72
36 43
2 10
59 92
19 58
43 46
46 65
43 52
54 65
