35 41
18 77
19 64
10 35
59 73
1 14
21 45
64 65
6 51
29 36
17 81
79 91
36 52
40 43
36 71
35 54
40 52
83 87
32 77
78 83
26 78
55 80
45 48
19 56
68 73
42 46
18 41
21 36
4 39
30 71
47 94
50 85
52 77
47 87
35 43
67 91
43 77
35 52
32 40
19 26
13 46
36 45
50 62
36 86
30 94
36 40
3 43
72 76
47 54
63 70
5 59
31 49
22 46
82 93
30 95
16 81
6 37
5 57
36 77
13 30
8 61
32 35
32 36
13 36
14 22
35 77
10 36
18 36
36 41
86 90
35 36
36 88
23 58
9 57
23 35
35 58
38 55
45 89
31 32
35 48
32 54
17 23
2 5
18 42
32 41
28 65
32 52
21 73
14 46
2 54
57 65
23 63
1 19
30 62
35 42
48 54
1 93
29 66
40 77
23 42
2 8
54 69
13 39
2 32
53 92
43 52
74 88
32 43
7 72
36 48
31 52
31 36
41 58
28 76
25 28
7 39
36 43
2 57
42 58
12 68
23 92
10 32
65 81
35 46
