5 31
36 64
4 32
23 43
2 18
2 46
52 54
39 88
28 83
52 77
36 57
35 53
36 52
2 71
14 48
36 54
35 57
32 52
32 77
63 76
73 92
30 90
2 36
31 62
30 58
6 88
23 36
2 59
17 36
62 86
17 29
48 85
23 52
46 57
35 43
19 81
46 55
35 52
16 36
42 73
7 32
56 58
23 32
50 81
9 86
28 30
14 65
21 36
19 32
32 54
13 91
45 91
36 41
5 50
14 83
19 35
65 67
36 39
36 77
18 26
22 94
32 35
32 36
45 68
7 35
35 77
38 58
8 32
43 77
5 45
35 36
18 69
23 77
59 78
23 35
21 57
10 78
39 46
26 47
30 65
22 51
21 35
37 66
41 43
36 79
35 54
32 43
35 41
40 45
13 65
1 72
47 73
42 61
42 48
28 40
41 77
72 87
43 54
8 81
13 80
10 12
48 70
64 95
29 54
55 68
36 93
13 76
6 25
30 31
1 87
82 89
3 42
18 49
31 58
42 94
36 40
36 43
1 47
41 93
19 71
40 52
63 74
46 92
10 40
