12 25
39 40
36 46
32 43
55 57
39 63
17 29
71 86
18 40
72 73
36 59
51 57
36 52
43 46
32 46
36 54
19 66
32 52
32 77
30 36
36 42
36 93
23 32
30 93
22 48
54 58
23 36
10 88
76 88
18 39
47 48
6 95
5 14
41 78
35 43
36 45
35 58
35 52
47 57
68 79
1 26
22 73
41 64
7 17
13 50
14 36
1 2
8 37
10 35
32 54
38 41
40 65
35 54
35 45
21 58
29 77
45 52
36 81
36 77
2 54
7 10
32 35
32 36
5 23
32 56
35 77
43 85
47 81
69 74
26 90
35 36
42 54
23 35
48 68
9 72
23 52
83 92
40 49
13 92
35 42
13 63
2 70
30 35
43 77
65 76
46 94
50 67
13 16
8 87
5 36
41 83
19 86
62 65
28 80
46 77
14 19
52 77
61 65
28 35
21 91
57 87
2 64
23 45
21 73
3 32
32 42
53 91
18 89
59 62
71 82
31 94
6 31
40 48
36 41
18 78
2 31
36 43
30 52
28 36
19 30
4 58
31 81
1 55
42 43
