6 43
23 30
13 14
32 43
32 52
2 21
26 57
22 76
38 58
16 45
40 58
32 39
36 52
10 36
5 65
21 26
35 47
19 48
10 19
50 55
36 42
30 35
46 85
28 31
9 49
18 19
23 36
43 77
54 73
65 68
8 28
36 54
2 83
64 68
35 43
57 87
36 88
43 52
47 86
40 57
40 52
28 42
65 73
7 71
52 77
2 30
12 64
17 54
30 36
70 82
5 62
2 36
41 59
56 57
74 89
65 66
39 47
45 53
36 77
37 48
42 73
32 35
32 36
4 10
19 71
35 77
36 40
58 92
32 91
32 72
35 36
35 46
23 35
21 95
25 81
29 32
32 77
41 63
46 77
41 94
17 31
8 41
36 46
45 67
5 54
35 94
35 39
23 52
51 81
23 43
2 35
3 78
36 83
18 62
13 90
1 36
13 72
46 88
18 69
29 50
13 93
14 93
30 32
22 45
63 76
14 92
7 36
35 86
23 77
18 59
48 81
58 61
78 91
1 42
31 36
6 79
36 43
1 54
41 80
35 52
31 32
48 55
42 54
40 87
