73 83
18 63
45 46
32 43
32 52
13 32
2 62
35 78
22 30
8 19
32 42
68 92
36 52
48 73
35 71
89 95
32 47
6 14
31 79
78 92
36 73
10 87
18 58
40 41
13 94
36 76
23 36
43 77
9 28
29 39
59 66
18 36
36 57
10 45
7 21
7 59
2 36
36 46
46 65
36 88
2 46
32 77
54 65
1 13
52 77
22 64
18 88
42 43
45 64
35 57
57 72
58 61
35 42
5 26
2 10
21 26
35 43
28 36
36 77
23 77
41 90
32 35
32 36
36 65
31 86
35 77
31 45
58 62
21 80
58 69
35 36
5 86
17 54
31 81
6 47
30 38
40 81
30 50
39 94
36 54
46 54
41 87
19 41
55 91
2 54
14 81
82 93
23 52
67 83
32 71
19 40
53 76
28 56
40 70
63 65
12 32
19 85
35 72
5 36
16 25
43 52
23 35
4 35
48 74
8 40
30 93
13 37
36 43
23 32
29 42
42 77
14 51
1 55
48 91
35 54
3 57
23 43
30 41
17 52
35 52
47 48
1 49
39 68
36 50
