1 52
36 43
2 86
13 64
23 36
35 40
50 88
76 93
46 79
35 43
36 47
50 52
23 35
13 83
32 43
36 54
5 14
53 95
85 94
64 78
35 58
7 9
46 57
1 36
13 67
36 46
19 45
62 76
2 77
32 54
6 49
14 55
30 42
4 31
7 91
40 43
5 28
18 32
43 77
32 58
23 32
14 65
2 52
30 36
62 87
63 89
8 55
38 47
58 77
30 77
82 86
32 77
26 68
22 72
54 87
29 94
26 31
2 42
46 52
18 51
36 41
32 35
32 36
45 88
36 42
16 39
30 40
23 54
45 66
21 81
35 36
43 48
1 72
32 57
74 93
13 57
18 91
19 21
43 58
2 36
70 73
10 40
35 77
35 41
5 68
36 52
28 71
32 48
45 65
42 83
25 92
21 71
36 40
22 78
3 57
17 39
31 52
23 41
10 36
17 61
29 32
41 54
46 80
41 73
47 56
31 36
12 63
8 90
23 73
28 92
10 35
19 69
36 77
36 39
19 81
30 35
65 81
37 48
18 65
35 52
42 59
35 54
35 48
6 59
