28 64
21 43
61 73
16 36
23 35
42 58
12 43
29 62
57 95
35 64
18 65
39 72
8 81
45 58
25 51
32 52
48 74
26 43
9 94
13 88
40 91
46 62
39 43
48 65
5 43
59 68
1 89
10 42
1 18
5 41
35 54
35 48
35 46
14 40
35 45
19 21
31 42
31 87
35 40
1 17
4 6
29 70
67 82
36 46
36 40
23 46
48 94
36 41
31 86
22 26
45 63
32 77
36 47
2 55
22 28
57 85
32 54
13 41
5 91
18 81
41 90
32 35
32 36
23 32
32 40
13 45
52 54
23 52
23 54
39 57
35 36
7 88
50 76
30 52
30 77
36 92
83 92
17 93
37 41
31 58
8 19
30 32
35 77
42 47
36 54
36 52
2 42
21 35
30 35
52 77
30 36
2 66
14 36
78 81
13 73
47 69
23 36
7 63
54 77
2 86
49 71
55 80
35 52
14 65
36 57
18 77
10 28
32 56
2 71
36 83
19 43
3 79
36 77
19 59
43 72
32 46
68 76
10 36
53 58
32 50
73 87
78 93
6 38
36 65
