10 30
53 76
4 78
36 89
54 71
55 86
51 92
21 45
1 31
23 35
28 32
55 58
40 52
35 41
13 38
32 52
54 77
30 35
5 9
10 76
32 43
45 92
46 86
22 57
31 47
36 41
32 40
36 40
28 45
36 42
3 50
29 65
14 46
41 43
29 36
78 79
43 52
23 77
14 21
8 31
8 21
35 65
5 57
36 43
52 77
18 48
56 94
7 16
30 66
36 91
6 57
32 73
17 50
10 28
42 95
26 57
46 59
59 87
39 91
5 67
2 41
32 35
32 36
23 32
36 65
1 13
62 93
42 46
2 35
32 77
35 36
1 37
61 68
35 40
7 64
31 90
22 62
13 48
47 80
36 39
85 94
18 35
35 77
58 93
74 83
36 52
19 36
68 71
30 69
48 83
43 63
17 70
23 52
13 88
19 88
23 43
23 36
6 42
2 18
32 45
25 35
42 81
35 52
19 73
30 82
26 54
39 81
41 87
40 77
2 72
19 65
46 81
36 77
63 73
32 54
54 58
36 72
12 54
14 49
47 58
18 36
2 36
48 64
35 43
