58 95
58 62
28 86
5 73
35 40
22 94
36 39
63 71
7 73
32 52
41 66
45 57
4 30
52 77
36 40
35 42
2 35
65 76
36 42
57 91
32 43
29 30
67 79
6 14
8 36
41 43
30 58
48 50
21 92
13 53
36 46
51 87
10 64
23 52
35 45
90 93
40 55
22 57
2 23
1 87
2 18
35 46
64 81
36 43
32 77
8 72
41 69
12 71
21 45
36 55
30 77
43 46
32 42
35 54
43 77
39 40
35 89
25 32
68 82
36 94
16 57
32 35
32 36
35 52
18 62
23 32
35 77
1 31
19 23
42 88
35 36
7 30
26 31
31 40
46 54
72 76
47 74
59 73
18 36
39 77
19 85
26 47
38 56
36 52
48 80
17 36
3 13
32 41
58 81
5 78
41 54
9 81
59 88
14 48
29 36
19 31
23 36
13 70
5 18
50 91
28 37
36 54
23 35
1 65
14 42
52 83
2 52
32 46
61 63
6 48
13 19
43 54
36 77
21 68
32 54
17 92
10 93
2 36
45 86
49 83
10 65
28 65
47 78
35 43
