45 58
13 71
36 85
2 94
8 63
35 58
17 58
5 14
36 54
32 52
36 39
54 77
14 82
53 72
32 40
6 46
13 35
35 54
23 86
30 73
23 32
23 35
35 45
40 43
29 65
21 74
5 73
65 91
45 80
36 48
13 81
63 76
49 93
39 48
19 94
9 86
64 68
23 43
37 81
22 42
40 77
30 41
31 52
36 43
32 77
31 62
42 54
36 59
28 69
28 41
39 42
71 88
32 43
50 65
43 77
14 35
38 48
36 45
28 30
1 25
22 46
32 35
32 36
35 52
5 52
4 26
35 77
32 70
2 59
2 66
35 36
41 81
36 40
55 91
76 92
10 72
36 41
2 83
6 18
36 87
1 64
30 31
47 57
36 52
43 52
36 83
67 90
18 78
7 88
57 87
8 10
1 54
17 89
2 19
41 73
13 77
23 36
47 50
19 29
19 95
10 79
21 68
30 62
21 93
35 40
23 52
18 57
35 42
31 78
36 61
12 58
26 55
36 77
3 32
32 54
46 92
7 46
51 56
16 32
18 46
57 65
36 42
47 48
35 43
