14 31
25 71
52 77
36 52
31 50
9 69
37 40
5 62
52 54
13 81
28 55
68 83
78 88
54 77
36 42
43 54
10 42
13 32
64 94
12 13
40 64
35 58
17 36
1 26
5 39
35 81
19 62
31 46
21 65
43 77
36 58
39 89
19 78
36 40
1 49
2 48
46 57
19 45
14 42
40 68
35 52
7 47
36 81
19 40
45 65
41 76
21 54
31 71
4 36
35 45
32 43
28 48
18 36
13 14
41 63
38 86
35 43
48 55
23 35
57 80
36 51
32 35
32 36
58 87
86 93
7 41
35 77
72 93
41 47
28 74
35 36
35 90
6 73
30 46
61 85
18 35
17 67
23 77
21 57
5 30
30 65
73 91
42 48
16 22
2 46
79 94
29 66
32 54
1 10
6 29
36 77
53 73
32 77
18 32
39 57
87 95
45 50
8 46
2 36
56 59
3 36
2 83
8 22
35 82
2 42
23 32
36 59
43 52
35 54
26 32
23 43
32 52
10 88
30 36
23 36
65 76
47 63
70 92
30 32
23 52
91 92
18 72
41 58
36 43
