36 46
31 43
43 46
48 51
4 18
8 54
5 8
1 11
8 32
10 20
1 43
1 54
14 37
39 50
0 28
41 50
21 22
11 54
24 32
1 33
9 52
21 35
9 33
9 28
11 24
1 39
12 52
20 55
10 43
9 27
9 55
18 24
1 2
6 39
30 54
29 43
1 3
43 55
10 12
9 50
18 39
12 45
20 32
39 52
17 36
10 50
17 49
39 55
45 56
47 53
34 43
32 33
30 50
9 18
11 30
16 39
32 56
9 20
12 33
10 27
21 48
2 32
11 18
11 55
29 55
1 34
20 35
9 46
4 13
11 48
48 50
32 51
28 30
27 50
5 56
18 32
18 33
16 25
13 26
9 29
21 43
9 12
9 24
27 36
18 50
18 43
14 43
14 52
12 32
16 43
2 40
0 14
24 27
1 48
29 51
25 43
3 48
17 27
44 56
4 55
52 55
7 56
5 20
2 3
18 54
10 51
10 46
11 35
2 50
35 36
3 43
9 43
10 55
6 24
3 52
10 48
30 48
24 30
36 50
27 46
28 43
34 41
27 30
29 41
39 56
9 35
4 17
13 17
9 48
9 32
24 33
12 34
24 51
6 14
27 49
41 46
6 28
9 11
13 45
0 4
43 45
48 56
39 43
12 36
6 27
23 46
6 35
9 39
10 13
1 49
12 21
2 24
12 27
1 10
18 41
0 41
8 17
41 48
20 34
3 54
0 8
8 44
11 44
21 27
33 50
3 35
12 30
12 43
46 49
1 18
11 32
3 32
1 32
20 50
33 35
48 54
29 35
0 23
48 52
4 36
6 54
27 51
29 32
1 36
13 18
14 44
6 32
3 16
17 45
18 48
54 55
41 44
21 30
32 41
36 48
9 49
13 35
1 29
34 35
13 48
27 29
39 54
12 46
11 43
33 44
18 34
32 48
28 50
32 50
35 51
18 52
24 54
0 46
27 41
10 35
23 45
19 55
32 39
4 9
11 17
2 28
21 24
21 32
33 48
27 32
12 41
16 38
20 48
22 53
9 30
27 28
3 20
1 46
30 33
49 50
9 36
2 55
24 36
52 54
4 24
3 30
51 55
23 34
17 43
24 48
43 52
11 12
4 8
18 21
11 50
30 35
2 43
12 18
43 49
33 55
12 54
32 54
39 41
27 52
30 52
27 35
20 27
36 52
27 55
24 43
0 54
21 50
9 54
24 55
35 46
30 32
35 41
8 16
20 43
50 55
1 12
31 54
1 30
52 56
39 48
13 50
27 43
35 49
27 48
10 11
51 52
13 24
7 51
6 52
24 49
6 43
10 38
4 48
8 37
3 36
9 41
9 51
28 56
21 33
3 28
43 51
49 54
3 18
35 54
24 29
7 32
16 50
28 41
8 41
1 50
11 33
34 49
11 20
30 41
1 9
12 48
12 24
35 52
4 32
4 54
32 43
50 52
8 38
4 27
32 35
17 52
50 54
20 33
32 52
2 35
9 16
1 20
33 43
34 50
27 39
12 35
32 36
29 54
18 25
13 43
30 43
8 36
8 43
35 43
35 48
48 55
46 50
35 50
34 53
9 56
18 55
33 36
22 28
36 43
27 45
1 27
4 10
20 39
27 54
18 35
3 29
28 36
35 55
24 52
36 54
2 39
41 43
0 6
12 50
1 35
21 34
23 43
6 9
4 43
10 19
9 21
1 52
43 44
43 48
51 54
8 27
43 50
39 49
51 56
43 54
20 21
21 52
11 29
32 55
3 50
6 49
14 23
2 11
7 45
29 56
18 36
20 24
14 49
26 56
24 35
4 51
50 51
4 35
3 11
1 21
13 36
