16 50
36 41
29 32
9 49
1 49
29 43
11 48
3 43
35 50
13 37
1 43
0 17
4 43
6 46
2 35
12 49
11 27
41 50
11 17
11 43
2 50
12 30
28 54
27 48
4 13
27 55
13 36
11 35
35 52
9 27
44 56
17 43
6 50
34 45
1 32
11 20
5 7
2 29
34 43
32 46
27 51
8 24
29 41
20 27
4 9
14 38
36 51
41 52
46 51
20 48
43 56
34 48
0 31
33 54
21 24
43 46
30 35
4 52
9 41
23 43
28 43
21 48
3 21
29 46
49 54
1 12
35 41
30 54
2 45
9 28
12 50
24 27
33 35
27 50
7 23
12 52
30 48
12 33
29 48
24 51
21 43
48 55
16 20
9 34
33 43
18 43
12 35
51 54
6 43
3 32
1 45
9 52
1 35
20 50
41 48
27 47
18 20
8 33
0 27
11 33
33 48
0 45
0 6
10 28
48 52
27 41
28 35
32 33
35 46
28 56
21 39
9 43
9 10
38 43
27 49
9 46
9 11
8 50
30 43
9 54
18 27
33 56
4 56
9 39
52 55
9 35
3 49
16 54
12 18
9 32
14 43
49 52
4 51
21 27
51 52
18 29
2 55
12 54
27 28
50 51
18 30
20 39
41 51
1 29
24 45
32 55
46 56
29 35
9 17
11 21
31 56
32 52
8 32
34 41
18 54
4 24
5 26
3 55
4 48
17 32
41 43
1 41
33 49
24 48
3 48
1 52
10 35
12 43
0 56
39 43
3 39
2 51
18 33
4 32
23 54
4 29
22 25
0 9
27 52
49 50
1 18
35 54
28 50
35 48
6 16
9 24
18 52
28 36
8 23
20 21
40 45
36 55
39 44
24 54
24 52
9 48
39 54
13 41
36 50
30 50
6 56
10 36
1 4
2 18
10 24
43 49
32 48
24 33
32 50
9 13
10 41
11 55
10 43
1 36
35 39
2 33
4 39
9 55
50 52
8 48
9 20
4 46
35 53
0 44
27 32
32 56
18 55
6 51
11 24
3 8
28 52
29 52
24 35
3 26
9 30
32 34
20 55
43 51
8 27
13 25
1 55
8 35
19 43
3 36
48 50
43 52
1 50
3 35
13 50
52 54
1 54
24 30
1 3
10 39
13 44
12 51
13 34
21 55
16 44
20 43
6 36
18 32
18 24
18 50
24 43
13 49
6 30
20 35
1 24
1 28
32 41
18 21
21 52
2 48
1 56
11 32
12 20
28 32
18 36
36 48
1 48
27 43
12 32
24 39
30 56
20 36
12 46
18 48
24 50
6 12
12 17
11 49
27 30
30 38
28 55
3 9
22 54
30 46
27 33
32 54
32 35
20 32
8 54
12 55
6 34
9 18
7 14
34 51
29 30
9 29
11 18
11 52
11 12
6 24
3 24
39 55
54 55
39 48
6 14
41 55
32 43
30 32
18 41
8 21
48 54
12 36
43 45
39 50
0 13
35 36
2 43
4 14
2 10
1 16
10 32
10 21
34 39
9 12
1 27
11 41
5 44
27 35
1 10
35 43
17 27
17 46
34 56
50 54
16 51
8 51
1 11
21 35
3 52
11 19
35 49
34 36
9 33
21 36
3 33
43 55
17 53
35 55
21 32
24 36
27 36
9 50
10 50
13 43
27 39
8 43
36 43
1 20
39 52
18 35
10 12
24 32
8 49
10 44
43 48
14 37
50 55
43 50
27 54
4 30
43 54
12 45
10 18
20 33
22 43
11 14
4 50
7 50
2 54
4 35
3 27
23 53
46 48
27 29
9 36
21 50
20 54
32 39
11 54
16 17
14 23
25 30
