33 43
9 18
9 55
10 11
16 38
8 50
51 54
10 54
35 50
34 35
1 43
11 48
1 20
8 36
20 35
6 39
16 41
10 56
16 49
11 43
30 33
1 9
3 9
37 43
35 36
18 50
0 28
12 55
16 28
34 51
30 50
18 24
1 52
1 28
28 45
41 48
8 35
21 29
50 51
36 50
34 56
13 28
11 41
1 17
6 32
9 11
0 8
36 39
2 21
3 52
4 13
14 22
44 50
0 39
2 17
11 54
36 54
27 54
3 34
43 45
30 43
1 55
33 55
27 52
21 32
4 6
20 50
10 13
1 32
5 33
2 27
4 43
7 44
27 50
4 52
14 49
6 49
23 53
4 36
4 27
9 30
28 52
39 48
24 55
24 43
18 43
8 54
9 41
21 38
11 51
41 52
12 48
4 9
8 28
11 33
9 46
48 54
9 39
32 56
33 35
16 17
48 51
18 27
33 36
20 27
33 41
1 30
1 24
10 46
12 13
18 51
9 43
33 56
27 49
33 54
30 32
9 54
4 8
9 10
9 20
9 33
21 48
3 11
9 29
21 39
9 35
5 43
7 31
48 55
9 32
18 35
17 49
24 30
36 52
14 43
51 55
27 48
9 48
43 51
4 11
36 46
39 55
10 20
48 50
28 43
19 45
52 54
18 54
23 56
8 49
4 34
43 49
2 18
30 55
12 24
17 43
14 35
32 33
26 35
24 36
29 43
13 41
6 54
8 55
1 48
1 41
1 36
12 43
41 43
13 31
0 45
28 35
21 24
12 20
46 54
9 21
18 55
43 46
52 56
7 45
21 54
6 8
0 56
1 12
11 32
29 39
1 50
23 47
27 36
6 56
20 28
27 41
3 50
11 35
26 32
22 46
35 45
16 24
21 50
10 43
14 29
32 41
11 30
24 32
27 44
32 54
8 45
27 56
32 50
3 55
4 55
10 27
39 43
2 24
4 50
2 39
4 35
24 38
23 37
17 44
30 54
27 46
1 51
13 18
18 32
9 12
24 51
8 20
12 32
21 46
50 56
12 21
13 50
1 21
24 50
54 56
33 52
12 30
54 55
9 27
29 36
35 39
3 28
30 35
13 30
43 52
33 50
3 32
10 52
12 28
3 30
21 27
12 36
14 23
25 49
6 53
6 50
32 36
12 50
20 43
44 52
17 24
20 34
18 40
43 56
12 27
18 20
16 51
29 50
5 9
2 48
30 52
21 43
32 52
27 35
2 49
50 55
29 48
11 29
13 17
29 54
27 43
6 43
43 55
12 52
0 12
20 46
20 32
11 36
3 12
20 24
36 48
18 41
39 51
20 41
29 32
32 46
4 48
13 43
2 43
35 48
24 48
0 52
14 18
24 39
34 43
34 36
41 56
27 29
34 46
27 33
0 43
50 52
20 51
13 52
16 43
43 44
25 53
10 18
9 51
32 43
18 25
11 55
1 54
18 30
10 36
2 35
18 21
27 32
6 35
4 33
9 49
8 10
32 48
12 49
24 35
11 27
11 50
3 21
20 48
12 46
12 35
18 23
35 43
32 55
9 44
3 54
50 54
4 32
7 22
1 8
17 51
35 52
11 39
10 32
10 55
1 35
3 43
29 35
1 11
6 48
29 55
12 54
9 36
30 48
9 50
41 50
18 48
6 9
34 50
36 43
3 48
34 45
33 46
1 18
11 24
41 51
35 54
43 48
1 3
3 39
43 50
24 41
24 52
43 54
27 39
24 27
48 52
9 24
32 35
1 27
41 49
3 35
2 32
32 39
17 48
0 19
27 30
34 52
4 10
2 14
39 54
35 49
35 55
27 28
1 49
