33 43
9 18
9 55
11 32
20 35
9 20
50 56
20 54
35 50
16 17
1 43
48 49
39 55
9 10
16 48
8 12
29 49
20 51
11 54
11 43
1 46
1 24
27 49
14 56
35 36
18 50
33 48
35 46
16 24
0 41
30 50
9 56
8 35
0 50
49 50
5 7
4 14
29 35
10 24
13 50
18 39
2 32
10 30
7 56
33 34
17 34
12 34
32 49
2 21
1 36
1 56
3 51
39 56
11 20
21 35
36 48
36 54
27 54
20 50
13 36
30 35
30 48
30 55
27 52
2 41
32 51
23 44
13 32
20 32
10 55
4 11
4 43
6 45
27 50
8 56
1 33
28 53
3 35
21 41
8 36
4 54
34 39
10 13
24 55
24 43
18 43
9 41
29 55
9 23
33 52
52 55
18 54
16 18
35 37
20 22
10 11
48 54
18 41
39 52
6 41
51 55
17 27
27 36
24 36
30 44
17 24
13 27
24 54
6 53
21 46
27 51
9 43
8 34
4 30
18 27
30 52
9 54
14 41
1 35
20 52
13 48
1 32
8 27
11 39
4 9
9 35
3 43
9 21
1 11
9 32
18 35
10 32
3 48
2 10
43 45
9 52
27 48
9 48
43 51
6 44
33 36
34 45
18 33
1 10
28 43
29 53
12 55
52 54
4 48
3 21
30 54
43 49
4 27
39 50
12 24
17 43
13 43
24 32
30 43
3 50
29 43
25 41
54 55
7 14
16 28
43 56
29 50
12 43
41 43
4 35
14 26
9 12
17 28
46 48
9 46
12 35
1 48
43 46
16 54
24 28
50 55
35 55
36 51
24 52
12 32
11 51
1 29
17 49
13 45
21 54
12 52
20 28
21 48
11 35
32 41
3 9
3 52
27 28
21 27
10 43
18 30
2 50
3 54
44 56
46 50
32 54
0 3
1 9
32 50
12 33
4 32
9 51
39 43
9 36
6 33
0 49
32 46
32 44
2 23
32 33
2 54
3 18
11 24
0 1
18 32
51 52
12 18
30 51
8 11
18 36
30 46
29 46
33 35
12 13
24 50
36 39
4 52
12 54
12 36
9 27
10 54
41 56
23 55
14 47
36 50
43 52
39 54
3 32
27 33
6 31
41 52
1 41
33 40
14 25
16 49
28 29
8 55
32 36
29 30
20 43
21 50
28 48
20 27
2 27
43 44
12 27
18 52
28 34
11 50
11 36
27 39
6 24
21 43
32 52
27 35
8 28
10 46
6 18
9 13
29 45
34 35
27 43
6 43
43 55
1 12
6 14
18 48
21 32
3 11
0 18
20 49
41 51
24 39
19 45
9 33
12 50
11 12
4 55
1 8
2 43
35 48
24 48
4 18
22 34
3 24
34 43
20 36
10 35
10 27
20 39
27 41
2 11
10 52
8 48
35 39
23 43
0 43
45 50
25 43
35 51
32 43
8 23
20 48
1 55
18 56
46 49
20 33
9 49
27 32
13 35
19 49
33 54
17 38
32 48
12 21
24 35
11 27
48 50
5 38
21 29
36 55
4 45
32 39
35 43
32 55
29 37
6 30
50 54
30 32
35 41
12 48
50 52
35 52
0 56
12 39
5 41
1 49
8 43
11 41
1 52
0 54
17 21
12 38
2 48
8 16
9 50
1 44
18 24
1 39
9 34
36 43
21 24
31 43
7 10
27 30
2 51
22 54
35 54
43 48
50 51
18 55
43 50
36 52
4 20
43 54
3 30
24 27
48 52
6 46
32 35
1 27
26 50
9 39
6 28
28 33
9 24
3 29
9 11
1 50
1 17
4 24
21 51
3 4
34 56
11 13
48 55
