51 55
4 12
24 39
21 39
27 52
27 33
6 20
29 35
21 51
39 54
1 43
2 9
46 54
9 20
18 32
3 10
1 50
8 50
11 39
28 43
9 52
29 49
12 56
3 43
30 52
14 20
21 55
18 24
16 50
9 27
11 27
14 44
0 32
39 50
44 49
6 48
12 54
36 55
1 32
9 50
13 18
3 30
10 50
9 10
8 54
49 54
3 6
14 21
8 27
18 36
21 46
13 43
10 14
21 54
18 30
27 41
37 38
5 40
29 50
12 35
18 52
32 39
1 51
43 45
22 44
12 48
11 52
33 48
23 36
11 12
24 48
8 17
9 49
27 50
10 20
24 32
4 28
32 47
18 55
2 27
30 43
1 2
28 55
7 44
28 36
43 55
9 24
30 35
28 32
45 53
11 55
35 46
21 24
33 46
17 51
3 8
4 43
34 35
8 43
11 28
32 52
3 20
9 17
13 27
9 33
48 56
12 28
3 34
28 39
10 24
21 30
9 43
25 44
4 48
10 29
36 39
1 48
36 52
17 55
16 48
11 36
24 35
9 11
9 21
32 36
9 35
23 24
2 39
24 30
9 32
35 54
4 36
12 32
9 48
0 35
9 51
10 35
6 28
18 34
13 26
24 33
41 56
33 34
20 43
32 46
29 31
41 55
3 36
11 21
39 52
2 30
10 45
1 9
0 6
33 50
24 52
11 43
27 30
1 3
2 13
4 35
1 18
0 45
1 55
1 49
6 51
12 20
12 43
2 18
4 52
11 24
23 46
12 41
0 56
8 46
13 41
17 52
24 36
48 51
27 36
27 49
35 36
43 56
12 36
20 45
5 49
24 29
1 46
0 48
13 39
46 50
18 56
52 56
50 52
48 52
43 46
4 54
8 55
18 27
22 25
33 54
14 45
14 43
2 43
11 48
6 24
32 48
48 49
50 51
4 9
18 43
30 39
20 24
9 54
19 55
28 29
43 49
11 54
49 53
46 55
11 20
1 27
28 50
1 24
27 32
18 33
41 48
17 49
34 41
4 18
10 54
11 50
1 52
9 39
4 50
20 35
10 48
7 20
4 27
41 49
23 35
11 35
24 46
20 54
13 32
43 52
30 36
21 36
33 35
27 51
16 19
4 51
32 44
17 43
30 48
20 49
32 54
16 46
1 8
1 34
27 35
16 43
48 54
18 54
24 43
8 51
1 54
34 43
21 32
18 48
8 32
10 52
51 54
43 51
0 10
36 54
3 52
3 12
39 41
8 38
18 35
27 43
3 50
27 48
41 52
24 54
0 53
1 17
1 12
3 4
9 18
34 36
10 12
13 48
35 41
39 56
39 43
24 27
17 20
37 51
2 8
13 50
9 34
4 32
20 29
12 27
13 28
35 56
17 50
41 50
1 4
27 29
25 45
2 50
35 52
33 52
35 51
11 41
29 56
3 54
32 43
38 45
16 35
32 50
32 35
14 29
50 54
35 55
9 56
1 21
11 33
48 55
33 43
4 30
9 41
7 22
12 52
9 12
9 55
10 30
24 50
32 41
7 43
35 43
35 48
3 27
21 43
35 50
20 48
27 34
2 55
8 14
20 27
36 43
6 43
32 33
18 28
34 54
50 55
1 36
9 36
6 54
27 54
6 12
16 27
27 39
41 43
13 16
6 33
1 35
12 18
34 52
11 30
3 35
23 48
10 43
24 55
21 23
43 48
30 41
21 50
43 50
0 43
29 43
43 54
11 32
35 39
33 41
30 32
11 18
5 55
12 50
3 9
26 31
6 50
32 56
2 21
43 44
49 50
32 51
55 56
29 32
1 33
6 18
12 29
9 30
