6 24
20 54
67 87
43 98
45 61
43 45
34 69
14 45
33 91
21 87
42 98
45 55
24 32
48 51
18 61
38 56
75 84
60 85
50 96
2 44
71 79
38 97
2 50
10 38
23 28
10 57
31 96
35 56
9 86
10 33
6 96
57 59
62 94
9 51
68 84
62 67
10 35
22 44
57 91
51 97
1 52
6 66
3 37
2 83
56 61
2 57
30 32
5 61
0 96
83 91
25 40
57 82
1 17
31 42
9 47
64 67
61 96
57 96
42 78
45 59
90 96
8 80
50 83
70 77
31 35
23 41
4 21
24 79
62 88
64 91
61 63
1 53
2 35
70 96
49 68
33 38
66 78
0 97
38 52
56 59
52 84
55 83
26 67
52 82
14 57
24 57
53 86
40 62
2 70
9 63
50 61
63 66
32 50
61 86
5 33
69 92
75 82
33 76
3 62
19 75
61 97
52 53
18 57
73 88
42 45
61 72
42 67
14 91
31 45
43 96
63 91
56 63
67 95
18 97
33 59
19 96
18 84
14 38
36 91
32 52
48 79
6 56
18 82
5 10
31 63
22 80
3 94
25 87
42 77
77 97
73 82
52 97
86 96
18 92
71 85
13 23
56 57
2 31
4 67
35 79
96 97
50 69
18 80
20 25
21 54
7 47
19 71
15 45
58 60
29 44
25 97
10 83
33 35
19 79
13 25
33 67
1 5
66 84
52 61
45 49
33 62
35 88
53 59
9 36
44 72
27 41
53 96
70 95
6 33
0 13
38 67
5 63
30 35
10 67
63 67
56 97
54 73
27 36
58 84
41 92
0 67
16 22
14 79
5 98
55 61
5 24
54 81
25 55
9 33
40 52
44 45
57 83
51 75
5 90
59 63
31 62
44 83
30 63
22 88
50 59
72 77
33 56
7 86
83 96
68 88
57 86
18 53
2 76
87 90
72 95
48 73
35 86
67 83
77 78
2 97
1 67
0 87
0 81
31 73
53 97
32 97
14 15
11 15
6 57
64 88
58 81
42 83
14 87
5 50
44 50
48 57
33 97
16 21
39 88
36 82
53 63
13 96
6 73
7 56
36 58
2 48
49 90
62 98
35 44
53 61
9 26
35 95
36 62
69 81
26 59
56 70
44 87
43 55
19 34
32 56
50 97
17 82
71 92
31 61
5 14
67 81
91 97
2 81
16 94
51 70
21 69
65 76
9 41
52 92
14 55
26 40
60 69
10 62
31 51
54 71
53 75
72 91
17 91
37 50
68 96
6 41
4 18
48 82
2 18
43 51
49 87
52 68
5 70
67 70
10 61
61 83
2 56
48 56
5 88
10 78
56 95
91 96
2 61
57 72
2 95
35 48
38 53
10 76
5 45
15 31
15 80
44 67
18 52
6 95
38 96
57 61
23 76
51 79
0 66
4 35
0 29
66 95
53 83
59 84
50 66
57 71
4 51
25 70
10 97
19 88
20 34
68 75
17 85
62 83
10 52
30 87
51 61
61 75
32 72
48 87
56 87
2 91
70 90
64 70
35 64
70 76
11 18
10 72
43 77
31 52
57 62
17 90
1 31
14 53
31 48
9 78
14 68
50 57
20 49
10 49
20 47
35 61
48 59
20 82
60 67
38 45
58 77
19 98
14 52
30 84
35 63
32 83
57 70
43 75
38 61
4 10
62 75
62 95
35 62
2 4
14 63
6 68
40 82
22 50
31 57
38 57
18 86
22 25
14 32
33 57
43 73
9 31
18 44
48 72
14 40
16 26
31 83
45 57
72 84
81 97
44 48
36 65
40 59
45 52
18 40
52 95
24 33
21 56
26 30
2 96
71 97
75 91
50 63
1 33
