6 10
63 67
1 55
31 57
47 82
4 67
36 68
26 48
5 79
14 90
2 38
3 5
14 53
10 82
73 88
5 88
82 96
60 96
52 63
1 32
31 52
19 24
18 59
11 26
60 69
96 97
67 70
38 62
15 52
0 82
71 84
2 3
25 63
30 78
31 61
63 84
56 96
18 91
0 44
55 71
52 96
2 56
6 79
87 91
1 54
14 22
6 52
37 62
23 57
18 86
2 26
63 72
59 95
0 59
14 26
19 79
87 96
57 96
35 53
17 33
50 81
28 63
57 73
20 40
66 97
61 62
10 87
7 58
7 57
51 91
25 84
19 66
57 91
48 71
17 82
26 52
18 20
44 63
43 61
2 21
1 52
32 86
33 36
13 77
16 64
56 82
58 92
56 59
14 33
65 73
83 96
32 43
31 44
40 43
9 58
25 82
1 4
9 61
36 83
2 48
19 81
45 60
75 92
38 67
14 61
61 63
61 87
17 21
53 56
50 67
33 87
68 70
25 57
13 24
56 57
56 83
40 97
42 75
10 32
67 96
18 61
48 56
25 95
61 96
34 36
32 54
15 42
83 91
80 87
17 68
1 20
78 88
69 91
63 76
35 83
34 41
33 57
56 71
18 62
44 83
43 80
38 87
17 77
50 97
55 84
4 5
25 33
13 90
2 57
31 32
63 78
54 83
87 97
45 84
44 88
53 68
5 76
25 72
52 86
35 96
59 80
6 66
42 57
70 95
45 75
5 95
2 14
43 50
10 52
5 52
72 97
50 70
57 67
45 57
35 90
14 96
7 85
6 62
91 96
95 97
62 97
81 97
19 87
44 97
0 75
26 35
61 70
52 61
41 49
38 56
0 57
9 64
77 81
1 18
50 92
59 79
10 42
4 57
14 52
61 88
35 56
2 19
10 96
14 83
52 56
33 83
20 73
38 83
35 82
44 67
44 50
18 33
51 86
15 77
54 73
10 98
22 30
43 86
8 58
14 97
11 51
18 44
70 83
82 86
0 5
48 53
50 61
2 36
24 42
24 60
67 75
2 97
45 51
9 10
18 95
44 62
10 31
67 76
10 14
35 38
45 48
32 51
41 47
15 18
82 83
22 98
37 75
58 91
44 85
53 83
5 21
48 67
18 35
57 70
35 48
24 27
76 90
64 84
72 96
36 70
56 61
2 40
9 79
84 96
9 45
31 45
14 35
51 97
50 65
49 94
18 70
4 35
42 84
25 75
53 57
14 45
20 61
49 77
2 10
22 40
23 33
62 94
6 70
27 49
45 54
73 81
52 57
35 61
75 85
9 90
4 6
10 59
52 53
64 88
68 77
35 52
18 67
50 91
41 92
45 53
5 51
9 30
6 56
36 96
31 96
9 84
30 95
51 62
13 19
33 86
57 61
40 67
62 75
42 98
56 95
50 57
31 50
10 48
33 35
43 66
45 97
72 94
14 72
2 91
53 61
0 31
21 86
5 69
3 29
59 70
47 49
40 69
30 97
62 67
4 24
76 83
56 62
48 52
15 22
33 40
16 87
10 57
2 88
67 83
16 66
31 48
45 67
50 73
50 63
34 43
72 95
38 55
0 21
2 62
22 29
18 63
72 87
5 20
5 23
30 71
51 98
2 33
61 67
23 51
64 81
31 33
50 68
59 97
53 79
31 62
68 88
66 69
61 91
45 80
38 70
10 53
33 61
6 67
70 97
57 97
32 62
55 72
9 57
6 63
38 53
41 78
44 75
76 98
63 96
33 56
38 61
21 91
71 97
35 57
31 69
48 95
55 66
77 78
38 79
31 88
81 92
31 35
32 90
49 72
48 91
31 39
59 68
2 71
16 59
