67 91
25 45
1 43
2 31
23 33
0 21
43 58
67 78
73 83
18 35
15 96
50 57
45 66
1 53
51 55
69 95
10 51
62 72
14 97
50 77
21 80
33 97
0 83
36 48
32 86
33 42
52 57
13 20
53 67
1 4
60 90
14 67
2 50
24 87
31 97
5 95
33 40
6 35
52 71
51 97
52 96
38 70
25 34
10 59
35 87
13 38
77 83
9 41
1 91
48 95
53 83
5 88
35 79
63 96
50 52
16 55
18 22
57 96
32 95
10 40
55 56
22 64
2 69
19 57
31 35
50 96
44 48
76 82
61 83
33 70
24 42
14 86
79 82
6 59
5 33
33 83
26 70
43 56
31 67
13 25
62 79
41 72
5 35
49 53
56 96
7 25
51 92
4 49
10 14
10 97
7 40
2 73
35 54
53 72
60 68
42 63
22 96
6 56
32 40
40 70
20 90
48 57
5 49
48 59
0 62
31 70
15 70
72 82
2 87
50 61
43 95
67 86
21 31
17 53
56 57
52 83
18 40
24 92
22 33
67 97
57 97
20 33
48 79
61 96
5 37
1 44
2 76
5 98
35 63
56 61
24 47
38 92
30 50
55 82
35 83
52 55
38 97
6 63
21 98
45 82
36 47
0 69
16 30
61 97
59 90
10 69
9 85
16 81
2 57
17 72
41 61
32 84
62 66
0 56
2 95
19 90
26 54
5 70
36 71
35 96
61 63
57 70
15 45
18 57
20 45
33 67
36 76
51 77
49 68
18 81
18 32
61 62
57 67
67 87
61 95
57 87
53 96
31 65
83 96
36 66
35 97
59 85
19 84
3 14
50 63
42 79
61 91
57 91
96 97
14 90
10 53
53 57
36 72
78 97
23 43
52 61
63 87
9 57
9 75
77 82
35 75
9 48
9 72
52 53
24 84
67 88
27 92
4 56
25 51
14 57
70 88
25 33
18 67
22 76
23 37
91 94
31 52
6 86
8 54
33 62
11 41
51 88
57 75
45 79
4 26
10 70
79 88
18 56
16 97
45 91
44 59
52 59
33 61
26 66
56 70
10 71
18 70
50 75
62 73
63 83
45 63
5 86
10 45
18 84
38 81
6 67
81 83
45 61
73 87
9 49
2 14
35 68
5 77
57 62
27 45
58 80
53 61
51 75
31 44
40 68
6 14
38 56
91 96
75 84
66 68
53 91
56 62
19 50
31 86
38 52
32 81
26 75
25 84
48 69
0 80
40 60
17 47
76 97
23 64
44 75
67 73
45 98
2 52
18 54
84 91
45 62
14 52
44 66
3 7
2 26
30 94
31 96
44 96
59 98
31 87
58 92
31 95
29 87
20 42
9 34
71 76
64 82
45 97
59 87
10 44
44 91
28 78
30 63
10 61
2 96
57 61
0 14
19 48
56 83
18 43
48 61
13 19
6 32
71 73
48 56
2 59
20 31
56 63
11 58
6 53
25 64
14 48
48 84
51 90
1 10
67 68
15 86
59 97
60 95
10 33
57 83
4 70
58 91
21 67
54 67
69 82
35 57
2 83
21 62
63 85
88 97
18 64
10 35
5 30
35 44
14 81
14 62
2 82
62 83
55 81
63 71
4 94
30 88
5 96
52 91
15 72
22 49
2 56
38 50
31 57
1 56
0 96
4 50
43 50
29 84
9 88
2 77
18 61
14 31
44 97
42 65
82 88
10 32
57 72
66 96
34 36
2 42
32 35
52 63
52 72
44 77
9 73
6 61
43 91
3 78
33 86
61 75
52 98
33 57
18 75
51 78
38 95
17 38
41 68
24 71
50 97
17 80
5 19
50 62
38 87
39 68
61 67
31 62
38 61
