14 32
0 69
18 97
10 31
70 95
64 78
41 97
21 68
36 84
53 66
38 86
6 54
66 97
35 61
59 87
63 77
40 69
10 96
67 97
21 53
16 32
5 57
52 79
9 17
43 69
20 59
52 57
5 84
32 51
6 53
55 63
6 31
18 31
14 24
31 83
30 56
26 62
29 36
72 73
57 62
52 96
15 66
50 70
52 56
31 73
61 67
57 97
4 19
72 95
1 92
14 91
23 52
15 35
0 10
63 90
59 83
81 84
57 96
57 87
56 97
24 38
22 30
27 81
49 67
5 70
81 94
88 97
10 40
35 87
10 78
22 26
50 82
42 81
25 37
96 97
57 83
33 70
15 73
33 36
70 84
55 65
26 38
31 52
44 67
21 96
40 86
84 98
13 47
14 53
52 87
24 82
5 26
32 61
33 44
64 82
42 76
25 51
18 87
2 70
4 79
64 83
48 57
11 58
35 53
45 73
2 57
3 82
4 62
48 84
10 56
67 81
45 53
45 96
14 49
34 63
31 97
58 68
5 61
33 95
35 63
53 57
20 31
9 14
61 96
88 95
19 21
62 91
62 67
63 67
33 61
17 58
2 88
43 57
41 55
1 5
2 67
35 95
44 76
51 55
3 87
0 86
44 49
57 98
60 95
62 88
2 38
18 67
5 71
40 56
77 80
20 75
19 54
62 96
45 56
31 87
37 40
14 48
33 67
0 21
7 96
50 83
15 18
17 68
57 91
87 95
52 83
6 32
1 45
14 42
18 53
9 54
88 90
57 67
49 59
23 59
45 48
18 96
4 64
72 91
56 63
76 79
2 91
34 82
68 86
70 83
50 69
42 51
91 96
6 82
18 62
44 61
36 76
57 68
47 81
15 43
52 61
61 63
32 86
56 67
2 35
75 83
45 67
79 91
31 85
51 90
1 25
9 25
30 96
38 57
66 79
14 35
5 13
18 50
19 52
22 41
63 83
11 18
6 9
30 54
33 50
2 62
71 96
35 59
10 38
34 47
3 60
4 44
33 57
9 97
31 50
50 63
44 48
2 61
38 59
56 91
71 86
10 87
72 96
45 87
18 75
30 60
9 30
33 52
91 97
31 36
2 52
6 94
25 61
65 95
68 72
33 97
14 45
10 48
2 42
13 26
58 96
42 67
40 77
14 40
48 50
39 88
61 82
18 48
8 91
7 22
63 91
16 17
31 56
53 84
61 80
19 58
52 67
35 52
16 66
18 33
33 63
33 83
0 50
76 78
43 80
71 82
45 59
52 97
1 28
5 45
25 70
19 62
20 63
51 59
22 25
61 68
75 97
73 75
41 79
6 88
49 57
35 62
75 84
35 44
48 61
38 94
25 45
9 82
50 62
38 43
10 59
33 53
14 92
35 57
2 31
10 61
14 75
1 52
16 22
67 91
56 61
5 83
70 96
29 91
5 27
2 45
38 63
38 78
18 90
43 96
72 77
6 57
32 57
4 77
70 75
0 2
41 51
50 56
61 97
24 70
57 73
67 72
2 97
2 50
20 68
31 53
10 45
53 83
51 56
92 96
48 98
83 86
10 17
53 90
92 97
44 62
14 97
0 77
24 69
19 61
35 56
75 98
23 71
66 69
14 44
56 75
21 71
56 59
20 82
31 57
36 92
38 97
79 98
2 43
48 64
9 52
72 87
18 61
54 95
71 72
32 40
2 24
0 35
1 72
10 33
4 73
10 95
60 80
6 56
9 61
49 55
26 83
43 70
23 42
44 83
5 67
77 96
55 66
10 57
35 88
50 51
5 85
78 86
36 48
76 84
13 32
62 81
44 51
33 35
85 88
48 70
7 90
31 62
50 61
