59 94
5 31
69 71
77 82
48 72
68 82
26 51
33 83
41 76
58 91
10 36
33 63
96 97
2 44
0 5
10 76
36 81
26 66
3 79
52 75
35 67
24 85
36 55
45 55
52 82
50 62
32 38
28 36
25 90
45 57
31 61
62 70
45 83
41 84
26 43
58 65
20 51
76 96
5 87
11 98
15 18
36 52
10 67
57 83
14 26
20 80
14 48
22 51
19 73
15 58
24 91
42 95
4 86
32 84
9 96
10 97
33 72
32 82
33 97
6 37
2 81
18 67
32 77
31 87
86 97
52 97
56 79
9 10
10 63
40 91
63 83
18 83
36 61
9 14
2 97
25 88
43 75
56 88
45 97
18 71
14 34
44 62
50 59
10 68
1 9
38 61
6 32
49 83
67 78
64 75
48 87
9 91
14 88
38 56
14 30
35 50
76 91
19 81
61 83
2 57
69 88
61 82
48 75
2 13
50 61
2 67
14 67
33 51
57 61
0 33
63 95
10 42
6 48
25 87
67 75
33 53
35 70
86 91
6 56
64 72
2 38
31 62
45 91
11 44
3 44
67 97
43 55
4 37
73 87
2 33
76 77
20 66
52 79
78 84
70 96
31 54
50 96
35 62
6 73
25 30
44 56
31 33
44 96
44 53
92 95
18 73
36 60
33 60
17 38
30 53
42 62
23 53
24 61
58 94
0 17
88 94
35 44
17 92
48 97
70 83
57 90
1 67
33 57
33 52
6 10
35 39
23 24
71 91
9 87
62 67
1 56
61 67
40 76
7 72
9 53
14 61
38 57
55 82
41 92
17 97
32 51
35 63
6 63
24 79
44 70
10 57
61 66
10 96
61 97
40 54
2 9
52 66
63 97
29 80
43 86
44 66
2 5
13 87
5 57
81 91
22 90
72 84
16 47
35 57
9 57
21 49
67 91
1 4
31 59
0 78
52 62
48 59
5 84
19 83
22 49
6 14
63 72
35 96
40 83
69 72
57 82
44 75
5 38
42 48
18 57
31 63
56 63
19 56
59 97
53 92
48 96
18 95
4 55
4 90
4 43
90 95
31 56
7 69
35 52
57 63
72 88
68 98
21 56
79 96
42 71
91 97
20 73
62 87
45 84
77 80
70 91
50 95
53 61
70 97
2 45
52 87
31 50
14 83
40 59
33 49
58 70
26 68
5 64
16 24
18 41
53 67
56 57
61 92
51 57
29 66
2 88
45 75
5 18
5 22
83 98
69 98
57 62
2 3
57 96
14 38
0 85
52 70
18 33
19 86
1 31
2 61
8 75
14 21
0 57
84 95
2 55
1 52
59 82
44 48
18 96
62 96
31 83
48 50
6 50
50 70
5 52
73 79
49 85
54 84
71 81
62 90
17 54
13 81
48 61
53 79
52 67
6 40
57 77
60 68
35 61
43 57
78 82
30 72
10 45
25 51
10 95
43 77
18 61
73 88
70 71
22 53
19 42
40 56
52 57
25 97
51 65
14 62
21 23
83 97
64 81
2 91
35 53
27 64
26 31
33 45
19 67
63 96
35 45
20 30
43 51
15 70
30 95
20 38
33 50
25 34
14 32
67 96
53 77
25 45
38 48
2 56
16 35
5 7
4 38
31 47
56 97
59 61
50 67
10 38
31 57
34 47
63 84
14 98
69 87
59 86
16 96
57 97
18 62
5 50
49 63
0 67
35 56
59 83
2 87
50 71
22 45
56 78
52 61
0 18
10 61
13 54
27 75
42 68
32 53
23 75
32 60
15 72
61 96
9 21
1 62
35 86
10 50
40 66
51 88
35 68
45 86
56 70
68 96
18 80
31 52
21 31
41 59
82 96
15 95
