21 66
4 96
20 56
6 25
35 45
42 77
29 51
40 51
76 77
73 76
10 75
33 63
96 97
5 31
14 97
10 44
32 59
61 79
90 91
50 52
35 67
53 55
36 88
50 51
40 48
31 62
42 81
8 79
31 75
48 72
31 61
35 70
10 15
49 62
56 76
23 29
20 42
0 65
4 18
26 67
18 54
52 67
10 98
57 83
45 57
42 48
48 82
51 63
25 51
58 80
6 72
76 81
32 53
19 50
9 96
10 97
4 56
43 87
5 44
22 80
2 50
67 72
60 67
67 87
36 73
35 97
54 81
64 79
14 83
48 91
3 48
62 83
16 25
31 82
2 70
6 14
31 67
38 88
45 97
49 69
27 88
7 88
62 96
19 81
9 57
10 38
50 67
0 49
45 78
13 15
82 91
6 9
14 96
10 91
10 57
22 38
17 86
53 80
61 83
2 57
32 88
75 82
18 48
13 56
50 61
45 70
33 88
33 53
57 61
0 14
75 83
42 88
30 41
31 56
79 96
48 53
70 84
40 95
6 34
49 98
53 96
18 79
38 60
2 6
1 26
67 97
24 87
28 37
63 77
2 62
18 20
94 95
32 52
59 63
61 96
17 68
31 50
33 35
35 87
71 86
18 87
33 75
44 96
9 59
35 71
70 92
4 36
31 60
15 86
2 64
17 83
4 73
26 61
4 14
56 75
40 43
32 96
78 85
63 97
48 51
90 96
1 82
33 57
61 68
36 56
14 62
11 85
83 91
9 67
30 55
55 90
61 67
63 87
9 41
41 64
2 61
18 95
55 98
33 83
14 35
19 92
52 68
32 38
40 82
44 83
51 57
59 97
95 97
5 97
21 54
2 31
61 69
53 68
11 81
21 26
0 63
5 91
1 58
5 14
0 91
22 79
70 71
15 16
35 57
57 59
21 80
2 67
35 66
48 86
53 95
45 52
60 71
36 98
52 75
23 39
14 90
33 72
2 96
30 69
10 69
38 57
62 69
50 62
3 6
18 57
31 63
56 63
43 70
59 95
42 45
91 96
18 76
0 6
68 97
5 63
38 84
52 56
58 78
61 70
26 83
19 96
35 82
7 17
31 96
5 37
91 97
73 87
5 61
68 95
25 77
10 53
50 97
10 61
33 97
2 72
44 52
31 87
22 50
0 78
19 48
22 92
65 70
33 36
43 62
41 45
5 67
56 57
58 61
14 51
54 72
88 96
53 84
67 70
22 97
1 86
87 98
57 62
2 44
57 96
33 45
82 90
43 59
9 51
54 88
52 91
42 50
23 67
71 84
25 57
24 58
25 61
1 3
56 59
44 95
47 86
44 67
40 91
45 95
2 10
57 70
5 9
53 94
19 49
52 84
25 83
51 83
83 84
13 38
18 61
34 44
2 52
33 56
6 57
24 71
35 61
32 33
20 78
30 50
45 61
63 76
10 56
43 90
38 48
9 64
38 69
53 66
2 35
56 97
52 57
5 41
19 52
14 50
4 23
92 97
82 85
14 63
44 57
61 72
33 91
10 45
21 67
63 96
6 35
86 87
52 83
20 68
30 48
2 20
50 56
77 81
31 73
67 96
2 77
24 49
34 38
2 18
16 35
5 62
38 47
47 70
56 62
52 66
18 32
10 35
31 57
17 61
44 84
14 57
59 87
25 59
50 91
57 97
33 62
10 43
53 71
1 40
35 56
68 73
30 82
18 62
43 45
9 73
52 61
18 84
64 66
7 13
27 66
24 36
40 86
24 95
32 63
72 75
57 81
14 75
92 94
1 97
15 45
66 79
0 16
70 83
59 72
55 62
33 44
55 72
31 52
21 31
5 84
18 77
26 75
