14 45
51 71
58 75
1 6
14 70
53 67
30 88
43 51
16 88
14 76
10 75
64 79
24 30
5 75
33 70
25 62
32 67
79 97
18 51
25 48
38 62
86 97
95 98
51 57
5 22
2 55
88 95
8 79
32 62
60 72
61 96
48 94
22 36
5 82
56 86
23 29
24 44
0 86
42 79
62 77
15 56
52 67
56 62
57 83
53 57
22 42
70 88
14 63
51 97
43 44
25 72
26 32
63 97
45 75
52 96
6 96
19 59
31 43
35 72
25 80
42 53
24 96
57 95
67 87
14 97
32 53
20 81
56 85
2 13
60 91
58 77
31 84
25 53
10 31
0 2
83 97
35 68
59 62
43 67
48 91
27 41
35 73
52 82
4 68
9 57
38 95
33 67
48 70
66 78
26 35
70 82
9 84
14 96
50 69
10 57
73 88
38 76
26 75
59 61
2 57
35 88
18 63
33 59
56 59
64 84
57 70
48 63
5 33
57 61
48 84
75 84
63 67
30 41
31 56
56 67
6 35
70 71
25 63
6 83
20 98
56 96
79 83
38 60
2 6
1 36
56 97
36 69
70 83
3 55
56 90
1 48
54 80
18 68
67 91
9 62
32 44
31 72
78 82
4 25
36 50
87 95
17 55
84 87
33 50
32 66
4 81
51 98
31 49
15 23
35 96
29 76
48 67
61 73
56 72
56 63
15 78
11 82
30 53
14 58
51 68
10 96
1 63
33 57
10 70
81 91
14 52
11 85
53 83
41 71
55 63
63 87
61 67
5 53
53 96
45 77
2 61
18 26
48 73
33 83
14 35
49 84
31 91
48 77
45 97
31 67
57 59
75 77
18 44
2 5
58 92
2 31
61 86
52 68
32 91
10 21
22 86
56 83
30 86
45 72
40 63
73 83
38 50
0 16
35 57
43 68
20 54
2 33
13 95
52 60
48 87
25 91
66 71
0 95
52 75
20 53
2 90
44 58
49 64
30 52
19 69
38 57
61 87
62 97
2 63
18 57
18 31
40 84
54 92
15 87
6 42
2 96
35 62
6 44
13 71
66 97
35 84
52 61
31 55
61 82
5 26
1 66
35 50
7 86
31 96
5 10
59 97
41 77
14 33
49 57
81 96
10 45
50 97
10 61
33 97
87 88
38 52
59 87
4 50
36 78
4 62
22 81
21 88
33 96
32 50
37 38
5 50
56 57
79 91
14 19
23 72
88 97
33 43
48 75
1 13
14 23
65 98
61 62
18 53
57 96
52 62
19 90
9 92
20 85
54 96
52 56
16 37
67 82
10 36
43 57
26 39
61 97
3 64
59 96
17 95
52 69
0 67
1 9
45 49
2 10
57 91
38 80
83 94
9 91
68 71
40 83
77 83
44 83
18 96
18 61
44 45
50 52
56 61
63 65
16 41
35 61
33 42
50 70
45 62
45 61
0 94
9 34
57 90
38 45
40 56
63 96
33 44
2 35
57 97
52 57
67 72
20 45
50 61
4 6
34 92
14 31
7 87
61 95
47 80
2 9
10 97
90 97
54 79
6 61
49 87
15 69
66 67
19 53
2 44
2 50
19 82
59 73
67 96
51 91
24 82
83 86
18 28
2 22
5 83
66 69
0 82
53 61
9 17
92 97
10 35
50 57
17 61
62 91
14 67
42 98
34 51
35 91
5 57
18 33
17 42
68 76
10 24
35 47
40 76
40 73
18 52
9 45
47 64
21 44
5 14
31 59
4 7
27 40
19 78
18 40
21 38
10 32
51 90
43 81
50 76
21 24
31 71
48 81
45 70
0 70
3 10
21 36
55 62
44 75
5 72
31 52
6 31
38 72
18 70
33 95
