45 78
33 57
72 83
67 84
53 61
55 57
14 92
50 96
84 98
10 95
44 63
53 97
63 84
86 96
30 87
50 67
10 61
31 50
1 44
10 91
48 70
14 56
2 97
18 61
82 97
64 67
48 67
20 91
83 95
62 96
56 86
26 34
31 56
33 67
88 96
5 9
57 75
5 66
6 35
19 31
61 87
50 63
39 42
22 90
10 67
22 91
54 75
16 25
71 75
27 34
72 81
38 63
44 87
79 97
66 67
56 91
31 35
49 62
44 83
5 14
14 53
5 25
67 96
0 38
83 88
87 90
45 61
10 83
40 48
30 75
27 31
36 53
44 57
45 91
18 67
68 70
70 73
32 48
4 88
61 67
6 75
10 23
43 83
36 63
61 77
31 57
21 33
19 81
9 31
61 91
15 45
41 90
62 83
91 96
8 63
48 56
9 87
9 41
40 72
22 43
61 97
9 59
6 70
18 87
32 94
60 68
37 65
72 95
2 14
57 79
52 96
24 94
71 72
51 57
43 84
61 64
3 75
4 97
18 30
57 63
42 96
2 32
35 48
6 68
33 52
13 31
0 70
44 96
52 73
14 57
76 77
22 64
11 52
1 16
18 59
13 63
5 97
36 83
21 59
40 80
52 98
0 95
7 71
66 90
56 61
20 92
2 78
53 57
33 95
32 79
86 98
10 69
2 50
5 43
47 54
6 52
17 57
60 69
20 60
17 54
72 96
51 83
48 86
14 96
10 68
44 90
54 78
72 84
10 45
52 53
56 57
76 81
45 57
35 57
19 83
1 4
41 85
38 86
32 84
2 53
2 56
2 49
51 80
1 70
38 55
61 62
18 44
2 18
63 85
15 82
67 77
61 96
62 91
49 64
3 26
23 71
11 49
59 64
10 57
38 97
25 66
22 30
57 86
73 83
35 56
57 88
7 94
5 52
76 92
35 97
14 97
32 35
3 47
13 14
14 32
45 48
38 70
10 52
68 77
45 50
40 67
31 97
30 68
30 56
36 51
50 62
17 87
2 35
18 58
2 59
21 53
31 91
2 52
51 95
16 26
38 91
17 18
14 83
5 83
33 96
51 77
23 82
40 61
18 31
6 56
54 82
36 56
26 51
10 50
31 59
26 33
10 96
35 92
28 44
2 61
18 72
69 84
31 33
53 86
35 87
0 42
45 56
57 67
35 67
31 51
55 65
38 76
80 81
5 10
20 25
50 82
55 98
29 78
4 24
14 24
88 98
24 43
4 82
59 69
21 48
85 95
53 87
71 84
0 63
19 79
47 69
33 61
33 62
35 50
9 53
13 38
50 97
36 90
9 25
10 75
57 97
5 61
63 73
75 83
72 77
19 73
33 35
25 55
19 57
23 80
5 56
17 70
9 96
2 96
52 81
15 21
68 78
57 84
9 52
62 73
14 77
26 69
45 52
35 53
35 96
75 79
20 81
6 58
67 75
66 73
21 82
33 49
52 62
0 41
43 91
4 38
51 66
62 95
1 92
5 62
62 82
70 97
18 20
60 95
50 88
42 70
71 86
16 34
53 59
48 57
52 71
1 2
6 87
50 61
62 67
44 56
31 45
42 97
32 51
18 43
88 97
2 31
33 45
35 61
33 91
48 96
2 57
14 29
59 62
15 35
10 38
0 50
14 63
1 41
56 59
82 87
45 66
45 96
25 82
52 95
25 63
6 44
33 70
15 91
6 37
18 48
32 38
63 88
31 61
42 55
52 67
58 68
61 79
59 61
62 70
0 43
40 58
22 76
49 83
7 88
4 67
36 76
24 58
44 97
9 18
19 42
50 57
5 24
40 79
2 48
40 97
33 97
56 81
70 72
