33 86
33 57
57 83
18 34
61 79
45 55
18 92
35 50
37 84
0 84
59 97
67 76
0 17
24 83
56 87
50 67
5 61
31 97
40 84
18 24
48 54
14 56
2 51
18 61
58 80
19 56
53 62
11 98
0 72
62 83
17 47
14 71
72 88
33 79
51 91
44 54
6 57
41 53
57 88
48 61
19 87
21 61
45 70
5 33
9 69
1 97
72 94
3 44
70 75
45 82
50 82
31 67
1 33
8 25
43 87
17 91
5 35
38 61
80 98
24 42
9 45
5 68
56 67
19 88
35 95
5 31
61 67
10 56
18 48
13 21
73 90
90 98
44 57
14 44
39 90
24 92
2 53
0 13
64 73
59 67
57 75
23 76
83 91
66 87
69 73
31 52
40 64
6 82
14 75
4 81
15 78
48 71
27 77
91 96
44 67
33 59
53 87
18 91
25 29
31 43
61 97
30 98
18 82
40 73
79 81
20 68
37 65
35 72
14 83
17 63
52 66
52 88
71 76
10 61
5 45
7 61
6 44
32 62
48 59
57 61
63 96
16 83
31 35
19 67
2 33
59 95
64 85
1 54
6 97
14 35
38 77
44 76
67 91
26 98
62 70
9 48
35 62
11 95
59 96
78 96
52 57
38 44
84 96
5 97
61 70
72 96
48 57
53 57
43 86
10 81
30 84
45 97
5 26
33 70
36 63
70 90
14 36
10 36
48 88
31 56
38 72
41 56
70 86
18 56
1 95
21 26
30 90
25 43
10 53
52 53
56 57
42 97
45 57
35 57
30 31
22 57
22 78
50 72
2 32
14 48
50 53
32 49
19 68
15 86
56 95
61 62
48 86
2 18
35 53
15 54
7 22
56 61
62 91
32 92
10 42
69 71
20 49
66 67
35 97
5 95
38 96
30 68
57 86
13 83
35 56
59 66
42 69
2 5
76 77
35 70
32 42
10 92
9 77
32 73
18 66
25 26
2 38
45 52
2 20
20 50
67 77
33 97
63 91
14 70
51 63
50 62
32 61
2 95
51 62
2 40
49 50
31 91
2 52
57 95
16 52
38 91
51 86
35 52
9 75
2 10
53 72
23 88
6 61
18 33
62 63
42 95
60 83
50 55
10 18
91 97
38 47
10 96
35 80
28 44
2 61
51 78
36 75
33 87
1 59
6 10
5 48
57 81
57 67
35 67
56 96
9 55
41 73
33 85
4 97
92 97
50 97
5 78
79 80
4 5
10 87
56 88
25 34
33 60
13 44
21 70
19 72
50 96
15 84
44 63
10 32
47 88
33 61
50 87
0 96
31 33
62 79
6 51
27 36
57 68
10 48
54 71
10 67
25 63
49 62
52 59
36 60
17 97
58 96
0 18
9 20
64 69
38 82
6 9
2 96
24 60
21 22
51 81
26 63
32 82
4 22
14 82
4 43
43 52
63 83
96 97
49 63
41 94
45 63
67 96
66 70
25 58
16 36
14 40
0 75
23 38
4 23
1 51
43 53
14 31
45 62
0 25
18 97
20 53
75 95
3 79
42 55
41 84
16 34
48 52
31 66
1 2
24 73
4 83
50 61
45 83
53 67
31 45
21 68
44 51
10 43
77 97
38 83
87 90
35 61
82 91
18 31
2 57
22 77
52 63
6 35
50 59
52 56
67 75
56 69
52 96
40 63
57 59
57 96
76 84
7 65
19 70
9 38
33 40
15 30
6 96
83 96
84 94
26 31
31 61
58 71
52 97
45 56
61 83
52 83
62 68
49 75
57 91
50 58
55 79
29 88
71 85
75 81
14 55
9 64
3 86
68 82
14 57
14 87
70 87
45 67
31 40
2 62
2 82
72 81
