3 34
13 24
17 22
19 22
12 41
18 20
0 13
39 41
5 28
20 35
27 36
31 42
4 17
13 20
12 40
13 15
28 29
7 44
39 44
12 23
27 40
18 39
20 23
12 44
13 18
23 33
2 18
3 20
30 40
12 33
10 33
17 19
27 37
9 28
10 13
17 25
20 36
3 33
5 36
3 18
20 38
16 17
20 33
23 31
3 39
20 31
26 39
7 19
13 23
20 28
34 40
39 40
12 17
18 23
13 21
20 44
21 27
10 36
13 36
2 5
1 40
17 20
29 40
7 39
33 44
24 30
29 44
34 39
17 39
34 44
8 40
33 40
29 33
11 34
13 31
20 34
3 12
18 27
13 28
25 37
19 35
5 27
0 31
5 35
0 30
17 44
30 33
31 37
25 44
31 33
3 31
12 21
20 37
24 27
17 35
0 21
41 44
1 33
24 34
3 30
25 33
40 41
28 33
13 33
29 31
12 31
33 34
9 39
19 28
0 18
3 25
26 27
12 22
19 44
12 29
18 40
34 41
12 27
2 3
40 44
30 34
12 13
0 23
25 28
19 37
28 39
5 12
25 40
43 44
11 23
13 35
19 34
27 33
20 27
18 19
0 35
11 20
24 28
12 19
23 37
2 27
2 35
5 23
5 20
5 44
2 17
3 15
5 39
21 23
34 36
0 27
13 34
27 28
40 42
17 33
16 33
13 29
0 3
30 35
23 34
5 22
19 27
13 37
26 36
9 40
5 40
23 27
12 20
15 28
21 29
24 41
23 30
37 40
3 13
18 30
2 33
0 40
12 18
29 43
17 28
21 37
13 41
1 34
20 21
27 39
12 34
13 40
0 12
