21 39
27 28
13 34
18 23
3 12
12 29
28 33
0 9
21 40
2 21
27 36
12 39
25 31
3 28
17 19
26 27
25 33
23 25
19 27
13 38
23 33
0 21
27 29
31 40
20 24
24 39
18 33
27 34
34 35
1 40
10 13
12 17
20 34
20 29
13 18
31 36
25 34
23 34
2 18
33 42
19 20
39 40
17 25
19 23
36 37
5 34
0 34
19 29
26 39
2 33
33 37
13 17
23 39
3 34
3 26
22 31
17 35
20 35
34 40
3 40
28 30
29 44
12 42
9 44
20 23
16 39
30 41
19 33
12 44
29 34
12 33
17 28
20 33
5 12
2 37
5 20
28 34
13 31
23 27
23 30
3 31
17 29
12 41
2 44
17 39
17 44
3 39
22 23
17 43
25 40
13 39
15 40
13 40
11 12
19 44
2 27
17 34
37 40
18 35
35 41
7 21
33 34
30 31
3 35
20 27
0 27
3 36
21 44
18 39
18 40
20 25
20 40
12 18
4 34
19 22
13 23
30 33
13 33
8 11
7 35
28 44
18 20
5 19
13 27
36 40
31 43
16 40
20 30
0 2
36 44
5 31
12 19
23 41
0 18
9 28
0 5
24 29
3 13
12 37
23 28
13 37
12 21
27 37
3 33
13 29
41 44
12 23
12 20
5 39
0 31
33 41
24 28
27 33
1 20
13 21
7 12
13 19
18 30
10 24
1 13
5 35
20 39
12 36
0 11
5 30
0 28
13 28
30 40
34 37
12 40
5 40
37 44
5 28
13 24
3 20
3 44
17 20
22 33
13 20
27 41
5 33
17 27
0 40
15 27
27 44
33 40
10 44
15 18
