11 28
12 16
19 44
27 38
35 40
0 41
0 26
13 33
13 44
13 41
0 37
21 34
13 18
13 23
23 35
27 34
5 13
23 40
23 31
2 35
27 31
25 33
27 40
20 27
12 37
23 25
40 44
5 12
33 42
2 40
1 23
1 20
36 44
31 33
20 23
25 34
33 40
27 39
0 5
28 33
10 17
33 37
9 41
13 17
17 44
33 34
30 39
20 24
23 42
13 31
3 23
18 37
31 35
24 34
5 20
7 35
3 27
35 43
3 33
21 36
0 18
20 36
0 39
33 39
12 20
19 29
20 34
13 20
27 44
28 30
12 21
3 44
18 30
10 20
23 44
22 40
17 36
10 30
23 27
5 31
12 17
12 13
23 36
13 39
12 29
18 39
2 27
11 33
2 13
15 25
24 41
20 28
13 28
12 28
22 34
12 27
7 34
27 33
12 34
12 31
21 39
3 34
8 27
3 40
1 40
17 25
20 37
20 39
9 33
5 18
0 33
18 33
3 39
5 44
13 21
34 44
19 39
16 44
3 25
28 40
33 44
21 40
20 31
18 36
12 19
12 43
18 31
13 25
7 18
5 30
19 40
13 37
12 23
17 34
22 23
26 34
20 40
3 5
17 41
19 27
24 40
13 40
13 22
3 4
0 3
20 33
19 31
5 26
12 33
2 12
18 29
3 15
30 41
27 30
9 28
34 40
0 17
0 20
12 40
19 30
27 37
19 28
18 28
29 44
27 35
0 34
29 40
3 37
29 39
17 30
13 19
39 41
28 39
20 44
19 20
21 35
17 40
11 15
24 37
5 17
5 33
12 24
2 36
17 29
13 29
28 34
2 21
28 29
