23 34
13 26
19 44
27 38
28 40
0 40
11 18
19 34
10 13
27 31
0 33
20 27
13 18
13 35
3 5
24 34
5 40
23 40
13 44
20 40
13 27
12 18
17 40
17 27
12 23
13 31
18 33
5 12
13 42
2 35
21 23
8 37
36 44
31 40
12 34
9 28
33 40
18 39
5 16
19 23
25 37
17 44
20 31
13 15
1 20
33 41
27 29
24 40
23 33
20 42
3 23
0 3
0 24
5 30
5 41
34 36
3 27
16 43
3 39
13 40
3 19
24 36
19 39
15 33
7 33
19 26
13 36
31 35
39 44
28 30
12 21
3 44
12 27
10 37
23 44
22 34
35 39
27 34
30 35
5 44
12 17
12 20
23 37
39 43
12 36
2 28
2 39
11 33
2 33
19 40
21 40
28 34
35 44
12 28
22 28
27 39
9 20
27 33
12 44
12 30
5 34
3 34
17 21
18 20
1 25
31 44
33 37
20 39
20 33
18 40
28 33
24 33
23 25
31 39
9 33
34 44
19 20
34 40
21 35
28 31
29 33
15 25
19 33
20 29
19 25
17 23
4 12
0 13
7 37
30 41
17 18
18 34
12 41
17 34
22 27
21 41
17 20
5 25
13 41
0 17
1 40
12 13
20 22
3 36
20 41
7 20
0 31
5 33
12 33
23 39
23 30
17 30
0 26
3 20
20 21
13 30
27 30
0 27
12 40
34 39
13 37
10 28
3 28
23 29
27 40
3 17
29 40
3 18
12 29
18 31
13 19
20 28
21 28
40 44
37 39
5 35
13 34
11 27
0 2
0 44
2 17
12 24
18 29
13 29
25 36
5 13
2 27
29 37
