3 13
12 13
17 33
13 33
10 34
5 19
13 23
20 33
18 20
2 31
29 44
2 20
31 40
20 43
5 33
13 17
3 5
21 33
24 33
39 40
17 23
5 35
3 33
17 19
33 39
21 27
28 39
3 27
36 44
20 41
3 34
13 19
37 39
17 29
30 44
13 34
12 37
10 20
13 25
3 23
3 39
17 37
27 34
2 40
12 28
7 34
9 34
19 40
1 20
12 22
12 27
4 20
0 13
18 39
20 28
17 39
3 25
18 33
0 20
13 36
23 34
7 18
18 30
19 33
15 33
20 39
21 29
13 44
20 36
5 17
20 27
30 34
30 40
33 40
23 30
5 39
27 40
12 31
2 12
8 18
31 41
27 30
20 40
13 21
23 35
27 29
18 31
5 29
13 37
3 40
30 31
25 31
19 20
0 37
12 29
2 5
11 27
19 28
19 42
23 39
24 27
22 24
20 44
0 30
37 41
1 19
0 16
0 40
26 41
33 34
0 28
24 42
17 44
13 29
13 30
1 40
24 34
28 40
10 44
12 35
36 40
40 41
17 40
21 44
0 27
12 17
27 36
34 40
3 12
37 40
12 20
19 39
11 28
2 18
31 44
15 34
0 33
27 44
17 31
34 38
12 25
23 28
20 35
18 37
35 40
23 27
2 29
13 39
25 28
33 41
9 33
23 29
12 44
21 28
18 44
12 39
0 7
33 35
26 27
5 34
3 22
9 28
3 28
28 36
27 31
5 43
17 18
22 34
5 26
34 44
16 41
12 36
13 40
33 44
11 13
23 25
3 19
5 21
21 23
12 24
27 37
13 35
25 35
15 23
13 20
12 33
0 23
12 18
