13 34
28 40
20 24
20 23
21 26
23 33
13 40
9 41
33 35
27 40
2 21
23 44
18 41
13 20
5 39
17 20
20 34
12 40
5 44
39 40
19 20
1 13
18 34
16 41
3 13
0 23
0 41
12 37
12 31
18 19
15 33
1 33
13 37
20 30
5 13
33 34
10 31
12 21
29 33
40 41
23 24
2 20
0 13
19 21
18 27
18 35
3 26
3 12
22 27
8 39
17 44
3 40
27 33
3 5
2 44
19 39
9 40
31 37
12 28
28 34
15 40
19 23
33 38
25 31
0 7
18 33
25 36
0 25
29 30
2 13
5 37
25 27
13 36
5 12
40 44
3 20
30 34
31 44
17 18
12 39
12 20
18 39
3 36
0 29
34 35
19 40
0 19
12 34
13 17
22 28
13 28
20 39
0 37
29 40
12 29
1 34
13 25
12 33
13 44
7 11
13 27
7 13
0 40
21 39
21 27
20 33
17 30
15 19
12 44
12 18
2 3
23 36
0 28
17 43
5 21
20 41
18 23
27 44
29 43
10 33
34 36
28 41
20 35
27 35
33 44
36 39
31 40
30 31
28 30
17 42
13 19
13 24
37 44
33 40
27 30
2 24
3 35
33 37
13 30
12 23
16 17
37 40
23 39
17 23
5 40
4 33
12 17
20 26
27 36
28 33
13 21
20 28
23 28
35 44
22 37
39 44
29 35
5 27
27 34
34 44
5 17
3 33
18 20
20 29
17 33
2 10
12 22
0 31
5 34
24 40
30 42
34 39
23 31
34 40
29 39
5 11
9 31
17 28
20 27
12 27
12 25
18 24
23 34
11 27
3 27
3 28
19 25
3 19
