21 43
19 44
23 34
21 23
2 29
21 39
18 19
0 33
4 18
0 23
13 41
5 11
2 34
13 35
24 27
2 28
18 20
12 20
12 13
21 44
30 44
30 39
0 44
5 37
0 37
2 13
7 23
15 18
35 40
31 34
17 34
13 33
0 40
13 17
12 36
24 29
12 30
1 37
13 28
12 19
27 28
3 40
25 35
0 27
27 36
28 41
15 35
3 39
12 28
3 42
23 33
30 40
27 39
9 20
15 19
2 19
34 40
17 22
20 29
28 44
0 20
13 31
33 43
3 33
33 44
12 23
27 37
27 40
13 44
40 44
23 28
1 13
29 38
39 44
12 44
33 34
27 33
18 28
12 34
17 39
20 33
9 27
19 20
20 27
17 30
26 40
24 40
11 12
13 19
23 27
25 36
20 31
12 26
5 36
21 25
2 20
5 30
24 26
13 20
19 40
3 20
18 39
12 35
13 34
22 28
7 33
19 28
5 18
29 30
13 23
3 34
3 5
12 17
17 20
24 34
12 25
17 28
3 37
5 13
39 41
33 40
12 27
17 33
31 40
21 31
29 37
33 41
17 23
34 44
9 23
28 33
2 18
13 30
5 34
29 44
19 23
10 35
29 39
20 37
7 35
13 25
16 40
33 42
19 33
1 20
5 27
23 40
3 12
20 39
12 33
34 37
20 40
3 31
17 24
10 22
3 27
11 44
5 31
17 36
31 33
18 37
25 31
0 13
8 34
12 41
25 44
12 40
5 41
0 5
16 41
13 39
17 27
36 40
18 27
20 34
27 34
0 21
10 39
3 13
20 21
23 29
3 30
28 40
39 40
31 35
18 33
0 18
22 36
