27 30
15 39
3 17
2 43
33 39
23 34
13 19
31 39
18 40
36 39
16 25
12 44
2 44
13 37
17 27
20 25
19 28
1 13
4 30
0 31
8 20
27 44
3 21
25 27
5 29
13 41
23 27
10 23
28 40
17 20
28 33
9 18
3 41
3 29
12 24
28 44
7 12
25 40
25 36
23 37
28 34
3 40
26 33
0 10
11 13
23 29
24 37
12 30
12 27
29 33
19 44
30 34
12 39
12 13
20 43
1 19
5 35
2 24
15 20
3 44
5 19
21 40
25 28
33 36
24 27
5 23
21 28
27 40
13 35
37 44
2 23
13 40
12 38
28 39
0 3
12 34
13 33
18 20
19 33
30 31
7 19
0 34
2 34
13 31
12 17
0 39
21 34
29 44
13 22
23 44
20 34
31 41
31 40
5 37
17 21
17 44
30 40
3 33
3 12
12 37
26 27
31 35
12 28
17 34
34 35
27 33
22 40
20 36
9 33
13 23
3 34
18 34
0 33
3 18
24 40
5 22
35 44
34 40
13 28
39 41
19 20
18 28
20 33
19 22
33 44
37 39
10 20
11 33
17 35
0 20
13 27
21 37
23 31
12 29
35 42
27 29
12 19
0 12
20 23
11 34
16 34
39 44
17 36
17 40
20 41
5 27
19 21
2 31
13 20
12 33
17 18
17 33
42 44
13 18
0 26
12 18
5 33
5 13
13 36
29 31
23 35
15 28
37 41
9 25
18 27
0 5
18 29
2 7
1 5
30 33
13 30
20 27
0 40
27 39
20 30
27 36
23 40
12 40
3 13
20 21
3 20
33 40
5 28
17 39
24 34
39 40
18 23
40 41
