19 25
18 28
33 40
15 29
18 39
0 23
11 12
2 27
28 30
13 27
33 43
28 44
12 34
9 28
20 25
13 33
12 31
1 13
7 10
5 18
34 42
37 44
39 44
16 27
36 44
13 22
3 27
17 19
0 12
17 31
0 34
10 29
0 20
3 20
3 44
28 33
0 39
12 20
33 37
19 23
20 33
13 17
0 33
12 41
2 34
23 31
5 23
3 25
5 27
31 33
0 11
34 41
29 39
22 44
12 29
23 36
23 35
40 44
27 44
21 40
20 35
23 33
36 37
20 28
18 23
15 41
28 37
17 40
13 36
23 44
12 33
3 30
12 23
27 29
0 40
12 44
10 20
19 20
5 19
13 31
7 13
19 34
9 39
3 31
5 36
4 39
20 34
17 29
22 34
5 34
24 34
0 37
40 42
12 18
13 15
5 28
13 30
33 36
24 27
12 16
3 39
5 21
12 19
1 12
27 39
18 41
2 21
23 40
13 44
13 23
3 28
3 18
31 40
29 44
3 17
19 40
34 39
3 34
13 28
12 39
11 18
40 41
31 41
19 28
33 35
5 37
20 40
13 18
17 33
21 41
13 40
25 27
25 26
27 34
20 29
5 26
12 30
12 13
20 23
37 40
0 31
2 39
35 40
38 40
20 21
20 36
3 13
23 37
13 20
19 33
17 20
2 17
3 21
30 33
17 24
8 25
5 33
5 20
24 28
33 39
30 40
35 44
34 40
24 29
18 27
27 30
2 18
7 17
13 35
33 34
9 12
20 27
27 37
21 30
24 30
0 17
2 26
1 34
25 44
21 35
13 43
27 33
28 31
12 35
19 39
27 40
18 40
17 22
