12 37
21 44
33 40
0 15
18 39
23 33
3 41
23 26
18 30
13 27
17 43
27 28
17 18
9 20
20 25
13 33
10 12
2 18
0 29
5 10
34 44
40 44
5 31
19 31
27 39
12 22
27 41
11 20
7 17
13 20
7 44
28 29
0 20
3 20
3 44
13 38
26 33
12 20
24 33
20 34
20 33
12 13
0 34
12 44
13 34
18 29
5 33
31 34
5 27
28 33
28 34
8 41
2 12
27 44
13 29
13 36
19 20
17 44
34 36
21 40
20 35
1 27
1 25
20 28
27 35
15 23
27 37
16 30
13 37
23 39
12 36
0 35
17 40
3 18
2 20
40 41
10 35
19 44
23 44
13 31
35 36
4 13
3 12
3 33
5 13
22 24
17 34
23 29
22 34
5 34
12 24
0 39
25 40
12 17
13 25
37 40
25 31
29 33
24 27
30 31
3 29
5 18
12 27
37 39
9 37
19 28
28 44
5 23
2 33
13 16
3 28
19 34
18 44
29 39
3 31
19 40
12 19
33 34
13 28
12 39
18 27
17 42
11 12
19 30
12 33
30 33
20 40
13 18
17 21
21 33
13 40
31 42
3 25
1 40
20 31
26 40
0 12
33 39
20 23
0 28
7 27
36 41
23 35
0 40
20 41
0 3
3 39
23 37
13 44
19 27
2 36
2 40
15 21
33 36
5 24
19 23
5 40
17 20
12 28
20 39
30 40
21 35
34 41
35 37
18 22
27 30
0 2
17 33
13 39
5 30
9 13
23 27
31 40
21 34
24 29
30 44
17 28
3 34
23 25
18 21
23 43
27 33
39 40
5 12
19 39
34 40
11 28
17 37
