12 18
10 37
39 40
13 28
13 34
20 30
35 41
23 30
25 27
26 27
13 25
3 23
31 41
22 33
3 44
13 33
0 5
5 37
7 33
28 43
21 30
22 29
3 5
23 37
3 13
28 29
3 12
29 34
39 44
2 39
28 35
18 44
20 44
27 34
19 33
33 38
15 19
2 27
7 20
20 34
20 21
4 12
12 31
12 20
25 40
3 33
2 12
13 22
37 39
13 30
34 37
40 44
25 33
12 24
0 23
21 33
0 40
33 37
5 31
23 25
0 33
27 40
15 41
28 44
23 33
20 28
18 23
5 16
24 31
23 40
33 36
3 28
24 39
3 21
18 20
12 17
1 44
1 12
23 34
12 33
0 36
5 13
21 39
33 40
21 42
12 23
19 23
19 27
30 33
18 31
2 44
20 24
5 35
9 27
13 41
13 44
24 44
5 12
0 18
0 44
10 34
5 22
13 18
12 40
12 16
21 28
40 41
27 44
2 19
17 18
3 40
19 29
11 40
19 37
34 43
17 40
19 36
5 40
20 27
12 39
27 35
28 33
9 40
0 17
12 27
8 11
24 40
20 41
17 26
20 37
0 31
27 36
0 28
34 42
28 40
3 27
0 13
30 31
13 20
34 35
33 34
2 17
13 31
5 29
31 34
23 35
2 13
5 19
17 23
9 13
17 44
18 27
23 39
13 27
29 33
20 29
10 18
12 36
13 21
17 34
3 25
36 40
3 20
19 35
26 39
17 39
12 34
20 31
39 41
11 17
20 33
18 37
1 39
34 39
3 7
12 28
34 40
15 30
27 30
18 35
29 44
17 36
20 25
27 29
28 30
19 20
13 40
13 17
