13 18
23 29
39 40
13 26
13 41
5 20
34 35
5 34
12 18
17 23
13 31
3 36
25 35
19 26
3 39
13 33
3 23
15 30
0 40
28 40
21 28
20 29
3 25
5 7
3 21
18 20
3 44
13 37
39 44
19 44
0 33
18 44
20 44
27 34
9 19
31 38
2 34
19 36
34 44
20 34
10 34
5 19
12 31
12 20
20 40
1 20
1 33
17 22
21 42
13 30
12 37
19 40
25 36
12 24
17 31
17 28
20 36
21 37
4 13
23 27
0 12
27 40
1 15
29 44
23 33
22 28
23 39
16 19
24 44
23 28
2 33
3 33
12 39
0 41
20 27
7 12
13 44
12 13
23 34
12 33
29 34
5 12
21 24
33 43
18 39
12 40
12 35
25 27
2 8
15 18
5 21
20 24
11 13
9 27
29 31
37 44
24 40
5 28
36 37
33 44
13 29
28 37
13 22
23 40
20 28
3 31
33 41
0 31
13 23
27 41
3 17
0 23
34 39
25 28
34 43
17 27
5 36
5 40
0 27
27 30
0 30
31 40
3 9
0 34
2 12
18 30
13 40
24 41
18 29
20 37
40 42
18 31
23 35
11 33
23 44
3 27
0 39
30 40
20 25
10 18
28 34
2 19
2 31
5 41
11 20
20 30
2 40
5 33
26 27
17 18
12 28
13 27
27 39
13 39
28 33
29 40
21 33
7 35
13 21
17 34
3 10
36 40
20 33
37 39
12 44
17 39
12 34
12 23
33 39
17 44
0 20
18 40
40 41
19 34
3 5
12 27
16 35
30 37
19 27
19 35
28 29
17 20
25 33
22 27
30 33
17 33
13 35
13 17
