5 18
3 41
15 40
13 16
13 33
20 40
12 36
22 40
18 31
17 19
13 41
13 21
20 30
5 44
34 39
25 27
19 30
13 25
0 27
11 21
17 37
2 44
29 34
28 40
12 26
10 35
0 12
28 37
25 41
30 42
27 33
0 18
13 20
19 39
13 19
19 31
5 11
19 36
25 39
5 29
0 13
18 39
2 9
12 39
35 40
13 31
3 44
17 23
12 42
13 39
21 31
13 30
16 18
3 27
2 23
17 28
9 34
12 20
22 33
1 20
17 33
27 39
5 33
33 36
21 33
33 44
0 11
7 41
10 33
20 36
3 34
15 20
5 20
30 44
20 29
1 12
30 34
0 28
1 19
12 33
28 34
12 13
12 21
19 28
3 7
2 31
3 20
31 33
9 40
29 40
23 34
20 24
18 27
35 41
30 31
21 40
4 34
22 29
13 27
28 44
0 21
39 40
0 23
25 44
33 40
20 23
23 35
31 39
23 40
12 27
0 17
33 35
27 34
3 31
20 34
34 44
13 29
13 28
19 23
29 33
40 43
27 31
12 23
0 34
2 19
28 30
13 40
0 24
5 23
27 37
25 33
18 34
20 21
12 38
5 43
17 24
12 40
3 40
17 39
3 39
3 5
27 44
19 27
27 36
40 44
13 24
17 27
28 36
26 37
17 40
12 28
12 37
20 44
12 24
7 29
33 39
24 35
2 10
18 41
17 20
13 36
37 40
20 33
20 25
13 18
5 17
13 34
12 18
23 29
30 37
28 39
18 40
8 41
5 37
12 34
3 17
5 26
34 37
23 28
2 20
15 33
18 44
22 27
23 27
23 44
3 33
3 35
35 44
