19 25
13 26
5 36
5 13
13 33
34 39
0 28
13 40
12 39
12 36
18 30
25 30
17 25
23 33
36 44
12 30
15 40
9 44
3 31
0 20
19 34
34 41
18 34
34 44
12 42
25 39
1 13
27 35
31 41
30 39
13 18
0 40
13 29
17 38
17 40
19 27
7 34
18 36
26 39
12 35
34 36
29 40
0 33
19 39
18 22
10 13
37 44
1 20
12 21
20 22
0 3
0 13
20 27
33 37
2 33
7 40
21 31
0 43
17 22
35 40
3 21
19 33
5 17
3 33
43 44
41 44
34 40
23 39
27 33
11 20
31 33
13 20
5 41
27 44
3 20
30 33
23 29
2 19
2 5
12 33
12 31
2 12
20 34
25 44
21 42
17 18
12 28
27 31
13 17
0 10
18 25
20 40
27 40
20 21
17 30
8 39
3 27
12 13
10 41
28 36
24 33
23 35
23 36
24 35
33 40
17 23
12 27
13 31
21 28
2 27
3 23
3 18
23 37
18 40
20 28
0 44
3 13
3 19
28 39
31 40
29 44
28 33
12 23
2 40
3 40
40 41
5 40
19 30
31 34
0 7
20 44
12 22
4 28
13 37
12 18
18 24
12 40
17 37
23 34
0 17
18 44
13 23
3 30
20 23
27 28
13 24
15 30
5 19
29 33
26 27
13 28
28 34
16 35
33 41
9 39
20 39
9 29
5 11
13 27
17 27
5 37
24 29
20 33
20 35
37 39
5 27
19 29
16 27
12 25
3 28
21 34
23 40
1 33
2 37
12 34
29 34
15 35
20 31
19 28
11 44
5 21
27 34
20 24
5 23
17 33
13 39
20 37
12 44
