2 24
17 20
12 25
7 36
20 36
17 28
3 5
3 31
27 39
1 33
23 29
30 39
13 39
33 41
21 33
0 13
12 23
13 41
3 40
24 34
0 22
26 33
5 13
27 42
3 29
20 34
31 34
3 18
5 28
27 28
19 28
28 33
5 34
17 24
23 27
21 41
20 35
0 12
18 43
30 37
0 41
25 34
24 33
13 28
5 36
12 39
13 33
11 29
28 40
5 12
5 20
18 27
9 37
16 35
3 30
37 44
0 44
27 44
17 44
13 15
1 13
33 38
33 40
2 44
15 40
27 33
33 37
11 40
18 28
0 28
3 39
13 34
20 31
31 36
17 27
33 44
12 19
25 40
7 27
12 27
2 30
19 25
25 39
26 28
21 22
5 17
27 34
13 42
9 21
5 22
17 21
20 21
19 39
13 29
31 44
23 39
12 31
20 40
20 41
12 20
12 35
34 36
17 39
7 23
23 35
31 40
20 39
35 40
8 21
19 23
4 40
18 24
12 26
27 35
28 34
2 39
3 37
5 27
20 27
10 15
30 34
0 36
3 27
19 40
3 12
13 18
27 40
19 34
18 37
18 29
34 39
13 44
3 13
20 44
21 30
23 37
12 37
30 40
2 13
20 37
5 23
0 33
11 12
28 29
10 34
13 17
12 40
35 44
18 39
25 44
17 23
13 20
29 31
23 33
28 41
23 44
18 33
0 23
29 40
12 13
10 30
2 40
34 40
13 30
25 33
40 44
12 17
0 20
2 20
36 40
12 44
20 43
29 33
19 31
19 27
3 33
13 19
12 34
17 35
1 5
16 17
0 31
22 24
19 41
20 33
9 18
3 34
18 23
