13 36
3 27
12 39
12 40
20 23
3 30
0 5
28 31
27 40
2 12
9 23
30 39
15 43
12 21
21 33
12 13
12 23
5 29
21 28
24 34
35 44
26 33
1 25
29 37
13 29
5 20
19 26
3 20
22 28
7 13
30 40
19 33
5 34
17 28
33 36
3 37
9 22
28 30
10 18
28 34
2 34
31 34
17 31
5 13
5 12
9 33
12 33
28 40
18 28
13 33
19 20
17 29
12 41
27 30
17 33
13 44
11 23
27 44
11 19
29 40
13 21
33 38
33 40
1 35
17 22
0 27
20 33
28 36
1 18
3 40
0 33
0 30
20 22
20 36
21 27
5 39
0 44
25 40
7 33
12 27
21 29
25 36
25 39
7 26
19 21
17 43
27 34
13 42
24 41
5 33
17 40
20 21
24 40
23 41
19 41
23 40
13 31
20 34
5 44
13 20
34 35
35 39
3 39
27 42
13 23
31 40
27 33
15 40
8 20
17 19
4 40
20 24
12 20
5 35
17 34
2 39
34 39
27 39
20 27
10 33
35 37
3 44
13 39
19 28
12 29
0 18
40 44
3 17
3 18
0 29
23 27
12 44
2 23
20 44
12 30
34 44
12 37
34 40
27 41
37 44
5 23
18 40
10 13
25 37
11 39
13 17
0 13
13 35
18 31
3 28
17 23
0 41
20 31
23 24
24 25
16 44
18 39
0 40
27 37
13 37
19 27
19 23
40 41
27 31
23 33
31 44
12 17
0 36
2 37
30 34
12 18
20 39
16 33
13 28
31 36
3 12
2 13
12 34
3 5
25 34
2 20
3 29
28 44
18 30
33 34
15 35
18 19
18 20
