3 20
19 28
18 34
23 37
12 37
13 19
17 20
23 34
1 34
33 39
18 36
20 33
33 44
3 18
1 20
17 33
24 26
24 34
0 18
3 28
28 30
28 34
5 34
1 13
28 40
16 39
20 21
15 27
24 29
7 18
27 40
13 21
18 20
19 20
13 34
0 13
13 24
19 30
10 27
27 35
21 29
13 40
9 39
5 40
27 30
19 44
33 43
31 40
13 44
17 19
12 27
24 25
17 23
19 34
9 21
25 40
3 33
5 24
0 15
30 35
12 35
17 41
0 21
5 17
37 40
12 39
34 35
2 27
8 19
27 34
3 27
18 44
33 40
25 38
10 42
12 30
36 39
18 37
12 36
15 21
0 29
33 41
12 23
22 25
36 44
17 28
11 37
5 27
7 20
12 31
10 34
27 29
13 39
35 39
5 39
12 19
33 36
5 37
0 23
5 12
3 23
30 33
3 40
34 40
28 41
18 39
12 34
12 20
28 29
27 41
0 39
20 40
33 37
3 30
13 20
23 40
3 29
20 41
12 13
5 23
31 33
26 44
3 31
12 28
3 19
40 44
2 33
2 40
2 23
0 31
17 18
28 37
4 34
22 26
20 31
13 35
21 23
40 42
18 19
7 28
13 31
13 25
23 27
29 33
13 29
2 20
27 44
3 21
17 44
17 31
36 40
12 44
20 36
0 2
2 44
39 40
12 18
17 27
20 39
23 44
16 44
28 39
11 20
12 17
27 33
13 28
17 35
20 43
25 34
12 40
33 35
13 33
30 41
5 30
11 12
5 22
9 40
13 41
0 20
31 44
13 27
5 33
0 22
3 25
33 34
13 23
23 31
29 37
