2 31
1 32
37 55
9 32
7 40
9 28
28 47
34 47
20 53
7 50
30 34
32 34
1 25
24 32
13 28
16 48
45 51
10 23
13 39
8 38
42 52
9 21
34 35
25 33
49 53
15 49
28 55
45 50
44 53
4 39
40 45
0 29
39 53
26 37
29 53
22 31
29 45
0 9
34 45
15 31
16 39
3 11
4 46
6 11
15 30
1 2
0 17
1 11
30 54
32 37
20 51
4 32
12 50
7 35
12 42
11 17
14 39
14 34
1 44
4 12
17 19
0 14
28 32
42 46
33 51
1 34
26 51
16 24
34 36
7 54
34 44
9 11
17 34
13 31
4 25
26 55
0 51
15 34
50 53
24 27
19 48
29 30
0 12
6 33
26 45
10 22
20 31
7 20
16 26
19 44
28 30
34 39
32 53
4 26
6 49
21 31
34 48
31 42
34 54
6 17
4 8
26 49
39 51
29 34
11 16
19 31
2 18
3 34
11 45
8 32
11 15
2 48
15 18
8 16
0 42
22 28
0 20
9 48
29 42
29 39
0 2
20 22
4 34
0 10
10 17
36 39
0 22
50 51
22 55
32 49
29 44
1 42
31 35
40 53
25 53
23 31
7 11
10 15
25 39
0 25
8 20
18 39
34 52
8 28
11 51
4 48
27 55
42 45
4 24
24 45
21 32
32 42
26 50
1 53
24 38
45 49
20 30
31 48
1 18
16 53
10 31
32 48
31 34
11 54
13 45
29 31
26 32
25 36
2 25
15 45
7 52
32 55
4 43
21 25
12 45
28 35
26 31
15 29
7 49
18 55
31 53
10 38
39 54
22 53
10 42
17 22
32 46
4 49
0 44
16 42
3 42
4 33
1 17
0 34
25 30
23 47
25 50
0 54
42 49
11 30
16 50
22 45
19 37
29 32
3 53
19 25
39 48
27 39
13 55
3 26
28 38
45 53
7 48
31 37
10 39
14 45
3 29
0 19
9 20
0 53
19 26
10 12
1 26
25 47
14 25
26 28
17 47
10 36
11 44
4 30
18 26
24 29
25 45
10 29
2 15
31 49
20 45
13 35
6 39
7 26
18 49
7 51
28 39
49 55
17 54
24 53
26 54
7 22
1 51
31 50
2 37
2 10
0 49
25 32
51 54
4 29
5 34
13 48
22 49
9 39
8 9
24 25
1 39
32 35
5 8
31 32
31 54
48 53
30 40
4 53
23 49
0 18
4 7
33 49
2 39
28 49
25 28
1 9
14 53
25 42
27 28
30 53
22 34
23 34
18 45
24 26
37 50
14 40
31 33
10 11
19 34
8 49
0 3
30 39
18 19
25 40
17 53
7 18
36 55
26 34
8 39
3 13
13 25
17 29
7 53
1 36
2 51
13 30
33 34
6 27
3 22
18 34
2 49
9 53
34 43
7 44
26 53
13 53
1 3
19 28
6 29
23 50
10 25
12 48
7 42
49 50
7 25
11 25
7 32
34 55
10 16
37 53
0 32
39 49
1 50
0 28
8 40
14 50
16 49
4 31
21 28
32 40
6 32
0 4
9 34
25 44
14 28
41 45
16 29
28 34
4 17
7 28
8 10
15 46
15 51
18 25
1 45
16 40
17 25
1 33
11 53
4 42
15 40
15 37
27 34
26 44
22 51
0 6
51 53
34 51
28 54
31 39
8 34
1 30
8 45
0 50
0 7
16 34
25 31
4 55
8 25
10 45
6 24
2 54
11 50
10 50
19 39
11 26
15 28
42 53
15 26
0 15
11 34
4 16
37 45
15 25
40 54
4 47
17 51
10 53
0 55
24 34
26 33
28 48
15 32
26 39
1 16
9 45
26 30
44 45
7 45
28 33
20 55
13 29
7 19
17 49
3 28
9 50
28 51
2 14
9 31
10 34
25 49
31 43
9 18
11 55
18 29
34 53
25 48
11 39
9 26
31 45
42 50
15 39
20 25
10 48
0 11
39 40
8 17
9 37
19 35
2 34
25 34
9 49
0 26
37 42
0 8
39 43
7 55
32 45
1 10
1 43
31 40
34 42
17 23
1 31
23 28
4 45
53 54
7 34
14 49
9 44
13 34
34 49
11 31
0 43
11 23
20 39
1 14
28 36
15 19
3 4
0 40
25 51
0 45
6 51
10 26
14 42
11 24
11 28
6 15
8 29
3 40
42 51
4 11
10 49
4 28
19 45
25 26
9 25
17 50
3 17
11 40
3 16
13 20
0 39
10 54
10 37
3 45
45 48
28 53
17 33
28 29
1 46
37 49
20 34
39 55
48 49
34 50
12 34
0 1
33 50
11 32
45 52
14 55
10 51
16 55
1 49
7 16
32 51
39 47
1 19
8 15
43 53
16 32
45 55
9 17
22 48
1 7
