30 49
1 32
53 55
0 20
3 36
9 45
18 39
34 47
20 53
14 25
30 34
32 34
0 19
32 42
5 28
16 40
45 51
16 17
28 45
25 35
28 42
9 27
34 35
25 45
1 49
4 48
31 38
36 45
49 53
32 33
30 43
37 53
14 54
19 37
15 51
7 26
21 29
0 9
34 45
31 50
16 26
10 22
34 46
0 33
17 55
7 37
0 32
2 18
18 26
1 45
4 24
25 31
11 19
22 49
37 45
11 17
10 26
14 34
15 25
19 26
12 55
0 8
28 50
40 45
11 32
1 34
12 16
31 51
34 36
17 47
34 44
3 9
17 34
0 47
25 29
26 39
31 48
7 54
25 53
29 45
17 44
15 48
0 40
10 34
26 45
10 32
27 29
11 16
22 31
10 30
30 53
34 39
19 53
42 48
4 40
10 45
34 48
27 32
16 54
7 48
1 14
26 50
28 55
29 34
0 16
27 49
1 17
3 34
11 45
32 51
20 54
45 49
4 15
8 11
42 51
22 28
11 50
1 50
39 44
0 25
4 29
20 32
4 34
0 13
10 53
4 31
10 33
10 39
28 37
44 49
15 31
34 40
0 49
42 53
4 55
4 52
6 18
34 55
25 39
0 22
7 20
7 8
33 34
8 31
11 51
28 29
13 50
42 45
24 45
24 54
0 12
32 50
32 40
26 49
15 54
39 45
1 31
6 28
10 29
40 42
48 53
32 48
31 34
9 26
1 51
1 26
21 23
25 55
7 25
3 8
7 49
10 17
19 45
35 53
3 42
1 25
3 20
28 30
11 48
6 45
31 53
10 51
25 36
26 48
9 31
2 34
17 19
36 50
0 31
23 39
19 31
4 39
1 22
0 34
25 49
11 55
16 31
0 54
42 49
9 54
12 23
22 45
39 48
9 10
10 50
4 25
44 45
3 15
34 41
8 19
25 28
17 53
48 51
28 39
44 53
4 6
39 51
7 15
0 50
0 53
26 51
14 18
10 14
10 28
13 26
15 37
32 52
34 42
11 39
6 29
43 45
7 23
25 32
17 45
11 31
45 53
4 45
4 13
15 55
23 29
25 54
2 4
28 53
2 45
18 45
14 53
16 29
26 32
2 53
28 31
1 2
10 25
47 53
25 26
32 55
28 49
18 28
39 54
23 55
15 50
53 54
24 49
39 42
28 32
11 53
29 32
32 54
8 48
22 39
43 53
6 55
11 30
10 20
49 55
39 53
49 51
31 54
13 30
4 14
11 42
4 26
27 50
22 34
23 34
1 18
18 44
7 16
9 28
7 10
28 48
22 33
8 13
3 28
25 48
16 42
25 40
13 17
4 38
11 33
26 34
2 42
21 50
13 32
17 25
4 49
15 19
2 14
10 42
34 43
0 51
8 42
17 18
1 30
2 9
18 24
1 24
33 53
8 29
32 35
26 35
0 10
37 42
11 25
8 40
4 32
1 54
7 51
50 53
7 55
4 50
10 16
33 37
0 39
39 49
39 55
0 43
11 20
15 44
16 19
7 31
8 28
9 55
7 50
9 19
9 34
6 25
24 42
26 55
3 51
28 34
29 50
1 7
10 46
17 40
1 33
25 51
27 45
11 49
7 17
46 49
9 39
4 53
4 7
10 15
13 34
28 51
24 25
25 43
8 50
34 51
30 32
14 39
8 34
36 39
9 53
6 11
0 7
16 34
44 47
34 49
30 39
3 45
0 24
9 44
23 37
11 28
29 31
11 26
45 50
0 42
15 33
32 39
11 34
4 9
31 33
25 46
29 40
5 11
3 32
2 15
51 55
24 34
22 25
4 42
35 45
7 39
16 53
21 34
9 29
13 25
28 38
28 54
17 49
1 48
1 13
0 17
1 28
9 48
16 28
10 37
0 18
34 37
24 36
2 31
17 43
11 44
12 39
34 53
17 38
18 47
20 22
31 45
13 19
17 39
3 4
26 42
13 29
14 15
4 8
39 50
15 34
21 25
25 34
18 49
0 26
0 14
9 25
37 39
25 30
26 28
6 49
8 53
31 40
20 39
10 12
31 37
19 51
32 45
17 26
7 34
14 31
31 44
19 34
49 50
33 39
11 15
2 16
7 11
18 31
2 7
2 26
3 7
8 26
6 53
0 45
2 48
12 26
14 49
24 26
39 40
7 30
8 10
20 51
40 55
16 49
1 9
20 31
8 25
26 37
31 49
22 47
0 55
11 29
15 32
23 42
15 40
1 39
22 53
1 40
0 46
12 53
4 28
29 49
19 28
6 7
20 34
3 11
1 29
34 50
10 49
0 1
9 30
20 29
15 45
19 30
51 52
6 34
3 53
0 28
16 51
1 52
1 20
22 32
0 35
16 25
45 48
15 24
1 3
13 49
