1 8
17 28
8 32
26 47
15 16
31 36
34 43
28 44
25 43
28 34
19 28
29 30
4 35
4 11
19 26
1 31
12 51
23 25
1 50
11 28
3 6
1 2
49 55
15 29
26 49
20 34
2 45
0 53
0 17
15 26
7 24
9 50
45 49
37 49
18 34
10 19
14 28
8 53
1 17
28 39
32 45
3 4
16 53
10 27
9 32
1 34
18 28
33 36
4 32
1 54
34 44
15 28
24 25
21 55
25 32
20 50
1 48
8 16
6 55
26 54
33 49
0 47
3 25
42 55
15 45
13 50
19 34
22 26
15 25
14 55
0 37
34 47
26 48
4 18
11 42
28 48
45 52
20 31
31 51
9 34
13 44
1 15
24 37
14 20
30 37
46 50
13 17
25 50
2 22
11 25
10 32
40 45
25 37
40 42
37 45
17 53
14 25
9 12
2 15
29 39
7 10
10 45
42 53
8 25
25 48
10 31
32 55
31 45
34 45
7 45
0 31
3 42
15 49
22 33
34 37
0 44
8 45
30 53
23 28
2 30
1 10
12 53
20 42
1 24
0 28
25 52
28 37
14 31
10 48
3 16
25 40
6 43
26 40
9 19
26 34
1 53
31 42
0 1
9 45
14 34
8 28
17 50
19 51
28 32
20 32
25 28
28 53
29 34
8 27
0 52
11 49
18 40
0 9
2 55
31 48
0 42
29 31
25 29
0 45
39 45
4 52
31 50
11 47
1 13
31 34
9 44
11 39
8 31
26 53
18 22
28 45
40 54
19 53
17 40
49 51
17 31
10 40
34 36
1 14
0 10
22 24
4 7
0 32
1 40
6 8
8 42
34 53
29 53
9 15
31 53
7 51
0 51
26 42
7 44
1 32
29 48
11 55
11 54
50 54
1 25
7 50
26 39
13 34
20 40
31 33
7 13
15 34
22 39
1 29
16 51
34 41
0 38
4 6
17 47
49 50
3 49
2 54
15 32
45 55
34 48
0 39
29 33
0 22
25 51
24 31
3 7
18 45
3 8
8 39
9 48
26 28
45 54
7 39
4 31
2 42
17 26
0 36
51 53
0 49
16 39
25 35
4 24
4 44
16 28
34 51
10 50
33 39
7 14
22 31
17 39
21 34
19 54
7 16
0 21
10 11
39 43
6 34
7 29
4 53
7 19
0 20
10 26
11 13
13 15
25 49
24 53
10 15
11 14
1 49
0 3
35 51
26 55
10 42
43 45
8 15
4 39
32 39
36 53
26 31
11 30
30 34
10 12
17 37
0 11
22 32
4 51
1 11
15 53
19 39
0 34
23 34
16 30
1 38
4 16
31 55
25 34
17 45
7 28
16 29
34 55
25 42
19 25
13 49
44 53
35 44
12 39
0 16
0 7
17 34
4 25
14 33
12 25
0 6
27 34
37 53
26 45
31 37
15 30
1 7
25 53
3 23
4 26
13 18
28 43
16 50
17 25
22 34
53 55
45 51
30 32
4 49
0 50
3 46
13 28
48 53
28 30
0 33
25 26
16 40
11 26
11 36
1 9
11 15
34 39
1 39
15 54
28 40
18 30
32 53
6 39
50 51
17 42
3 31
28 49
4 9
13 26
9 26
5 34
14 18
7 34
0 23
11 31
49 53
44 48
32 37
25 54
50 53
14 39
15 40
34 50
2 53
17 30
11 29
1 51
30 49
10 34
11 18
8 34
10 39
9 54
10 24
9 49
7 37
23 50
11 17
42 45
1 26
36 51
13 25
8 51
32 34
34 42
0 55
49 54
19 24
11 19
23 33
14 42
32 50
4 28
19 20
10 28
25 39
25 45
3 45
4 10
29 32
0 25
39 47
0 18
22 28
22 35
34 54
10 55
17 38
11 50
18 26
42 49
2 21
2 17
3 19
28 50
16 55
1 42
12 34
24 39
7 26
19 49
9 31
7 48
4 27
34 49
29 54
15 39
7 53
26 33
6 49
9 20
3 15
23 30
29 51
6 53
10 54
16 34
31 39
16 33
44 45
7 11
7 49
32 48
9 25
11 33
42 43
4 8
22 47
11 53
4 34
26 32
26 51
48 55
29 49
4 55
31 49
1 45
17 51
19 45
39 51
39 49
10 46
20 26
25 55
34 35
32 51
7 55
27 53
31 44
1 18
0 48
10 20
7 30
39 53
13 31
32 40
20 39
2 34
45 53
8 9
45 48
9 18
21 45
12 37
39 40
7 32
2 32
25 31
20 28
2 25
3 32
28 29
45 50
8 29
4 5
2 28
9 22
24 49
6 9
6 45
16 24
11 34
15 20
23 27
10 29
29 45
4 48
0 29
4 14
11 45
18 46
32 42
42 51
16 49
17 48
46 53
39 48
10 49
38 39
16 32
10 22
35 40
