16 19
28 31
13 28
15 53
7 55
21 34
14 25
2 46
4 16
31 34
10 55
34 52
25 28
3 49
6 12
0 15
10 15
6 19
10 45
11 39
39 42
4 53
28 40
47 51
42 54
31 39
11 40
14 28
32 51
0 8
7 25
14 24
17 25
25 39
9 15
33 40
0 2
9 55
11 49
1 16
7 26
3 7
28 34
12 53
1 25
22 32
1 31
39 53
14 34
4 28
13 53
45 50
1 24
1 7
0 51
5 8
28 45
34 55
13 15
12 34
16 45
16 24
17 39
24 49
15 49
15 28
30 45
4 10
11 13
11 31
18 31
18 50
44 55
26 55
6 32
49 54
17 34
33 49
22 49
42 51
4 54
16 30
32 47
19 34
7 49
18 49
30 37
0 42
36 42
31 40
33 51
53 54
16 31
14 18
14 51
20 28
2 34
0 31
39 46
26 37
1 48
22 44
22 45
7 45
13 25
9 25
10 31
11 23
34 45
22 48
9 14
31 45
25 48
13 32
10 17
8 45
11 29
23 39
16 53
0 39
34 48
1 26
13 34
8 28
25 33
1 34
6 49
15 32
39 51
11 18
22 51
0 10
44 50
1 17
30 50
15 45
11 30
0 24
2 51
7 11
4 49
9 37
1 53
4 14
53 55
4 37
17 42
29 30
7 31
26 31
18 25
2 19
34 42
3 30
11 44
14 39
10 40
10 28
9 39
17 31
36 39
0 29
15 34
41 53
0 37
9 53
26 53
35 53
0 30
23 43
33 34
26 42
7 23
7 17
4 22
4 39
22 50
31 55
32 33
31 35
26 50
11 45
1 28
26 45
11 20
12 31
2 4
1 45
34 36
0 9
25 47
1 3
22 31
11 32
20 34
9 32
15 26
51 55
15 40
0 26
1 37
4 9
19 51
22 39
23 25
24 40
17 45
34 53
4 31
8 25
4 45
11 26
39 43
1 46
43 45
49 51
14 53
16 34
0 4
6 45
28 51
22 34
4 42
2 22
28 29
1 8
15 20
30 32
49 50
17 32
15 43
7 40
16 40
0 17
26 39
25 42
21 31
19 45
33 55
48 49
4 55
40 45
10 11
19 50
32 54
3 10
9 30
27 29
11 42
12 28
40 48
8 17
1 49
2 33
17 54
45 55
15 48
42 53
37 45
45 53
0 53
19 39
8 39
28 38
15 51
0 7
9 16
8 54
10 20
3 19
7 10
9 50
2 53
51 53
26 43
3 31
1 39
28 48
27 50
8 26
34 39
1 4
20 25
7 39
9 29
8 32
0 45
19 49
28 49
0 34
3 54
9 18
2 17
0 49
20 45
9 31
42 50
20 29
10 32
4 17
33 37
0 22
4 34
7 16
25 50
25 34
1 20
29 50
7 32
4 38
7 29
7 53
25 35
7 13
17 46
13 26
39 45
12 37
19 26
17 26
28 50
29 31
6 34
7 18
10 26
6 22
20 39
50 53
3 45
16 47
10 39
9 34
4 30
10 29
1 47
25 36
6 39
36 45
44 53
7 33
23 34
28 54
14 29
15 23
32 42
6 25
23 49
44 45
4 43
9 49
0 55
3 34
39 55
28 32
25 54
12 44
25 26
19 53
26 34
34 40
24 39
1 11
7 30
34 37
15 21
32 40
29 45
21 28
8 31
31 54
14 26
26 40
0 18
26 32
25 49
28 37
11 19
31 33
11 24
19 21
25 51
0 35
8 48
31 49
11 25
18 24
1 44
42 49
20 53
25 53
8 42
45 54
27 34
2 31
6 17
32 34
17 49
25 31
34 49
29 34
3 15
3 25
7 34
29 53
13 45
0 20
18 34
2 48
3 11
0 19
3 26
9 10
34 54
4 11
4 51
31 44
1 13
10 16
32 49
29 49
0 13
0 25
27 32
9 11
26 48
10 34
25 45
2 27
16 48
45 49
0 48
30 55
14 45
16 39
1 15
2 45
1 32
14 38
24 55
43 48
1 51
15 50
34 44
18 29
12 48
1 40
8 53
10 25
34 51
17 29
24 32
38 48
49 53
10 53
0 28
28 39
11 15
16 26
7 19
18 39
29 39
36 54
35 51
4 32
24 42
8 51
26 28
13 47
22 53
17 44
9 52
7 48
8 11
29 52
10 42
8 34
10 30
32 39
37 49
0 16
19 28
1 50
48 50
0 11
34 50
20 42
9 42
20 50
18 48
11 53
0 46
1 52
27 28
10 50
23 54
4 13
6 42
25 32
10 35
25 55
34 47
26 29
11 34
28 33
29 55
0 36
3 50
24 30
2 25
37 53
4 15
10 44
28 42
32 53
0 32
17 28
16 20
18 26
37 39
31 51
34 35
5 28
8 55
10 49
25 40
7 51
3 53
16 25
6 55
