15 31
4 33
12 49
18 39
25 44
27 34
8 25
9 50
25 41
31 34
9 33
34 48
25 28
4 53
6 34
0 15
12 39
10 50
26 49
26 32
29 47
1 24
28 55
10 11
17 25
53 54
8 37
7 25
22 34
30 39
7 45
17 45
22 29
16 40
25 49
0 43
2 11
9 31
39 52
9 54
13 32
43 53
28 34
45 55
15 28
34 42
18 29
10 32
14 34
0 25
33 42
25 27
20 25
8 53
10 29
37 45
19 28
0 13
7 29
12 34
3 6
34 40
32 55
7 15
16 17
7 13
30 43
16 39
2 50
11 48
31 53
4 22
44 48
5 17
0 49
25 37
17 34
9 10
24 49
31 48
19 55
1 13
11 40
19 34
34 38
2 32
2 26
11 39
3 44
11 45
0 34
9 53
28 32
2 34
29 31
15 20
3 46
0 31
0 39
11 15
1 31
2 53
42 45
45 53
2 15
18 53
10 53
34 36
7 51
2 10
26 55
35 39
15 25
0 35
3 13
15 40
6 26
19 39
10 23
19 31
28 35
22 35
0 22
20 54
9 26
1 34
39 45
4 17
40 52
19 42
11 21
0 44
17 49
15 44
17 51
28 31
7 9
37 49
1 8
6 39
14 45
31 38
1 53
39 44
4 37
49 53
4 35
4 16
15 55
19 32
25 29
1 28
34 55
8 30
29 55
3 29
4 28
8 28
9 32
44 53
15 34
0 2
8 14
10 40
0 54
9 28
16 53
33 45
11 49
5 34
51 54
6 42
0 10
21 42
26 37
17 32
32 40
14 28
12 33
7 17
23 26
29 45
8 33
2 25
26 28
1 55
31 42
18 45
22 51
0 9
24 55
8 18
18 32
29 40
33 34
1 7
7 31
19 20
23 39
26 39
13 53
0 45
18 28
6 17
26 36
30 32
24 26
34 53
32 51
2 45
15 45
32 50
9 20
7 48
0 7
25 43
1 19
0 47
0 4
0 3
0 51
22 31
20 28
4 23
1 39
3 28
20 49
31 32
14 53
6 11
34 49
30 46
31 54
40 42
30 49
34 54
1 42
18 31
28 44
18 48
9 24
3 53
1 9
39 49
44 51
45 50
26 45
15 26
1 15
10 45
18 26
7 39
37 51
43 45
0 42
15 53
4 39
39 46
6 16
0 50
29 39
11 25
8 39
40 50
18 36
26 27
18 49
17 40
32 49
8 45
14 17
32 53
25 42
19 45
23 51
48 51
45 51
14 42
0 55
2 7
39 51
1 49
13 45
17 48
26 31
23 34
0 29
50 55
28 49
16 55
42 49
8 49
11 53
36 45
3 32
2 31
0 48
4 14
0 32
22 55
25 33
42 51
4 49
0 16
13 33
25 34
11 20
17 53
25 31
3 10
11 12
7 53
35 53
45 54
48 52
1 48
13 50
15 42
11 51
1 38
25 54
0 30
3 34
1 16
1 45
11 47
15 48
39 53
10 43
13 26
34 39
1 20
7 20
13 25
3 30
10 24
4 20
19 29
31 55
9 47
0 36
9 44
20 34
4 26
22 45
45 49
19 25
53 55
49 55
29 49
24 28
28 50
10 55
32 48
12 53
28 29
16 25
25 32
26 53
11 34
0 11
16 32
49 51
29 48
18 37
37 50
10 51
4 13
23 47
6 29
20 45
24 48
0 53
4 31
10 25
34 37
26 42
49 50
44 49
22 28
37 39
34 47
8 48
49 54
24 42
19 27
12 16
17 30
4 11
24 53
28 51
8 51
16 45
4 42
9 17
32 34
3 31
15 32
34 52
9 34
22 25
14 26
34 50
7 49
15 16
16 28
51 55
17 50
6 10
7 42
2 39
4 9
17 39
10 26
4 34
2 19
27 32
9 25
23 36
1 40
38 53
15 49
18 51
7 50
0 8
21 34
25 45
10 34
22 53
21 54
20 50
7 28
11 42
16 19
39 40
28 45
3 25
24 31
1 44
4 48
0 46
11 14
18 34
11 26
31 39
1 26
4 8
10 39
14 16
51 53
8 17
9 45
14 32
13 16
7 10
26 30
11 28
16 37
4 7
25 50
29 32
11 31
29 34
4 32
13 37
11 33
30 40
39 48
26 34
50 53
39 50
31 45
29 53
3 11
10 30
8 34
24 34
4 43
11 30
26 29
34 35
26 50
31 40
26 33
30 34
4 25
9 39
6 28
10 42
25 36
1 11
1 25
10 54
30 45
0 1
1 17
22 33
31 51
0 19
3 8
4 10
7 19
25 55
25 46
10 49
12 32
1 22
7 34
16 51
27 28
28 40
1 54
48 49
23 31
28 37
15 22
7 14
17 20
6 25
21 39
15 54
28 42
7 11
1 10
14 50
50 54
7 24
34 45
31 47
