31 39
31 33
5 49
18 39
31 50
27 34
8 25
9 48
2 25
31 34
16 49
34 48
25 48
4 19
6 55
0 4
7 34
35 47
14 55
6 26
9 29
8 24
28 46
10 39
25 39
25 54
27 37
7 25
9 34
24 39
4 55
22 53
11 39
0 26
25 49
11 36
17 26
0 35
32 39
45 48
11 32
1 53
28 34
0 43
15 28
34 50
11 29
10 32
14 34
0 25
7 16
23 25
14 25
44 53
42 45
7 45
20 51
29 49
29 33
6 9
19 33
34 45
32 55
36 49
29 42
15 44
0 48
6 39
8 51
45 52
31 53
4 45
8 14
9 17
21 53
25 37
17 34
22 32
24 49
31 48
26 55
13 39
11 47
19 34
13 38
9 32
2 26
11 42
23 30
11 21
0 34
9 53
28 32
0 11
15 31
34 43
9 40
0 31
4 20
11 15
7 31
2 53
8 42
29 53
18 49
3 40
10 53
16 22
40 51
15 29
1 13
21 39
15 25
0 30
13 28
37 49
4 26
39 54
3 8
16 34
28 35
15 50
30 49
8 19
19 28
1 34
0 39
4 17
14 17
50 53
17 48
28 48
1 2
13 15
10 17
28 31
16 19
37 51
15 30
1 6
45 55
6 31
13 53
44 50
24 30
3 13
32 45
3 12
35 53
19 49
25 26
1 28
34 55
48 52
29 55
8 11
14 28
0 9
24 45
47 53
15 34
2 22
8 40
0 10
6 14
9 49
7 55
29 45
2 13
25 50
38 51
28 39
0 49
34 42
29 37
19 32
32 53
28 45
12 25
7 17
3 26
43 45
20 28
2 4
3 25
1 55
16 48
15 18
18 51
45 53
36 43
34 44
1 32
34 40
33 34
7 36
46 53
4 29
10 15
39 50
20 37
8 45
18 28
2 17
26 36
4 53
20 32
34 53
32 51
2 45
15 45
12 32
9 20
7 48
22 36
22 45
12 45
0 47
6 32
0 3
0 24
1 45
26 39
4 15
1 39
20 53
16 30
17 31
22 40
25 38
34 49
17 18
3 29
42 48
32 49
34 54
39 42
18 25
4 9
29 48
9 24
3 53
1 9
33 50
1 10
39 45
45 50
31 32
16 25
10 45
30 42
7 39
0 23
0 29
0 42
39 53
4 39
11 28
25 28
0 50
16 51
11 45
8 39
31 40
49 51
7 29
10 31
28 38
7 49
36 39
0 14
16 53
40 42
18 19
16 26
15 53
45 51
7 28
48 49
7 41
39 51
1 25
24 26
25 46
26 31
23 55
26 53
31 55
28 49
16 40
42 51
8 49
11 53
14 29
3 51
27 31
0 15
1 30
53 54
45 54
22 31
8 10
4 49
11 16
19 39
25 34
11 34
17 28
25 31
10 19
25 51
7 9
39 40
11 14
4 44
15 49
49 50
28 42
35 50
1 18
25 42
0 28
13 34
2 28
1 23
0 6
16 54
7 40
1 49
26 29
34 39
43 44
10 20
25 53
2 32
23 39
0 20
44 55
14 26
9 11
7 44
0 2
20 34
26 47
11 22
45 49
19 25
4 51
17 55
33 42
11 40
4 22
10 55
32 44
12 31
20 42
6 25
13 17
18 53
12 34
18 54
13 29
0 51
19 31
0 18
32 37
10 51
30 40
53 55
29 50
20 45
18 34
0 53
20 50
10 25
34 37
42 53
50 55
31 49
22 54
37 50
34 47
8 50
26 48
48 53
17 51
13 30
17 45
4 11
17 30
28 51
34 51
16 45
4 42
26 43
32 34
3 39
7 32
34 52
22 49
15 55
3 7
7 52
7 24
10 16
28 33
54 55
8 17
14 53
32 47
2 33
33 45
17 39
10 26
4 34
44 54
3 32
9 25
11 54
1 24
40 53
12 37
18 45
15 33
27 32
21 34
25 45
10 34
22 34
9 54
19 48
10 13
18 26
23 42
0 40
4 28
3 34
24 25
49 54
4 23
46 50
39 48
24 50
11 26
39 44
1 26
1 15
4 48
1 16
51 53
6 34
9 45
15 32
20 30
7 10
29 31
10 27
22 33
4 7
26 42
23 32
11 31
29 34
32 54
0 16
11 33
7 26
6 8
26 34
27 50
39 49
4 31
11 17
3 11
10 37
8 34
24 34
1 4
4 5
8 26
34 35
15 51
25 32
26 49
30 34
17 25
9 39
10 28
10 42
25 35
1 12
0 1
31 46
13 14
1 37
1 22
16 42
16 31
19 45
3 4
30 31
19 29
25 55
11 49
10 49
10 44
1 43
7 21
1 8
7 14
28 40
11 51
2 10
15 37
28 37
9 10
28 54
20 26
9 26
0 19
2 31
28 30
1 11
1 50
28 50
17 42
0 7
0 45
31 45
