10 27
31 34
1 32
52 54
1 31
48 49
25 46
24 53
11 35
7 14
13 28
34 48
25 36
4 33
10 45
29 42
12 39
9 44
30 42
1 26
51 53
8 53
52 53
13 55
25 39
18 51
24 54
24 34
39 53
11 39
32 51
7 49
1 10
8 11
18 45
11 14
23 24
18 54
28 36
19 51
0 9
1 53
28 34
0 17
28 49
34 50
39 43
13 29
4 14
0 25
28 48
15 49
2 17
9 53
9 43
8 42
7 9
14 17
29 32
4 34
25 29
34 45
49 55
13 19
10 34
17 18
1 9
34 35
19 34
4 36
21 53
45 50
7 17
9 20
12 34
10 39
0 29
34 44
29 55
1 48
6 9
48 53
3 53
3 34
39 42
16 31
33 34
0 21
42 50
20 26
23 49
44 48
11 34
11 32
32 33
7 25
0 20
0 22
10 18
0 11
44 53
3 40
40 49
25 37
18 26
2 3
48 50
16 39
0 39
22 26
34 36
16 32
19 31
31 40
20 28
2 42
4 19
20 29
8 10
0 14
10 15
45 49
15 28
1 11
32 53
1 34
24 39
1 50
11 49
19 32
4 45
13 31
6 26
28 31
3 9
11 47
4 24
9 25
34 52
44 51
0 1
43 51
2 4
26 37
19 30
2 53
7 51
0 33
15 48
16 50
7 48
44 55
34 55
39 49
4 7
2 11
40 48
0 10
11 30
8 29
15 34
22 33
4 18
17 34
35 42
12 50
9 22
29 48
31 32
21 45
32 45
25 32
25 30
34 42
53 54
24 32
8 54
40 54
4 25
27 31
17 28
15 55
12 20
16 19
22 28
22 39
5 26
6 8
14 22
26 45
44 45
16 34
24 28
35 53
34 43
42 44
20 31
45 47
39 46
33 39
31 45
8 35
7 40
25 48
28 50
4 53
17 31
34 53
31 38
19 55
11 45
17 33
34 51
7 11
10 14
45 51
40 45
0 26
28 42
10 53
9 45
1 45
26 31
22 50
1 39
1 49
13 16
39 40
8 45
9 31
34 49
0 34
0 37
17 42
1 16
30 39
15 39
25 43
4 9
2 25
34 54
15 31
4 49
10 54
1 7
47 50
16 18
23 37
19 22
9 10
26 32
30 31
51 55
15 53
31 46
0 23
11 43
14 28
25 28
2 20
32 40
4 29
0 42
10 17
30 53
8 17
25 42
11 28
49 53
26 40
0 55
3 23
6 39
7 28
29 40
19 25
7 55
7 50
31 54
28 53
32 37
1 25
39 55
20 25
7 53
23 34
24 26
3 25
8 25
29 54
29 49
26 28
11 53
26 29
15 32
39 50
0 7
2 15
19 44
0 18
23 50
9 36
18 49
4 39
4 51
25 34
11 48
0 4
29 53
13 15
42 53
22 45
33 45
2 32
3 8
16 24
1 43
1 12
16 42
18 25
17 25
15 42
16 17
0 51
9 18
37 55
24 50
7 20
15 26
42 51
34 39
6 31
0 32
14 19
7 13
37 45
36 45
8 34
8 16
3 17
49 52
31 53
7 34
1 33
17 39
2 31
0 19
11 13
15 19
1 42
30 47
28 45
10 25
1 20
1 51
20 34
22 49
14 26
1 28
45 55
16 26
26 48
11 41
39 47
0 48
25 50
25 26
8 30
19 29
0 50
8 39
6 18
26 51
6 40
25 54
45 46
28 38
10 55
33 53
17 49
4 27
9 34
6 14
29 51
49 51
25 51
2 45
42 49
4 28
14 31
10 49
3 51
7 15
4 6
13 51
32 34
10 32
37 39
5 34
7 38
16 40
30 32
11 15
44 47
20 50
7 39
1 6
23 39
10 12
9 11
32 49
11 31
9 39
12 32
24 48
31 37
32 44
10 20
6 29
9 55
31 39
4 54
0 13
49 50
22 42
0 6
25 45
13 30
22 55
28 39
2 33
7 8
17 54
11 25
4 15
15 25
34 40
36 39
26 30
1 4
2 21
8 51
28 55
11 26
28 32
1 40
11 22
17 26
9 49
3 55
16 45
14 45
37 53
24 55
45 48
4 32
13 34
17 45
29 50
3 26
0 27
11 51
29 34
20 32
15 33
7 32
17 37
4 10
26 34
1 23
25 49
15 45
18 53
0 30
10 37
21 34
14 25
44 49
10 28
10 11
34 47
45 53
13 25
26 53
30 34
26 50
39 45
8 40
16 55
31 42
19 28
1 29
25 53
0 16
7 10
4 11
3 4
31 49
7 31
3 28
25 31
31 50
3 54
27 49
34 37
3 45
46 53
0 28
38 49
10 42
0 12
17 48
10 51
15 50
28 35
32 48
28 29
7 30
0 53
37 54
27 34
15 22
16 49
18 34
26 35
10 26
16 28
0 45
1 2
