29 39
1 8
40 49
10 42
18 48
11 50
15 40
15 20
10 23
9 28
18 49
34 48
9 27
26 50
6 31
0 44
1 24
1 28
25 40
43 48
20 31
0 53
22 28
22 37
39 45
14 53
1 45
24 34
0 13
38 39
26 28
25 29
8 40
18 25
4 44
4 49
22 26
9 14
1 11
0 52
39 55
16 25
31 32
33 51
10 11
6 42
3 15
24 37
7 8
0 25
1 19
7 26
28 49
25 50
10 51
2 10
42 55
25 32
15 33
2 26
7 22
8 51
16 49
16 20
32 34
2 29
11 55
25 34
11 44
14 17
37 42
1 31
26 40
29 50
7 39
8 11
46 47
0 16
12 53
32 47
45 50
31 49
12 25
30 32
3 11
31 37
40 50
24 28
13 25
14 49
30 42
26 44
7 34
54 55
28 54
3 34
9 16
4 16
22 51
6 40
26 27
1 23
29 31
50 54
9 25
14 50
11 36
32 53
32 49
51 55
10 34
19 22
25 49
13 44
18 53
0 4
15 19
10 28
22 31
4 17
4 42
33 42
0 9
31 33
41 51
13 14
15 29
3 39
7 43
28 53
19 31
37 51
28 33
1 49
22 50
39 40
4 55
49 51
39 47
25 55
1 33
19 44
31 48
13 49
25 39
10 53
50 51
0 49
49 50
4 35
7 32
1 18
20 53
15 31
9 15
17 48
14 55
48 53
4 22
26 35
19 25
16 26
9 18
17 34
36 42
17 25
8 12
34 37
17 37
19 45
42 53
37 53
34 54
6 50
7 48
1 17
42 45
1 25
1 40
9 32
29 51
25 53
0 21
11 29
25 26
0 35
1 29
0 10
19 28
23 53
26 32
10 22
34 45
39 54
45 47
8 9
8 25
7 19
15 26
3 32
7 45
10 45
40 46
43 45
26 39
26 37
7 10
14 23
4 53
19 29
16 30
0 32
28 34
18 21
10 39
16 29
17 45
2 18
45 53
53 54
28 42
16 28
49 52
10 30
4 39
11 46
14 48
27 34
4 11
25 33
34 43
0 34
7 49
2 32
32 35
28 32
32 48
7 51
17 29
15 30
3 42
7 13
0 30
34 51
9 17
16 39
7 20
8 14
6 37
3 25
0 2
0 45
19 20
0 54
3 54
0 11
3 49
6 36
14 31
0 39
22 53
20 33
18 39
20 45
1 12
17 39
4 10
11 42
15 42
51 54
1 14
13 53
26 42
17 54
7 17
30 50
33 48
15 46
11 28
0 51
29 45
34 55
25 48
45 55
3 20
1 48
53 55
47 53
1 32
8 13
0 24
35 49
1 26
29 55
4 45
2 50
21 38
9 34
10 31
24 50
11 32
44 51
6 39
7 11
31 45
34 44
4 34
6 28
45 51
37 55
28 29
43 51
28 51
11 24
39 44
45 54
44 45
10 44
9 45
23 25
45 52
9 38
8 43
23 34
20 50
7 53
16 32
25 31
0 29
11 51
6 34
2 25
1 9
14 25
34 50
11 30
4 32
34 36
14 28
24 29
0 37
10 25
34 42
10 29
1 10
15 53
10 54
6 48
15 25
25 42
9 31
23 45
20 22
11 19
32 39
20 34
33 34
5 11
11 49
28 31
31 55
16 40
0 27
36 45
30 49
16 22
0 55
17 53
31 54
8 34
25 28
13 34
0 26
42 54
22 39
2 7
0 31
26 46
2 36
48 49
0 8
26 45
28 39
1 42
12 34
12 28
25 43
1 39
4 9
0 28
8 32
29 49
7 15
1 20
31 53
10 50
32 51
18 55
34 49
30 39
3 45
3 31
18 45
48 55
27 28
26 53
19 50
15 55
2 34
39 48
7 25
45 49
1 53
9 11
29 34
20 32
7 9
1 4
6 19
15 28
9 26
0 3
20 55
31 34
8 26
8 17
25 45
1 34
39 49
2 31
4 31
18 28
31 39
4 25
32 33
3 36
21 34
12 40
16 17
1 37
1 51
17 49
18 40
13 45
10 13
29 53
2 13
19 32
15 17
22 34
17 32
0 48
4 13
15 34
21 50
37 49
30 34
8 39
11 53
0 15
24 31
11 45
19 34
3 26
23 32
30 45
40 48
26 49
26 34
35 53
34 39
17 26
7 42
4 18
7 28
34 35
11 31
4 30
24 25
6 25
34 47
30 53
39 53
28 45
16 34
7 50
13 39
16 45
4 26
44 53
16 19
28 30
34 53
42 51
27 32
7 24
2 28
4 51
8 16
8 15
26 29
0 17
10 26
2 54
11 34
3 5
24 52
0 7
31 40
10 49
10 47
49 55
39 42
31 38
9 49
11 39
10 17
11 15
16 53
4 28
10 48
0 12
9 39
18 34
33 53
15 45
23 40
4 50
4 24
