29 34
11 34
6 25
1 12
0 39
11 20
16 54
28 40
10 47
18 28
18 39
32 48
25 53
15 26
32 44
0 44
2 20
1 9
19 47
10 18
20 31
0 53
22 53
1 11
40 46
0 37
1 45
10 20
10 40
6 39
0 40
32 40
4 15
25 26
2 26
4 54
11 22
29 38
1 53
3 51
15 37
16 25
31 32
1 37
10 35
0 21
19 39
33 39
24 39
0 13
26 37
7 50
20 23
32 53
20 53
45 51
8 55
29 40
15 45
28 45
18 24
8 49
10 44
0 20
32 34
31 45
13 28
25 34
11 45
3 25
45 49
1 35
16 26
50 53
7 39
11 24
4 36
0 4
10 37
8 50
4 29
33 34
46 55
32 45
1 20
21 49
14 30
3 28
0 36
18 45
17 25
0 9
7 34
10 28
23 28
37 42
34 48
16 17
31 33
1 52
4 40
1 4
35 39
44 53
4 9
26 32
2 48
11 32
10 49
18 53
4 44
21 54
16 28
15 31
22 45
39 48
7 11
0 7
4 53
0 33
25 42
25 51
0 54
28 31
0 29
9 55
9 19
8 9
4 35
1 48
5 45
16 48
28 48
31 53
45 53
1 23
9 17
7 38
54 55
42 49
1 18
0 47
26 49
10 11
25 39
6 53
9 53
10 15
9 49
26 43
37 39
15 40
14 21
50 55
8 40
17 48
6 17
14 50
4 22
11 25
11 35
17 31
18 51
17 34
13 45
2 25
37 51
34 37
11 14
39 51
30 53
0 43
3 19
31 42
49 55
14 17
0 45
25 35
9 45
15 32
14 48
13 39
22 47
34 53
15 17
7 40
8 15
48 53
22 25
49 54
33 49
0 10
34 45
2 49
0 25
4 39
26 42
3 7
9 25
31 48
7 45
30 50
20 29
7 10
3 6
0 12
46 49
16 51
16 40
39 49
7 16
0 32
44 55
1 25
0 11
29 48
17 45
4 42
29 45
9 32
28 32
7 28
24 25
10 17
37 53
14 45
14 25
27 34
11 48
0 31
34 43
0 34
12 49
1 7
33 45
28 34
22 31
24 50
25 32
18 31
32 49
11 42
17 29
34 51
1 16
12 34
7 20
16 49
3 34
15 25
24 34
23 39
42 53
4 45
8 26
39 45
31 44
20 28
8 31
0 1
10 22
4 11
30 39
23 31
1 19
4 51
10 19
27 53
29 53
48 51
15 47
34 35
26 44
31 38
28 33
11 28
11 26
8 32
11 39
3 45
16 45
34 55
13 27
17 32
26 30
28 53
53 55
32 54
30 32
7 55
4 24
7 49
16 55
39 53
31 36
9 50
3 31
34 46
7 31
4 31
7 8
8 14
43 45
12 50
19 50
13 34
4 34
28 29
17 28
9 51
1 28
17 49
25 40
4 12
29 39
32 39
26 54
15 39
1 15
13 25
4 17
2 34
42 54
14 49
13 16
4 7
10 45
25 31
7 17
19 45
6 34
2 28
23 26
28 30
34 50
24 29
25 48
2 10
24 30
4 26
19 22
10 25
34 42
1 42
10 23
23 25
1 26
42 45
47 51
24 54
9 18
34 38
1 55
44 50
25 50
6 26
3 33
19 43
22 49
3 18
31 55
15 53
27 29
51 53
25 49
13 20
0 55
17 53
6 49
8 34
28 42
15 34
0 26
15 42
22 29
39 42
31 51
45 50
29 30
37 40
11 15
26 45
28 39
39 54
9 28
21 28
0 18
29 42
4 16
10 31
8 36
49 50
10 53
25 36
9 40
16 50
13 30
36 40
34 49
0 6
31 49
26 33
2 51
25 55
26 28
24 45
0 48
17 50
34 52
25 29
7 51
11 49
8 51
10 32
31 34
0 19
10 34
1 17
28 54
11 37
9 34
3 15
11 51
34 36
32 46
44 45
8 25
1 34
20 39
2 53
2 7
7 30
2 39
4 25
27 39
47 50
5 34
10 39
22 39
1 8
22 42
0 52
32 37
25 45
32 55
14 32
26 41
29 51
12 13
22 34
6 55
26 48
26 55
39 50
32 50
3 8
30 34
8 39
13 53
34 54
25 44
9 11
19 34
1 54
10 51
30 31
14 33
43 51
26 34
33 53
34 39
26 53
7 15
0 51
1 10
11 33
11 54
17 19
19 25
2 17
20 34
12 53
16 52
28 49
16 34
15 28
0 28
16 31
6 44
1 50
2 15
30 48
23 42
2 19
45 55
32 51
9 16
6 22
4 8
14 53
7 29
3 4
13 29
15 55
11 43
18 27
3 53
14 28
29 32
13 49
37 45
0 42
7 9
31 40
3 42
19 42
28 50
11 30
24 49
7 26
11 31
48 49
32 42
18 34
9 20
19 26
18 49
10 26
1 24
