13 34
11 34
7 28
27 31
0 39
34 44
13 25
15 26
30 39
6 25
26 30
16 17
25 51
9 15
12 39
32 49
25 49
25 42
4 54
6 11
22 39
0 22
1 53
8 55
7 38
26 53
13 51
7 47
16 53
28 32
9 45
23 26
41 44
32 50
24 29
39 40
11 49
9 54
24 50
13 16
17 31
8 11
49 53
37 53
23 30
2 25
17 26
16 31
0 14
16 22
0 50
1 55
7 50
28 40
0 9
28 29
2 14
0 37
45 55
28 53
42 45
0 35
1 15
38 42
32 34
2 55
17 42
25 34
32 39
29 42
45 49
17 49
47 53
11 22
2 32
0 36
29 45
7 49
17 32
1 7
19 31
28 33
23 29
29 50
29 37
10 49
19 25
8 14
3 15
11 14
11 25
0 31
7 34
28 45
17 28
18 50
14 34
6 39
10 53
25 27
1 16
32 51
3 30
8 40
18 25
10 32
7 15
14 25
11 15
8 24
1 37
18 55
23 34
9 26
14 45
4 46
48 53
7 42
4 53
31 35
24 25
24 51
53 55
15 17
4 51
4 26
10 13
9 25
0 44
10 45
0 24
43 48
13 15
31 33
15 32
17 37
0 45
45 48
7 26
19 33
50 53
18 19
7 55
30 33
24 39
26 54
39 54
7 29
9 51
30 54
18 45
6 43
7 25
49 50
11 13
4 32
35 53
1 31
10 11
16 21
28 30
0 11
31 54
8 21
4 28
0 48
43 55
34 37
7 8
4 9
30 31
39 49
19 45
2 26
15 31
12 49
0 55
33 45
38 50
18 54
20 42
20 53
25 53
34 53
18 37
18 28
26 55
10 33
31 42
15 39
21 53
5 27
34 46
39 48
6 51
7 39
25 40
35 39
32 54
32 55
26 39
20 29
4 14
0 53
0 7
0 3
15 51
35 49
0 15
4 11
10 24
7 16
10 50
13 48
39 55
4 42
15 33
14 29
25 55
3 12
28 49
0 28
16 25
2 4
26 36
2 33
3 9
27 34
4 37
10 29
0 49
0 34
32 53
4 17
16 39
8 34
24 28
10 17
26 32
3 8
20 28
11 42
17 53
18 33
7 17
25 54
1 51
23 53
24 44
19 39
24 34
21 39
39 45
45 53
11 37
22 51
10 26
11 44
1 19
34 45
13 45
37 54
49 51
4 19
46 49
11 53
45 51
23 45
3 19
20 35
30 55
12 34
9 28
25 31
2 49
15 50
28 50
20 31
11 39
14 31
4 20
34 55
16 45
34 39
31 51
3 54
8 42
0 47
34 36
7 13
13 53
19 50
7 32
28 39
29 49
20 26
18 53
1 42
16 50
1 50
34 54
10 25
18 30
1 12
8 25
28 42
29 34
26 42
40 45
28 35
13 28
0 17
11 48
39 50
1 6
14 17
0 18
40 48
33 34
9 53
2 16
2 34
37 39
45 47
1 20
6 26
0 52
25 26
10 51
10 31
26 34
1 32
14 48
26 31
34 50
47 49
6 34
0 4
32 40
9 10
17 40
25 46
34 42
7 11
13 26
17 33
26 49
26 28
40 51
0 32
1 44
25 28
4 29
5 34
11 16
10 16
4 43
3 51
29 31
1 4
1 25
15 42
17 54
36 48
44 52
23 28
15 45
31 53
7 33
11 40
9 31
15 34
25 47
7 10
2 27
31 48
20 25
22 53
6 10
34 40
51 52
17 25
10 34
1 29
0 30
11 55
2 30
42 51
39 42
28 37
8 26
31 49
23 25
1 26
0 20
6 37
11 45
22 25
34 49
3 32
10 55
19 20
25 44
19 53
22 45
8 50
45 50
4 45
29 51
28 55
11 17
17 19
3 6
7 48
31 34
1 9
16 32
0 29
28 31
15 48
3 34
9 44
8 28
28 34
12 32
3 31
8 45
1 34
25 29
11 54
10 54
10 14
30 45
0 21
22 49
34 47
25 50
15 18
32 42
24 48
0 10
23 40
15 53
25 45
0 51
17 39
11 32
36 53
10 27
4 34
3 45
22 50
4 48
1 3
9 19
12 53
30 34
43 49
6 32
13 31
29 32
4 50
19 34
2 28
1 39
1 49
4 39
9 39
40 44
10 18
34 48
16 26
22 44
24 49
9 16
20 45
11 26
0 26
14 55
16 19
20 34
2 45
4 7
25 39
22 34
9 34
8 49
30 49
8 32
4 22
29 53
2 48
11 19
1 36
32 45
12 31
42 49
28 51
8 31
46 53
1 48
7 36
7 45
0 1
9 32
3 10
26 44
18 52
15 28
8 48
31 39
34 38
34 51
9 11
42 43
10 42
4 15
9 49
37 40
22 28
31 40
39 53
16 34
22 55
1 40
29 43
20 49
39 51
1 45
