13 34
11 34
6 28
40 49
7 35
0 20
1 11
0 43
23 45
25 49
7 17
4 39
21 25
4 15
0 44
3 9
10 37
22 25
29 34
4 24
0 39
0 14
1 32
7 20
42 50
9 36
2 20
7 28
11 51
23 32
4 9
4 26
13 26
15 17
8 25
18 42
0 11
1 44
16 31
45 48
20 42
11 46
8 45
1 29
18 34
1 36
6 35
8 17
19 29
10 19
24 50
26 44
31 49
29 45
28 48
17 47
25 30
26 45
38 49
25 53
32 38
21 50
11 55
14 53
32 34
2 24
1 22
0 25
1 17
1 14
24 47
31 44
3 11
49 55
6 11
34 54
29 54
31 33
7 12
14 49
27 33
45 46
4 16
15 34
10 42
10 39
32 48
40 48
44 45
25 29
11 25
17 39
34 52
28 45
28 39
39 49
14 34
43 50
4 13
18 53
1 51
0 15
54 55
26 40
2 12
30 49
33 53
30 33
26 35
19 55
1 24
3 39
0 31
20 25
1 6
26 51
11 16
3 28
4 31
45 49
7 53
31 39
17 37
9 31
3 25
17 45
34 53
0 16
3 34
24 25
7 29
22 28
16 45
0 23
32 36
4 11
0 45
11 45
20 28
10 11
12 25
10 45
1 23
29 31
29 48
23 39
27 46
20 34
3 4
34 38
28 51
8 10
10 40
4 34
0 28
6 36
11 30
37 39
12 26
12 49
17 26
1 20
44 49
28 37
50 51
1 26
1 15
34 37
25 31
13 33
10 31
22 39
11 15
9 39
7 32
8 31
4 48
24 37
15 51
1 39
4 7
2 32
42 53
25 40
34 35
31 36
0 42
4 53
23 28
16 53
15 54
31 45
32 37
18 39
14 31
15 16
0 26
15 45
7 54
25 37
26 39
29 49
26 30
0 53
6 16
46 51
39 55
11 26
17 25
5 34
28 40
8 16
32 42
2 9
29 55
28 55
3 38
14 42
0 48
7 19
26 43
33 34
10 25
30 31
19 49
2 51
40 55
10 54
32 39
28 52
16 49
0 34
32 51
14 17
45 53
9 33
33 42
0 1
8 11
39 43
0 47
11 40
17 53
40 43
0 22
7 49
11 53
4 45
26 48
11 13
4 17
28 30
39 45
4 20
30 42
17 28
0 49
35 39
28 31
34 43
26 53
19 34
10 22
34 49
3 22
7 27
8 51
31 55
10 51
9 51
2 34
34 42
10 15
19 33
0 33
35 44
7 23
13 53
9 23
11 48
8 34
25 55
45 54
26 34
11 17
7 42
11 39
48 53
20 31
13 14
13 28
18 31
1 31
8 19
29 53
7 31
2 45
45 52
14 50
34 47
27 28
11 32
4 22
9 49
15 28
9 53
18 29
17 34
7 45
15 53
9 26
30 34
0 55
16 48
32 45
1 37
14 32
32 50
9 34
0 3
22 49
1 27
39 40
2 8
11 44
10 32
50 53
10 49
34 44
19 40
26 28
37 42
29 30
4 28
34 50
2 22
6 34
15 37
16 28
25 42
26 49
15 55
31 51
25 32
6 10
45 50
21 34
29 42
39 42
0 32
41 53
32 49
6 13
5 9
37 50
0 10
32 53
9 19
46 49
36 53
7 25
18 28
20 45
31 54
30 45
1 40
4 21
53 55
37 51
1 25
42 49
15 26
25 34
15 25
13 54
7 44
9 25
23 25
7 16
34 40
16 25
48 49
7 10
49 53
30 50
3 14
35 55
1 55
16 19
9 42
4 25
8 49
24 45
17 55
42 45
17 51
45 51
25 54
10 34
3 49
10 53
32 55
25 45
25 48
33 45
9 32
16 17
8 18
4 40
22 37
1 4
30 53
2 29
14 28
31 34
30 51
32 54
4 51
19 50
16 33
7 30
28 36
3 29
28 34
7 15
19 51
8 44
1 19
18 48
7 11
17 54
25 26
34 45
28 42
10 48
7 34
1 9
18 32
18 22
8 39
40 45
29 39
31 53
1 45
51 53
17 48
20 51
10 29
25 52
34 39
0 9
31 42
26 32
13 22
7 39
24 28
20 24
16 54
20 53
2 50
9 12
39 50
39 48
14 39
15 31
13 39
34 55
0 40
2 26
3 26
34 48
31 32
22 34
10 26
8 32
2 19
13 32
0 54
4 54
8 28
3 24
31 50
0 13
25 39
1 34
29 50
11 49
18 50
24 43
15 18
0 6
0 21
0 50
0 18
17 18
47 55
15 49
10 50
19 26
9 48
2 27
11 12
39 53
49 51
11 31
8 15
24 42
16 26
20 29
4 10
39 47
22 55
34 51
8 53
19 53
45 47
7 26
25 28
10 28
25 50
6 53
44 53
16 34
4 50
3 6
1 10
15 29
1 12
0 4
