35 53
39 44
29 50
42 49
15 20
53 55
7 8
3 34
8 32
25 27
29 55
8 55
15 34
0 7
39 48
3 9
37 49
18 32
0 32
24 26
39 51
48 54
0 36
34 44
4 49
34 51
4 16
22 49
6 34
4 7
26 45
2 55
7 37
25 36
45 51
3 26
17 50
34 55
34 45
17 31
0 10
6 16
25 49
11 39
10 45
1 34
10 11
39 42
23 28
16 25
10 46
6 31
5 15
3 10
0 2
22 45
4 28
24 34
9 36
17 18
13 55
16 39
17 29
6 32
43 49
9 48
0 49
34 49
17 26
35 48
14 19
8 34
11 34
28 39
1 53
31 50
50 54
26 31
25 31
14 45
15 26
13 28
11 28
10 34
4 10
10 40
16 27
27 30
19 42
10 39
22 40
34 39
0 51
10 54
4 21
3 4
11 18
12 31
39 54
3 32
7 26
10 43
31 39
15 38
31 49
13 31
37 39
1 7
1 19
28 50
1 37
42 55
0 9
15 49
34 37
16 19
10 14
29 42
53 54
4 11
1 9
32 53
4 34
40 53
0 28
7 43
25 28
34 36
0 53
17 33
36 45
14 39
3 28
13 53
4 26
2 7
23 34
10 55
21 28
6 51
16 47
35 45
12 49
11 32
20 31
27 34
9 40
10 31
1 47
2 39
9 10
15 51
17 21
32 43
31 34
2 34
5 11
7 40
0 26
1 4
49 53
11 51
24 53
2 31
22 24
33 49
8 29
28 45
4 30
28 46
11 42
15 54
6 13
1 10
1 22
28 31
26 40
26 54
16 31
32 35
16 32
39 40
25 32
26 34
7 31
11 55
34 53
1 11
19 25
24 45
1 30
0 1
1 28
14 34
31 40
25 44
9 11
9 42
0 24
0 16
13 34
32 52
33 34
20 37
15 31
32 45
48 51
18 25
3 53
26 32
11 33
18 29
17 28
34 48
49 51
1 26
4 9
7 38
31 44
27 54
0 55
17 32
4 25
2 40
1 32
9 15
22 53
30 50
8 11
8 19
22 51
0 31
16 45
28 41
4 8
44 50
0 45
0 52
33 45
15 32
2 17
42 53
2 10
26 29
10 28
13 32
1 45
10 37
8 30
8 49
12 53
25 42
15 55
25 48
9 30
28 43
7 48
7 18
4 31
8 10
4 24
28 51
34 50
29 34
11 53
15 53
0 44
0 15
4 42
3 45
18 26
13 30
20 49
42 44
1 25
13 29
6 28
8 20
7 16
0 50
14 17
0 42
26 39
6 7
28 32
29 39
19 39
2 29
25 55
11 48
4 53
47 53
22 33
21 45
7 39
28 49
48 55
29 44
4 51
30 34
11 25
16 37
10 24
19 55
16 54
10 20
15 19
28 44
8 14
17 27
31 53
1 49
2 25
20 48
24 28
18 40
1 33
34 38
7 34
42 47
45 53
15 17
1 18
12 51
32 34
34 54
45 50
26 49
10 47
8 42
0 40
19 54
23 49
29 49
4 39
47 51
50 51
22 26
19 28
19 26
26 53
25 51
29 45
0 30
23 39
30 40
16 53
34 40
7 25
28 34
25 45
22 25
11 15
20 22
11 50
3 49
22 37
1 54
17 42
3 11
23 40
4 50
11 16
7 50
13 26
31 42
2 37
32 33
8 18
45 49
10 33
15 45
22 34
30 51
32 44
0 6
48 49
16 34
8 39
34 47
17 20
19 45
0 8
17 51
25 43
26 44
0 39
32 51
28 54
28 55
32 48
28 29
26 55
19 34
10 30
4 19
17 34
7 51
9 19
9 51
6 14
7 30
17 45
25 26
20 39
14 50
25 39
11 29
39 45
9 31
18 45
15 39
16 33
28 40
14 25
48 53
15 52
31 55
18 49
2 4
0 34
34 42
10 49
15 42
8 25
20 45
24 39
39 53
3 25
30 45
14 53
20 35
9 26
0 33
6 53
2 36
15 28
1 29
31 51
23 42
0 25
9 24
25 34
11 26
15 18
10 25
49 50
1 20
1 31
45 48
32 39
6 45
30 49
7 55
44 53
11 17
7 45
9 28
34 35
33 53
20 25
14 52
20 34
17 37
11 14
9 53
11 49
18 42
26 28
1 16
23 45
18 34
16 48
29 32
0 29
17 25
7 53
13 45
3 24
0 4
4 22
11 23
1 12
42 45
0 14
0 12
1 50
1 43
25 53
4 13
32 55
7 19
7 32
12 29
13 39
0 54
23 50
31 46
17 46
3 31
39 55
38 49
26 50
25 35
9 39
29 53
25 50
31 54
21 34
29 51
9 12
32 50
7 24
42 48
8 45
0 48
2 48
10 26
25 37
4 36
11 37
1 40
3 39
3 37
13 49
46 53
9 25
22 31
50 53
