15 39
1 32
1 36
1 40
1 45
1 41
1 46
10 44
1 43
1 51
1 20
1 12
36 40
40 43
19 26
5 26
10 26
15 47
23 26
26 44
28 47
12 45
29 47
10 47
19 23
14 35
37 47
7 29
17 47
22 47
18 26
32 37
12 51
27 49
22 26
20 43
6 27
17 26
44 47
8 32
12 46
2 17
36 45
14 47
19 47
20 32
20 40
20 45
20 41
20 46
9 34
20 51
38 47
12 32
43 51
5 47
48 50
26 47
39 47
2 26
10 15
2 47
10 19
2 23
37 51
32 40
32 45
32 41
32 46
43 45
32 51
16 22
30 31
34 50
36 51
1 37
18 47
40 45
40 41
40 46
0 3
40 51
41 45
41 46
3 14
41 51
12 40
43 46
41 43
37 40
45 46
45 51
46 51
4 13
36 46
