15 31
1 32
1 36
1 40
1 45
1 41
1 46
38 47
1 43
1 51
1 20
1 12
36 40
40 43
47 50
17 47
10 26
34 48
22 47
44 50
3 34
12 46
2 15
10 47
5 47
6 10
19 26
17 23
7 14
15 47
23 26
32 43
0 8
14 27
39 47
16 18
18 49
23 47
12 32
4 47
12 40
30 40
37 46
5 26
22 29
20 32
20 40
20 45
20 41
20 46
36 51
20 51
37 47
12 45
43 51
9 28
37 51
26 47
10 19
2 26
26 27
2 47
14 26
26 29
39 44
32 40
32 45
32 41
32 46
20 43
32 51
43 45
19 47
17 19
36 45
1 37
22 26
40 45
40 41
40 46
12 51
40 51
41 45
41 46
3 47
41 51
2 10
36 46
41 43
44 47
45 46
45 51
46 51
13 35
32 37
