37 51
1 22
26 32
1 40
1 45
1 26
1 46
47 49
12 37
1 51
41 51
15 34
40 50
26 36
14 40
0 44
18 37
2 37
26 41
10 12
3 12
8 35
2 27
10 38
23 28
19 47
2 19
26 46
31 36
22 47
18 19
12 23
20 40
32 40
1 43
15 50
14 36
40 47
20 32
10 39
6 47
40 51
46 47
23 34
9 29
12 15
43 51
30 39
16 45
26 40
32 47
41 46
41 45
10 47
47 51
32 43
1 47
26 47
12 17
20 45
5 7
32 45
14 44
3 17
41 43
1 41
26 45
45 51
32 46
20 46
32 51
45 47
10 36
5 17
20 47
2 29
4 48
40 45
32 41
40 46
13 43
20 51
1 32
19 44
1 20
26 51
43 47
43 46
27 36
37 47
45 46
22 40
46 51
41 47
20 26
