41 46
2 19
32 41
1 40
1 45
1 26
1 46
16 36
32 49
47 51
23 34
15 37
26 43
0 3
38 47
10 51
12 23
6 15
18 22
5 8
10 32
26 47
4 39
36 37
18 34
19 47
40 44
26 46
10 47
1 43
22 37
7 35
20 51
32 40
1 47
41 47
1 41
40 47
13 29
20 47
23 47
1 51
46 47
12 30
14 44
17 32
12 22
3 17
1 36
26 40
32 47
43 46
12 15
26 36
19 50
20 45
19 26
43 45
28 37
41 45
5 29
32 45
40 43
9 27
43 51
12 47
26 45
45 51
32 46
20 40
32 51
45 47
17 44
45 46
41 51
2 37
40 51
40 45
2 48
10 36
27 31
20 41
1 32
26 51
2 50
1 20
40 41
20 46
14 47
43 47
20 26
40 46
46 51
10 39
12 14
