10 35
0 19
2 47
1 40
45 51
1 26
1 46
15 18
45 50
47 51
26 32
19 37
39 51
7 47
20 46
5 36
32 40
43 46
15 36
27 31
10 37
26 47
12 22
16 19
40 43
14 40
26 40
26 46
1 32
17 44
1 20
18 47
46 51
32 43
1 47
14 17
17 38
40 47
12 20
2 9
41 45
1 51
46 47
32 51
10 13
39 47
26 41
12 14
20 40
3 48
32 46
1 23
23 47
8 19
2 22
1 43
41 46
32 41
20 41
41 51
5 15
32 45
29 51
4 37
12 44
2 40
41 47
26 43
26 51
26 45
1 41
45 47
20 32
45 46
23 26
36 37
30 37
40 45
22 34
10 12
47 50
3 6
32 47
10 34
43 47
12 36
40 51
20 47
1 45
20 51
43 45
40 46
29 49
28 36
27 44
