14 39
10 36
38 44
1 40
30 47
1 26
1 46
14 17
0 10
47 51
26 32
7 12
10 39
15 17
20 45
17 37
32 40
3 18
27 44
6 31
16 36
26 47
8 12
5 15
32 43
34 37
26 40
26 46
1 32
23 36
1 20
22 51
46 51
29 37
1 47
15 47
10 19
40 47
36 41
2 37
20 40
1 51
41 46
32 51
40 45
14 19
12 47
43 51
26 43
2 22
32 46
1 12
22 34
41 51
10 49
12 40
43 47
20 46
41 45
32 41
37 44
32 45
20 47
19 50
40 41
12 45
41 47
20 51
26 51
26 45
1 43
45 47
20 43
45 46
45 51
23 28
26 41
2 27
3 50
2 13
23 47
20 32
32 47
4 40
9 18
1 35
40 51
46 47
1 45
47 48
5 26
40 46
43 46
36 47
19 29
