20 51
10 29
1 17
1 40
10 18
1 26
1 46
26 41
8 14
47 51
26 32
28 37
1 49
41 43
12 45
10 44
32 40
29 44
32 41
36 47
15 36
26 47
26 45
3 37
2 34
30 39
26 40
26 46
1 32
15 51
20 26
22 48
46 51
2 47
1 47
22 35
16 39
40 47
10 14
14 18
20 40
1 51
40 43
32 51
40 45
12 26
37 41
20 46
23 31
15 45
32 46
20 45
19 43
26 51
2 12
47 50
43 46
41 46
41 47
43 51
40 41
32 45
20 47
32 43
4 36
10 19
9 36
12 47
1 20
5 37
0 13
45 47
2 40
45 46
45 51
19 27
12 50
43 47
38 47
3 6
7 23
19 47
32 47
5 22
23 27
17 34
40 51
46 47
1 45
12 51
37 44
40 46
1 41
17 36
20 32
