45 51
40 43
46 51
1 40
29 36
1 26
1 46
10 44
20 32
47 51
22 23
19 47
41 46
26 43
20 26
12 47
32 40
1 28
37 44
17 29
43 45
26 47
26 41
41 51
26 45
0 47
26 40
26 46
1 32
26 51
23 45
3 19
40 46
23 51
1 47
43 47
16 19
40 47
8 45
10 51
36 47
1 51
31 44
26 32
40 45
3 6
2 12
17 18
40 41
10 40
32 46
4 15
13 48
5 37
20 46
41 47
37 50
1 20
5 22
9 37
20 41
32 51
2 47
1 43
14 50
12 22
10 18
2 36
1 41
20 40
34 36
45 47
27 47
45 46
10 12
7 14
20 47
32 45
20 51
35 39
15 34
12 46
32 47
32 43
30 38
19 49
40 51
46 47
1 45
32 41
15 27
12 14
37 39
17 36
2 43
