43 46
1 40
46 51
43 47
15 39
1 26
1 46
23 35
37 47
47 51
12 29
26 40
1 20
0 6
16 37
43 51
32 40
10 34
22 40
14 47
32 44
26 47
15 22
2 8
26 45
2 10
4 27
3 23
1 32
26 51
1 41
12 37
40 46
18 19
1 47
41 51
3 49
40 47
10 47
19 28
26 41
1 51
5 50
32 46
40 51
20 46
19 39
1 15
27 36
2 26
14 31
7 36
12 51
17 18
9 12
41 47
41 46
29 43
12 45
19 22
17 44
45 51
20 51
26 32
34 47
41 45
32 51
1 43
23 50
20 41
5 12
45 47
40 43
45 46
36 37
26 46
20 47
32 45
20 45
10 37
44 48
40 45
32 47
10 36
2 30
13 40
32 43
46 47
1 45
20 26
20 40
17 47
32 41
14 38
36 47
