22 47
1 40
46 51
36 43
2 6
1 26
1 32
17 19
10 40
47 51
20 40
1 41
26 46
40 41
32 41
1 12
20 32
41 45
5 48
1 46
41 46
26 47
2 3
43 51
26 45
4 13
26 41
10 35
39 44
26 51
10 26
23 47
40 46
5 37
1 47
32 36
12 27
40 47
23 36
20 51
43 45
1 51
23 43
32 46
40 51
44 47
20 47
1 20
14 18
14 47
32 45
30 50
43 47
20 26
19 37
0 18
10 37
17 27
19 51
9 34
2 28
45 51
10 29
26 32
15 34
31 39
32 51
7 15
15 43
14 29
12 49
45 47
36 47
45 46
22 37
2 12
8 22
3 50
37 43
1 45
40 44
40 45
32 47
41 47
32 40
20 46
12 47
46 47
12 17
41 51
20 45
16 46
26 40
19 38
1 36
