19 51
1 40
46 51
32 43
2 47
1 26
20 32
14 18
14 23
47 51
32 40
1 41
32 46
41 45
5 37
20 51
1 7
12 47
1 43
12 41
10 27
26 47
22 36
41 46
26 51
18 50
26 45
26 43
15 23
44 47
3 28
40 43
40 46
1 32
1 47
0 12
20 46
40 47
20 40
8 29
32 45
1 51
41 43
13 50
39 44
19 47
43 47
34 36
5 16
10 17
43 45
12 37
19 49
30 34
26 46
36 47
2 40
41 47
32 51
1 20
10 15
45 51
19 20
41 51
36 38
20 26
40 45
2 45
45 46
9 10
6 12
45 47
27 51
29 39
36 37
14 31
1 46
2 32
20 47
1 45
46 48
26 32
32 47
22 47
35 44
3 22
17 23
46 47
12 40
4 37
26 41
15 17
26 40
40 51
10 37
