36 46
1 32
14 15
1 40
1 45
1 41
1 46
13 16
43 45
1 51
1 20
32 37
36 40
40 43
34 47
4 9
10 26
14 47
19 47
17 28
10 47
20 37
12 32
10 23
26 44
29 38
3 22
2 19
47 48
8 34
39 47
32 36
3 47
2 26
27 47
20 41
10 19
26 29
1 26
1 12
12 40
15 47
37 46
1 43
17 30
20 32
20 40
20 45
6 50
20 46
36 51
20 51
44 47
12 45
43 51
14 39
37 51
26 47
18 26
31 50
7 49
19 26
2 47
2 10
22 44
32 40
32 45
32 41
32 46
43 46
32 51
23 26
22 47
1 17
5 47
41 43
18 47
40 45
40 41
40 46
12 51
40 51
41 45
41 46
5 35
41 51
15 26
36 45
12 43
0 27
45 46
45 51
46 51
23 47
37 40
