29 44
1 40
46 51
12 47
41 43
1 26
14 47
22 37
23 43
47 51
32 40
41 47
32 46
40 43
8 15
1 32
23 50
2 47
0 37
9 48
26 40
26 47
20 32
1 41
15 27
12 19
26 51
12 44
22 32
41 46
20 26
17 44
40 46
16 50
1 47
20 51
26 45
40 47
19 47
36 45
32 45
10 43
40 41
7 35
14 26
27 39
43 51
1 34
10 40
2 12
20 46
4 17
45 51
37 49
29 31
20 40
5 36
3 38
32 51
2 19
39 51
41 45
1 20
1 43
10 36
26 41
40 45
18 37
23 47
3 51
32 41
45 47
17 22
1 51
10 46
36 47
1 46
28 37
20 47
1 45
14 18
43 47
32 47
26 46
19 34
10 12
45 46
46 47
13 30
12 36
26 32
20 45
6 15
40 51
2 5
