1 6
1 40
46 51
10 35
20 51
1 51
20 47
1 26
36 47
47 51
32 40
2 47
32 51
2 19
18 45
1 32
26 41
3 37
14 44
23 43
26 40
26 47
12 47
13 15
15 43
28 39
26 51
26 36
0 37
41 45
31 44
12 50
40 46
19 47
1 47
5 38
26 45
40 47
1 43
17 40
32 45
27 29
10 27
4 12
20 40
10 22
20 46
12 19
5 14
14 37
17 26
12 51
45 51
22 29
43 47
3 15
8 30
20 32
37 44
47 50
19 39
2 23
40 43
12 34
1 36
10 23
40 45
48 49
20 45
32 41
32 46
45 47
7 46
1 20
40 41
20 41
1 46
41 47
17 36
1 45
16 47
41 46
32 47
26 46
41 51
10 34
45 46
46 47
9 37
32 36
26 32
43 51
18 22
40 51
2 43
