19 35
1 40
2 12
40 43
26 41
1 51
10 30
12 15
19 40
47 51
43 45
20 40
32 51
14 22
20 46
46 51
3 15
29 47
20 45
41 47
17 47
26 47
45 47
18 23
40 46
26 40
45 51
37 44
1 32
43 46
32 45
41 51
32 40
1 34
1 47
9 36
1 20
40 47
20 51
26 32
0 17
12 36
1 43
26 46
18 50
23 36
29 38
32 41
20 47
37 50
40 41
15 22
1 12
10 32
26 45
2 47
19 51
14 23
41 43
16 28
27 48
43 51
3 6
1 46
8 36
17 37
40 45
27 49
37 47
45 46
41 46
32 47
5 10
4 47
1 26
32 46
5 36
12 47
26 51
1 45
41 45
10 47
13 31
39 44
14 44
7 20
34 37
46 47
26 43
2 22
20 26
12 32
10 39
40 51
2 19
