40 43
1 40
1 12
43 47
23 47
1 51
27 37
41 47
20 40
47 51
22 46
5 14
43 51
28 36
43 46
46 51
17 29
23 29
20 45
22 47
10 36
26 47
45 47
37 49
32 46
26 40
40 45
32 51
32 40
45 46
0 14
20 41
19 34
1 41
1 47
17 39
1 20
40 47
20 51
26 32
12 47
18 34
41 51
26 46
15 47
5 47
15 31
15 19
20 47
16 39
37 46
3 48
7 9
26 41
26 45
17 44
12 32
40 51
2 19
14 23
40 41
2 36
13 30
40 46
35 50
2 44
12 45
27 38
3 10
10 37
32 45
32 47
12 51
18 43
1 26
4 6
1 10
36 47
26 51
1 45
41 45
10 40
1 22
1 32
2 46
19 36
8 44
46 47
32 43
32 41
20 26
12 20
26 43
45 51
37 50
