2 15
1 32
26 32
1 40
1 45
1 26
1 46
10 47
19 37
1 51
2 5
18 43
12 47
16 50
40 47
10 12
0 10
2 19
32 41
40 41
20 41
10 36
19 30
12 46
44 47
43 51
29 47
26 46
1 41
1 22
23 48
15 19
14 49
37 47
12 40
34 51
20 32
26 43
41 47
29 44
27 45
40 51
46 47
6 12
15 38
43 47
32 43
20 40
17 31
26 40
1 43
41 51
7 36
26 45
47 51
10 18
1 47
26 47
43 46
44 50
3 9
20 46
26 41
26 37
5 23
32 40
32 45
45 51
32 46
4 22
32 51
41 45
36 39
34 36
45 47
27 47
17 23
40 45
28 35
40 46
8 39
20 51
12 36
20 47
13 14
26 51
37 40
32 47
17 22
2 3
45 46
14 20
46 51
1 37
20 45
