3 12
14 15
26 32
1 40
1 45
1 26
1 46
18 48
19 44
1 51
41 51
23 38
12 18
26 41
30 51
36 45
9 35
43 47
40 41
22 32
17 37
13 28
15 43
17 43
1 43
16 19
4 29
26 46
10 43
2 44
8 47
36 46
20 40
32 40
5 49
1 12
47 50
40 47
20 32
22 40
10 37
40 51
46 47
14 43
37 44
5 29
19 37
0 27
10 23
26 40
32 47
41 46
41 45
7 43
47 51
2 12
1 47
26 47
12 26
20 45
36 40
32 45
19 50
34 47
36 51
1 41
26 45
45 51
32 46
20 46
32 51
45 47
3 14
22 47
20 47
2 15
2 10
40 45
32 41
40 46
31 34
20 51
1 32
39 47
1 20
26 51
37 47
23 27
10 39
6 36
45 46
12 17
46 51
41 47
20 26
