7 59
40 63
33 56
15 43
56 61
44 52
11 20
32 48
37 61
26 45
37 53
53 61
37 48
2 43
37 38
14 38
56 57
15 49
15 47
38 53
39 45
23 52
53 54
9 21
15 46
22 33
18 47
48 61
21 22
1 59
16 33
18 52
7 55
10 54
28 35
21 42
54 59
19 35
25 63
10 32
5 24
54 61
32 37
47 60
15 45
48 54
9 55
11 52
28 51
18 44
47 58
35 59
3 21
5 51
32 38
38 48
3 60
16 32
51 57
10 59
14 53
39 53
20 52
26 63
14 32
9 42
14 61
16 53
30 31
3 48
19 46
25 40
27 44
53 56
9 15
43 49
10 53
24 38
38 59
10 38
1 42
26 60
14 59
14 37
11 12
32 59
39 47
10 48
48 53
2 30
48 59
32 61
38 61
10 37
30 62
20 21
37 59
53 59
45 46
14 48
33 61
10 61
37 54
59 61
25 62
