26 33
30 42
16 60
23 46
26 45
11 15
16 54
32 48
37 61
46 47
37 53
53 61
37 48
44 54
37 38
2 52
43 45
54 60
38 54
38 53
15 18
22 62
28 35
14 59
43 49
31 35
39 42
48 61
52 57
9 61
3 12
21 38
3 18
14 48
9 47
15 61
19 35
11 47
46 55
10 32
45 54
14 53
32 37
51 53
30 52
3 52
24 44
27 33
54 56
21 59
21 48
15 59
1 11
25 58
32 38
38 48
20 56
21 53
24 28
10 59
47 59
40 49
5 9
20 52
25 43
15 33
14 61
33 45
47 61
37 51
9 62
25 40
32 53
18 55
20 39
19 53
10 53
5 56
38 59
10 38
56 60
48 51
14 15
10 14
59 63
32 59
44 57
10 48
48 53
1 16
48 59
32 61
38 61
10 37
2 26
7 42
37 59
53 59
14 32
30 63
22 39
10 61
21 37
59 61
7 63
