9 24
45 53
55 56
25 42
40 45
15 22
14 38
32 37
37 61
33 59
37 53
53 61
37 48
33 61
32 38
18 39
21 38
15 40
9 52
38 53
21 32
15 59
31 33
14 59
28 60
32 35
10 48
48 61
14 37
47 53
16 39
37 38
30 46
10 14
44 51
15 49
19 61
46 62
42 43
45 60
3 63
10 53
10 37
7 46
5 18
37 47
44 54
19 20
57 60
16 54
3 15
22 52
47 59
15 23
21 53
38 48
11 56
21 48
42 54
10 59
3 12
28 54
26 63
35 45
47 51
11 55
14 61
20 25
11 48
20 52
16 30
52 63
32 53
9 39
14 48
2 43
32 48
1 25
38 59
33 44
10 47
27 62
35 56
21 61
24 30
32 59
5 54
7 18
48 53
14 53
48 59
32 61
38 61
10 38
26 52
49 59
37 59
53 59
1 58
9 56
26 57
10 61
43 54
59 61
2 51
