10 38
12 30
15 16
1 9
32 38
10 14
11 44
5 23
32 53
54 59
37 53
53 61
37 48
15 46
51 59
51 52
25 28
26 39
53 54
38 53
10 53
11 43
42 60
21 49
45 59
37 47
30 56
48 61
38 48
20 56
15 25
2 33
3 30
10 37
33 57
26 31
22 47
10 59
18 33
48 54
38 59
45 53
32 59
46 52
15 26
37 59
20 21
39 51
42 56
11 21
27 33
15 63
18 21
18 61
16 25
47 59
38 62
1 49
14 59
14 32
19 22
44 56
16 35
2 54
10 48
53 62
37 38
32 37
9 40
15 52
46 57
9 45
5 60
20 24
7 42
32 48
3 9
40 61
14 53
38 61
10 61
47 60
14 61
37 61
52 58
55 63
14 48
54 55
48 53
37 54
48 59
44 52
47 48
21 43
32 61
19 35
45 61
53 59
24 39
14 38
10 32
3 43
7 28
59 61
35 63
