46 63
21 51
21 56
9 16
19 56
2 55
1 28
30 54
10 38
32 60
33 47
10 61
15 38
15 53
11 47
52 63
45 47
15 48
7 26
11 57
46 62
20 23
14 53
16 21
14 59
21 44
37 38
9 14
1 18
22 45
45 56
5 61
60 61
14 38
26 39
18 57
10 20
28 49
15 59
42 61
54 63
9 59
33 54
35 46
33 40
35 62
32 61
38 61
25 58
16 59
10 48
20 53
15 37
25 30
42 56
52 54
32 38
9 25
38 48
38 53
32 59
47 54
24 54
3 39
15 61
32 39
35 53
40 48
22 43
3 31
43 45
37 53
38 59
2 49
12 52
10 59
32 48
59 60
24 52
19 44
14 48
18 26
27 51
21 30
10 53
5 11
37 61
43 51
48 53
10 37
48 59
33 55
48 61
3 7
32 53
14 37
37 59
53 59
53 61
42 44
10 14
37 48
32 37
59 61
47 52
