15 56
9 42
32 48
37 51
11 62
32 61
10 48
33 43
32 37
31 49
37 53
53 61
9 18
2 21
10 59
35 40
25 61
52 59
53 54
38 53
15 63
16 44
21 56
3 12
10 53
44 47
48 54
48 61
38 61
3 54
14 32
30 57
20 54
28 49
56 59
52 61
46 48
7 47
44 55
47 63
38 59
16 39
21 39
37 52
10 45
37 59
2 15
5 42
14 59
14 61
37 38
7 20
32 53
24 51
25 57
33 35
28 33
10 61
10 38
20 47
22 61
11 39
15 18
43 55
32 38
33 46
56 63
54 59
26 40
19 60
15 21
14 53
45 60
27 35
19 45
32 59
14 37
11 21
48 52
9 24
18 43
26 60
30 53
42 54
9 15
10 14
30 62
26 45
48 53
1 22
37 48
10 32
14 38
52 53
1 47
25 38
48 59
53 59
5 16
3 58
46 51
38 48
23 59
59 61
37 61
