33 59
40 44
32 48
44 52
26 57
37 61
21 42
14 38
24 47
12 30
37 53
3 47
9 47
33 62
10 59
18 46
25 49
32 54
10 38
10 48
48 54
52 63
14 37
54 59
10 53
53 54
15 53
48 61
53 61
15 56
23 26
45 55
44 48
10 37
14 59
5 42
20 52
30 39
26 39
35 61
38 59
20 35
35 51
9 25
22 39
37 59
15 61
3 9
11 33
2 60
37 38
47 49
32 53
21 61
32 37
24 58
51 61
10 61
32 61
46 63
1 59
16 45
15 16
14 32
32 38
38 61
28 57
22 30
31 45
38 48
33 52
11 20
5 25
46 59
7 43
32 59
10 14
1 43
15 37
2 19
38 54
9 42
56 60
11 52
3 60
45 47
10 54
53 56
48 53
55 56
37 48
14 19
18 43
21 51
21 53
38 53
48 59
53 59
7 40
16 28
27 62
14 48
15 21
59 61
18 63
