54 61
37 38
10 28
15 22
9 48
21 52
26 51
38 61
39 44
37 54
15 43
25 55
48 56
9 53
10 59
10 54
26 30
26 46
37 53
10 32
14 48
7 57
14 61
15 49
16 47
32 37
2 62
48 61
53 61
38 48
5 61
24 30
38 59
30 56
37 61
2 56
32 48
19 31
33 43
14 37
9 59
11 15
35 55
10 48
51 59
14 38
32 59
28 61
45 63
15 47
11 52
52 60
21 60
15 62
38 54
11 16
24 40
42 59
43 49
25 35
21 45
20 45
10 37
10 53
3 46
22 25
32 56
32 38
19 47
44 60
16 46
20 58
35 39
3 18
54 59
14 53
1 23
21 42
44 45
32 53
47 51
14 59
1 39
10 61
7 33
37 48
42 57
33 40
48 53
14 33
37 59
53 54
9 38
5 47
21 63
38 53
48 59
53 59
12 18
20 53
32 61
52 63
18 27
59 61
3 52
