32 61
15 59
39 60
10 53
30 43
16 44
47 48
38 61
14 61
5 24
22 62
33 52
3 23
24 25
10 59
2 46
26 49
14 15
37 53
10 32
15 61
7 52
35 59
38 54
33 51
32 37
48 54
1 20
53 61
48 61
20 55
27 42
37 38
14 53
37 61
31 52
10 38
55 60
45 58
54 61
18 63
14 38
37 54
10 48
38 48
45 57
32 59
9 46
56 62
39 51
57 59
28 56
48 52
38 59
10 14
1 9
11 47
15 53
9 18
53 54
54 59
26 30
20 40
11 53
44 49
16 42
19 63
32 38
5 60
12 21
14 59
30 42
47 61
10 22
3 26
43 47
33 39
16 21
7 25
32 53
15 32
21 44
21 45
21 46
35 63
37 48
3 19
18 35
48 53
9 40
37 59
52 61
2 25
14 32
45 56
38 53
48 59
53 59
43 56
28 51
11 37
37 47
10 15
59 61
33 48
