32 37
7 11
20 47
26 56
2 59
37 38
24 27
1 56
38 61
49 55
10 61
14 53
25 47
32 61
26 30
12 31
42 52
40 52
37 53
10 59
44 58
21 62
26 60
39 53
42 61
14 32
10 37
33 43
53 61
48 61
46 56
21 43
1 57
7 20
37 61
39 61
38 59
44 45
11 15
30 48
54 61
18 52
57 60
15 21
38 48
32 59
47 63
48 54
9 16
14 59
43 62
10 48
10 54
3 59
23 46
20 28
2 22
21 54
37 54
5 14
9 18
3 33
38 54
16 63
9 40
10 38
10 53
32 48
15 33
10 32
14 48
9 55
3 19
35 52
35 51
25 45
49 60
14 61
21 33
32 53
35 46
14 38
15 59
15 53
37 39
22 45
16 56
37 48
48 53
19 63
37 59
32 38
18 51
24 30
42 47
38 53
48 59
53 59
51 52
5 59
11 44
28 53
15 25
59 61
45 47
