12 26
57 59
33 49
14 48
44 62
10 38
39 47
11 35
32 37
38 61
15 59
52 59
46 47
51 62
30 56
23 25
9 44
45 56
37 53
10 59
30 60
15 43
2 27
18 52
33 45
51 52
18 61
26 57
53 61
48 61
10 61
47 49
32 48
16 20
37 61
19 63
38 48
21 22
53 60
21 45
35 61
21 63
53 59
42 60
32 38
43 61
20 63
15 61
16 48
35 47
14 38
10 37
52 55
1 54
43 53
10 48
21 40
14 59
10 14
11 21
5 20
14 32
2 42
25 56
37 38
18 25
10 53
32 61
7 54
7 52
19 54
31 33
54 58
3 54
24 47
15 37
3 59
15 38
33 44
32 53
9 54
30 46
16 39
10 32
1 3
14 53
14 37
37 48
48 53
59 61
37 59
38 53
24 51
9 40
22 48
28 42
48 59
38 59
5 45
9 11
39 46
26 55
15 53
32 59
28 56
