38 54
15 51
22 24
1 59
54 59
44 46
3 19
54 61
14 37
32 38
9 15
30 52
10 38
18 51
21 56
37 54
31 43
9 63
15 33
32 49
16 45
46 52
15 62
32 59
42 51
2 30
10 14
16 56
53 61
11 42
47 52
7 19
32 37
21 35
37 61
16 40
38 48
38 61
5 63
14 38
21 39
10 59
53 59
43 55
49 61
42 60
44 47
25 40
12 24
18 25
53 57
10 37
25 47
15 39
11 48
22 23
37 53
21 58
10 61
11 60
2 53
46 47
37 48
9 59
37 38
48 61
10 32
32 61
7 35
47 55
43 60
20 56
1 28
14 59
45 61
15 18
20 33
26 54
20 52
10 53
26 53
5 28
32 48
30 33
9 53
21 62
53 54
48 53
14 32
59 61
37 59
38 53
33 52
14 61
14 48
45 56
48 59
38 59
44 48
10 48
3 45
35 39
26 27
3 57
59 63
