42 61
16 19
22 56
37 59
25 49
14 32
33 49
5 9
15 63
14 38
2 47
35 53
10 38
46 57
3 39
19 44
5 33
15 45
2 24
32 53
44 54
16 47
43 62
10 37
11 42
20 46
15 56
47 48
53 61
11 61
7 63
52 56
32 59
10 40
37 61
26 52
38 48
38 61
21 61
32 38
3 57
10 59
53 59
20 39
18 52
21 48
25 40
25 30
47 60
56 63
21 59
10 61
28 44
15 60
35 54
21 38
37 53
30 43
14 37
21 45
14 48
30 53
37 48
11 18
37 38
48 61
27 51
32 61
26 59
53 54
3 7
33 47
12 46
14 53
16 62
35 43
52 58
1 22
42 51
10 53
45 60
37 54
20 54
32 48
45 59
32 37
9 31
48 53
54 55
59 61
14 61
38 53
9 55
9 33
51 59
24 39
48 59
38 59
18 26
10 32
14 59
15 52
1 23
10 48
15 28
