22 46
20 51
52 57
10 53
14 37
9 21
19 26
12 56
37 61
10 37
37 53
16 38
7 24
2 16
37 48
39 56
54 59
32 48
14 48
35 52
3 60
18 56
45 53
21 40
55 57
38 48
14 53
48 61
32 33
9 56
32 61
14 38
11 63
11 25
3 54
14 61
9 30
28 43
46 49
37 38
18 25
42 48
25 30
21 45
54 61
49 62
16 61
15 35
58 60
10 32
14 59
43 51
39 45
47 53
10 38
10 14
22 44
5 55
45 59
38 53
35 47
1 31
38 54
52 60
15 24
10 61
26 44
19 42
15 26
42 63
15 47
32 37
20 32
48 54
15 44
32 59
33 59
2 59
38 59
18 28
30 63
10 48
1 21
40 51
39 47
5 27
20 43
37 54
48 53
33 53
48 59
11 21
38 61
23 33
9 62
7 46
37 59
53 59
53 61
3 61
47 52
10 59
15 52
59 61
32 53
