0 3
9 32
25 45
0 52
0 42
21 49
0 23
0 26
8 32
0 17
0 16
0 30
0 31
0 32
11 31
8 11
44 46
25 33
4 50
19 59
47 56
3 32
32 47
13 22
31 42
3 11
3 30
54 60
4 22
3 16
9 43
12 27
44 59
41 54
8 17
33 58
47 58
32 46
33 47
37 57
9 15
20 50
0 11
14 45
0 13
4 46
47 49
3 52
31 52
44 49
7 16
3 42
15 58
16 28
12 58
12 25
15 56
20 39
45 49
8 31
15 25
17 28
43 45
6 35
14 32
22 55
22 39
14 59
11 52
11 42
9 45
11 26
11 17
15 46
13 30
11 30
7 42
16 31
11 32
12 14
38 51
12 56
32 59
12 21
21 53
19 38
12 15
12 47
12 44
12 45
12 48
12 43
9 49
38 57
56 59
12 32
12 33
25 47
13 26
12 59
9 56
33 56
29 46
34 53
28 30
21 47
22 35
5 13
49 58
14 15
14 21
13 55
27 45
14 48
7 17
14 47
14 33
14 43
44 58
43 59
29 57
15 21
25 48
35 41
15 47
15 44
15 45
15 48
15 43
18 40
45 59
6 16
15 32
15 33
3 31
16 52
11 16
23 42
16 26
8 26
16 17
51 57
16 30
1 32
6 18
17 52
17 42
17 23
17 26
43 49
17 31
17 30
16 42
14 25
16 32
3 7
15 27
3 26
9 12
25 44
3 23
39 51
48 59
4 20
21 56
37 41
17 51
14 44
21 44
21 45
21 48
21 43
11 28
32 49
9 48
21 32
21 33
32 56
4 10
9 44
30 40
23 52
16 23
21 59
23 30
11 23
23 26
23 32
27 43
28 52
14 27
18 29
15 19
4 40
32 60
21 25
26 52
26 42
56 57
26 30
8 30
26 31
26 32
6 42
32 58
1 27
15 53
6 20
3 17
37 38
46 48
23 31
5 32
25 43
13 52
43 47
48 58
30 52
30 42
5 19
10 35
30 31
30 32
45 58
33 59
27 32
31 32
17 32
32 52
32 42
43 58
9 47
4 60
21 58
32 44
32 45
12 24
32 48
32 43
7 30
26 28
22 46
32 33
15 49
8 42
25 32
9 21
14 56
33 44
13 32
33 48
33 43
10 36
29 54
27 44
12 49
7 52
1 2
28 32
27 48
33 49
40 51
37 39
45 56
22 34
15 59
42 52
43 56
0 2
43 44
45 47
43 48
10 22
34 51
29 60
44 56
44 47
44 45
44 48
25 27
20 46
33 45
0 7
49 56
45 48
9 33
13 16
40 50
56 58
20 30
47 48
7 32
2 21
48 56
29 38
6 34
14 49
18 20
7 23
19 32
48 49
1 12
30 51
