0 3
9 32
27 32
0 52
0 42
21 49
0 23
0 26
29 32
0 17
0 16
0 30
0 31
0 32
11 31
32 46
43 49
4 8
4 37
45 58
47 56
3 32
32 47
28 40
31 42
3 11
3 30
20 22
9 15
3 16
9 48
8 22
19 39
21 27
38 57
27 45
1 29
27 33
33 47
13 17
49 56
7 52
0 11
14 45
8 17
44 59
5 51
3 52
31 52
44 49
19 34
3 42
15 58
5 30
21 58
12 25
15 56
56 59
13 31
22 26
15 25
15 53
43 45
46 52
14 32
25 44
15 55
16 20
11 52
11 42
9 44
11 26
11 17
35 51
38 54
11 30
1 18
16 31
11 32
12 14
1 60
12 56
32 59
12 21
50 60
12 59
12 15
12 47
12 44
12 45
12 48
12 43
9 21
27 43
9 59
12 32
12 33
8 57
4 54
12 27
29 49
33 56
13 32
35 38
12 29
21 47
24 60
21 42
14 49
14 15
14 21
13 30
9 43
14 48
4 57
14 47
14 33
14 43
6 38
6 39
43 59
15 21
11 13
14 27
15 47
15 44
15 45
15 48
15 43
32 37
18 51
25 47
15 32
15 33
33 59
16 52
11 16
23 42
16 26
29 58
16 17
21 25
16 30
25 56
43 58
17 52
17 42
17 23
17 26
47 59
17 31
17 30
16 42
7 42
16 32
13 52
20 28
3 26
9 12
25 32
3 23
6 37
48 59
28 47
21 56
22 40
46 51
14 44
21 44
21 45
21 48
21 43
7 32
32 49
22 30
21 32
21 33
32 56
2 35
9 45
4 40
23 52
16 23
14 56
23 30
11 23
23 26
23 32
29 44
8 32
14 25
17 46
19 38
7 23
2 39
9 14
26 52
26 42
50 53
26 30
35 57
26 31
26 32
27 48
32 58
10 55
13 16
3 46
3 17
8 16
37 39
23 31
12 58
25 43
22 32
43 47
48 58
30 52
30 42
0 20
34 41
30 31
30 32
32 34
49 53
4 48
31 32
17 32
32 52
32 42
11 28
22 46
3 31
25 45
32 44
32 45
15 27
32 48
32 43
12 51
7 30
2 40
32 33
15 49
9 56
33 58
21 59
10 41
33 44
56 58
33 48
33 43
13 42
20 51
15 19
12 49
20 30
22 28
6 57
25 48
33 49
6 34
28 32
45 56
18 60
15 59
42 52
43 56
27 44
43 44
45 47
43 48
0 46
0 28
45 59
44 56
44 47
44 45
44 48
25 33
4 41
33 45
7 26
30 46
45 48
7 16
6 54
19 36
8 30
9 47
47 48
7 13
44 58
48 56
5 26
20 40
45 49
7 17
10 18
10 51
48 49
49 58
1 50
