0 3
37 57
14 27
0 52
0 42
21 49
0 23
0 26
29 47
0 17
0 16
0 30
0 31
0 32
11 31
11 22
43 49
4 30
39 41
45 58
47 56
3 32
32 47
38 44
31 42
3 11
3 30
4 42
6 12
3 16
9 48
10 16
25 59
21 27
27 33
28 32
35 37
56 58
33 47
13 19
49 56
49 58
0 11
14 45
29 48
44 59
39 54
3 52
31 52
44 49
31 46
3 42
15 58
6 15
21 58
12 25
15 56
56 59
8 51
2 28
15 25
19 57
43 45
17 46
14 32
27 44
32 60
6 51
11 52
11 42
9 44
11 26
11 17
5 60
10 60
11 30
10 13
16 31
11 32
12 14
7 26
12 56
49 59
12 21
40 57
12 59
12 15
12 47
12 44
12 45
12 48
12 43
9 21
12 27
28 37
12 32
12 33
18 20
28 30
20 34
6 60
33 56
13 38
40 51
13 34
21 47
18 34
10 55
14 49
14 15
14 21
7 30
9 43
14 48
38 40
14 47
14 33
14 43
27 48
15 53
43 59
15 21
22 26
27 32
15 47
15 44
15 45
15 48
15 43
4 53
0 22
27 58
15 32
15 33
33 59
16 52
11 16
23 42
16 26
22 32
16 17
25 44
16 30
2 13
43 58
17 52
17 42
17 23
17 26
32 59
17 31
17 30
16 42
7 52
16 32
0 46
9 15
3 26
9 12
9 32
3 23
5 40
48 59
25 56
21 56
8 32
12 39
14 44
21 44
21 45
21 48
21 43
7 32
32 49
22 30
21 32
21 33
32 56
1 13
9 45
47 49
23 52
16 23
14 56
23 30
11 23
23 26
23 32
50 52
6 50
14 25
32 46
4 32
42 46
4 11
9 14
26 52
26 42
12 58
26 30
37 40
26 31
26 32
27 45
32 58
27 43
16 46
16 22
3 17
3 4
8 30
23 31
21 29
25 43
17 22
43 47
48 58
30 52
30 42
20 51
30 51
30 31
30 32
21 25
34 50
20 28
31 32
17 32
32 52
32 42
1 2
7 51
3 31
25 45
32 44
32 45
38 57
32 48
32 43
24 35
13 20
8 15
32 33
15 49
9 56
9 33
21 59
29 32
33 44
47 58
33 48
33 43
7 20
28 54
22 42
12 49
35 57
13 39
1 18
25 48
33 49
20 53
6 8
45 56
8 54
15 59
42 52
43 56
32 51
43 44
45 47
43 48
7 17
5 55
45 59
44 56
44 47
44 45
44 48
29 33
46 52
33 45
7 23
30 46
45 48
7 16
19 35
15 38
1 19
25 47
47 48
8 36
44 58
48 56
19 29
9 28
45 49
13 18
0 41
4 17
48 49
25 32
26 41
