0 3
7 23
29 57
0 52
0 42
6 16
0 23
0 26
27 47
0 17
0 16
0 30
0 31
0 32
11 31
5 44
15 22
4 57
19 28
30 46
22 48
3 32
56 58
51 60
3 42
3 11
3 30
10 39
50 57
3 16
40 53
8 24
21 58
9 44
16 46
0 20
4 40
17 19
30 35
29 32
2 4
32 35
0 11
6 30
19 41
9 14
45 49
3 52
31 52
7 16
9 59
3 31
49 56
27 48
46 52
9 12
15 56
40 55
9 43
9 21
15 25
18 35
9 15
9 32
14 32
27 32
16 20
28 35
11 52
11 42
14 59
11 26
11 17
2 8
11 16
11 30
26 46
16 31
11 32
12 14
21 25
12 56
25 32
12 21
42 46
39 51
12 15
12 47
12 44
12 45
12 48
12 43
43 49
15 39
15 59
12 32
12 33
25 33
14 47
48 59
29 40
13 45
20 52
32 49
15 27
43 47
3 7
44 59
32 58
14 15
14 21
14 44
0 46
14 48
14 56
14 45
14 33
14 43
12 29
15 49
33 49
15 21
6 26
25 43
15 47
15 44
15 45
15 48
15 43
7 17
0 4
33 58
15 32
15 33
3 23
16 52
16 42
23 42
16 26
11 20
16 17
17 20
16 30
28 38
13 32
17 52
17 42
17 23
17 26
34 54
17 31
17 30
30 38
32 37
16 32
28 32
7 32
3 26
25 56
5 29
53 55
45 58
12 59
8 34
21 56
10 51
1 6
21 47
21 44
21 45
21 48
21 43
21 49
44 58
9 47
21 32
21 33
32 56
4 10
2 37
25 48
23 52
16 23
22 49
23 30
11 23
23 26
23 32
49 59
13 44
18 38
45 59
13 43
13 33
8 37
9 56
26 52
26 42
1 19
26 30
7 26
26 31
26 32
7 30
27 44
22 33
43 59
12 25
3 17
1 39
4 36
23 31
34 51
48 58
40 57
27 56
5 19
30 52
30 42
22 58
18 60
30 31
30 32
11 46
12 58
6 42
31 32
17 32
32 52
32 42
17 28
8 50
4 51
32 47
32 44
32 45
10 41
32 48
32 43
31 46
31 42
33 47
32 33
13 21
45 47
15 51
33 56
14 25
33 44
25 45
33 48
33 43
12 49
25 44
1 32
38 41
12 27
28 30
7 52
12 22
53 60
13 34
22 47
37 54
8 28
32 59
42 52
43 56
9 48
43 44
43 45
43 48
14 27
21 27
51 57
44 56
44 47
44 45
44 48
9 45
6 38
33 45
45 56
56 59
45 48
15 58
13 49
49 58
20 30
21 59
47 48
50 60
8 18
48 56
27 43
47 49
25 47
22 32
20 32
13 58
48 49
7 42
29 54
