0 3
56 58
15 28
0 52
0 42
21 49
0 23
0 26
27 58
0 17
0 16
0 30
0 31
0 32
11 31
1 18
43 49
7 11
13 29
45 58
47 56
3 32
32 47
9 44
31 42
3 11
3 30
13 32
32 39
3 16
27 48
30 50
25 59
37 57
9 47
12 13
10 28
40 48
33 47
6 30
49 56
9 49
0 11
14 45
30 39
44 59
4 30
3 52
31 52
44 49
11 39
3 42
15 58
20 60
21 58
12 25
15 56
56 59
18 38
32 46
25 47
16 53
43 45
17 46
14 32
12 58
19 34
34 41
11 52
11 42
9 48
11 26
11 17
23 46
8 12
11 30
5 29
16 31
11 32
12 14
4 6
12 56
25 33
12 21
28 32
12 59
12 15
12 47
12 44
12 45
12 48
12 43
9 21
12 38
6 32
12 32
12 33
21 25
46 52
6 38
2 38
33 56
13 60
8 57
7 26
21 47
28 50
20 32
14 49
14 15
14 21
7 30
9 43
14 48
43 59
14 47
14 33
14 43
10 57
34 55
27 43
15 21
22 26
27 32
15 47
15 44
15 45
15 48
15 43
51 60
22 52
29 40
15 32
15 33
33 59
16 52
11 16
23 42
16 26
15 27
16 17
27 44
16 30
51 53
43 58
17 52
17 42
17 23
17 26
32 59
17 31
17 30
16 42
4 26
16 32
13 18
9 15
3 26
9 12
9 32
3 23
25 44
48 59
15 20
21 56
5 40
8 19
14 44
21 44
21 45
21 48
21 43
7 32
32 49
22 30
21 32
21 33
32 56
32 35
9 45
27 56
23 52
16 23
14 56
23 30
11 23
23 26
23 32
28 44
22 32
44 58
42 46
34 40
0 22
1 54
9 14
26 52
26 42
20 51
26 30
53 57
26 31
26 32
33 58
32 58
15 25
3 51
16 22
3 17
40 55
2 60
23 31
10 54
25 43
42 57
43 47
14 27
30 52
30 42
28 48
13 51
30 31
30 32
25 56
8 29
0 46
31 32
17 32
32 52
32 42
20 29
7 42
3 31
25 45
32 44
32 45
17 22
32 48
32 43
13 14
37 41
29 51
32 33
15 49
22 35
9 33
21 59
19 20
33 44
47 49
33 48
33 43
7 52
13 37
4 31
12 49
35 54
48 58
10 41
6 28
33 49
2 18
17 36
45 56
15 19
15 59
42 52
43 56
21 27
43 44
45 47
43 48
4 8
19 21
45 59
44 56
44 47
44 45
44 48
25 39
8 37
33 45
1 35
30 46
45 48
0 7
4 38
1 24
6 8
47 59
47 48
7 16
27 45
48 56
5 51
49 58
45 49
4 50
7 17
16 46
48 49
25 32
13 20
