0 3
9 49
29 38
0 52
0 42
21 49
0 23
0 26
14 59
0 17
0 16
0 30
0 31
0 32
11 31
5 20
43 49
11 28
8 20
45 58
47 56
3 32
32 47
9 44
31 42
3 11
3 30
13 15
4 30
3 16
27 48
6 40
50 60
13 45
34 38
47 50
29 56
48 59
33 47
5 55
49 58
25 49
0 11
14 45
13 26
44 59
6 35
3 52
31 52
44 49
0 7
3 42
15 58
12 27
28 60
12 25
15 56
56 59
8 19
32 46
27 47
18 32
43 45
16 46
14 32
12 58
20 39
28 30
11 52
11 42
9 48
11 26
11 17
46 52
16 51
11 30
20 40
16 31
11 32
12 14
38 57
12 56
52 57
12 21
41 46
12 59
12 15
12 47
12 44
12 45
12 48
12 43
9 21
56 58
10 34
12 32
12 33
25 44
15 37
4 32
21 25
33 56
22 32
8 53
7 16
21 47
16 57
6 53
14 49
14 15
14 21
7 30
9 43
14 48
43 59
14 47
14 33
14 43
21 59
18 19
25 43
15 21
22 26
27 44
15 47
15 44
15 45
15 48
15 43
39 54
22 30
13 21
15 32
15 33
33 59
16 52
11 16
23 42
16 26
15 27
16 17
1 29
16 30
13 44
43 58
17 52
17 42
17 23
17 26
32 59
17 31
17 30
16 42
22 42
16 32
17 51
9 15
3 26
9 12
9 32
3 23
25 45
48 58
6 22
21 56
5 39
7 31
14 44
21 44
21 45
21 48
21 43
7 32
32 49
1 15
21 32
21 33
32 56
17 57
9 45
27 56
23 52
16 23
14 56
23 30
11 23
23 26
23 32
4 24
29 32
44 58
42 46
53 57
17 22
10 33
14 27
26 52
26 42
34 35
26 30
4 12
26 31
26 32
2 36
32 58
15 25
51 60
32 41
3 17
9 25
12 13
23 31
27 32
25 33
0 46
43 47
25 48
30 52
30 42
20 54
13 48
30 31
30 32
25 56
19 60
7 17
31 32
17 32
32 52
32 42
8 40
7 23
3 31
14 58
32 44
32 45
1 40
32 48
32 43
21 27
1 20
2 30
32 33
15 49
6 8
9 59
8 37
9 33
33 44
47 49
33 48
33 43
4 13
30 46
29 43
12 49
4 18
21 58
0 22
19 35
33 49
34 40
8 54
45 56
2 37
15 59
42 52
43 56
20 37
43 44
45 47
43 48
6 10
39 55
45 59
44 56
44 47
44 45
44 48
10 51
19 28
33 45
11 22
4 41
45 48
7 26
38 51
13 32
28 32
47 58
47 48
38 50
27 29
48 56
28 52
30 51
45 49
18 35
7 42
3 46
48 49
25 32
28 51
