39 40
9 44
7 42
0 52
0 42
21 49
0 23
0 26
47 56
0 17
0 16
0 30
17 32
0 32
0 31
3 22
43 49
0 11
4 57
1 29
51 52
0 3
32 47
7 30
31 42
3 11
11 30
47 59
2 39
3 16
14 47
50 52
1 8
25 43
13 48
28 46
7 22
3 27
33 47
19 32
38 45
6 22
10 41
14 45
25 44
13 47
18 20
13 44
31 52
44 49
11 26
4 5
45 58
28 60
9 47
14 25
15 56
56 58
15 25
34 35
5 38
13 59
43 45
19 29
14 32
12 58
4 12
46 48
11 52
11 42
9 12
35 54
43 58
32 46
27 31
15 17
9 45
16 31
34 55
12 14
27 32
12 56
23 32
12 21
8 55
12 59
12 15
12 47
12 44
12 45
12 48
12 43
48 58
11 32
17 52
12 32
12 33
45 59
22 23
13 14
32 38
33 56
10 18
12 25
28 57
21 47
37 57
44 58
14 49
14 15
14 21
6 11
9 21
14 48
20 29
43 59
14 33
14 43
11 27
8 20
8 29
15 21
22 26
5 60
15 47
15 44
15 45
15 48
15 43
4 40
13 43
15 58
15 32
15 33
3 32
16 52
28 41
23 42
26 42
13 21
16 17
23 26
16 30
27 42
9 48
0 27
17 42
17 23
17 26
32 59
30 37
17 30
16 42
49 58
16 32
48 59
9 15
16 26
9 33
9 32
10 38
6 32
25 33
6 28
21 56
3 42
30 51
14 44
21 44
21 45
21 48
21 43
4 19
32 49
14 58
21 32
21 33
32 56
1 35
4 28
21 59
7 23
12 46
14 56
23 30
2 51
57 60
16 23
20 25
42 51
10 53
0 51
22 32
15 30
34 54
9 56
7 26
26 31
1 20
26 30
3 52
17 31
26 32
21 25
32 58
25 45
7 16
28 36
3 17
49 56
24 51
23 31
8 32
3 30
26 52
43 47
25 32
30 52
30 42
18 39
44 59
30 31
30 32
26 27
6 40
30 38
31 32
11 17
32 52
32 42
44 46
50 53
3 31
8 17
32 44
32 45
19 20
32 48
32 43
15 59
7 52
37 50
32 33
15 49
12 13
9 43
11 23
27 30
33 44
56 59
33 48
33 43
21 46
25 56
9 49
12 49
20 54
33 58
7 32
29 35
33 49
0 7
37 60
45 56
29 53
17 18
42 52
43 56
21 58
43 44
45 47
43 48
11 16
15 40
33 59
44 56
44 47
44 45
44 48
19 40
3 26
33 45
16 51
23 52
45 48
11 31
4 32
13 32
8 57
47 49
47 48
17 27
16 27
48 56
6 41
15 46
45 49
2 22
30 39
16 22
48 49
25 48
34 46
