0 3
0 19
28 51
0 52
0 42
50 51
0 23
0 26
27 48
0 17
0 16
0 30
0 31
0 32
11 31
1 10
4 41
32 40
25 44
30 46
30 54
3 32
33 58
37 38
3 42
3 11
3 30
10 51
16 40
3 16
22 47
1 18
21 58
9 44
16 46
0 20
6 38
1 50
8 32
28 53
20 32
19 29
0 11
21 22
4 55
19 30
45 49
3 52
31 52
4 39
5 29
3 31
28 37
56 59
46 52
9 12
15 56
28 57
9 43
43 59
15 25
42 46
9 47
9 32
14 32
32 54
20 52
27 32
11 52
11 42
40 52
11 26
11 17
8 29
11 16
11 30
7 11
16 31
11 32
12 14
21 59
12 56
25 32
12 21
17 46
21 49
12 15
12 47
12 44
12 45
12 48
12 43
43 49
22 44
15 59
12 32
12 33
33 49
14 47
9 48
20 42
33 56
4 10
32 49
15 27
21 47
7 23
5 40
32 58
14 15
14 21
14 44
26 40
14 48
47 56
14 58
14 33
14 43
18 30
15 49
27 59
15 21
6 28
12 25
15 47
15 44
15 45
15 48
15 43
34 50
13 33
13 43
15 32
15 33
3 23
16 52
16 42
23 42
16 26
7 42
16 17
7 31
16 30
9 45
13 32
17 52
17 42
17 23
17 26
24 55
17 31
17 30
29 39
17 49
16 32
4 8
45 59
3 26
25 59
34 60
38 57
45 58
12 59
6 53
21 56
6 15
7 26
2 29
21 44
21 45
21 48
21 43
9 21
44 58
25 45
21 32
21 33
32 56
8 41
32 60
13 48
23 52
16 23
14 49
23 30
11 23
23 26
23 32
33 59
44 49
35 37
9 22
43 58
12 13
17 38
14 25
26 52
26 42
4 29
26 30
7 16
26 31
26 32
7 30
27 44
9 56
25 43
51 57
3 17
9 15
22 48
23 31
35 53
48 58
6 51
22 27
8 37
30 52
30 42
14 59
20 26
30 31
30 32
11 46
12 58
41 60
31 32
17 32
32 52
32 42
15 39
34 36
27 33
32 47
32 44
32 45
12 22
32 48
32 43
32 46
31 42
25 47
32 33
13 21
45 47
13 15
56 58
14 56
33 44
30 38
33 48
33 43
12 49
44 59
17 20
46 60
12 27
28 35
0 7
16 19
35 39
2 51
9 25
13 45
5 28
32 59
42 52
43 56
25 48
43 44
43 45
43 48
47 49
1 47
2 10
44 56
44 47
44 45
44 48
14 45
8 51
33 45
45 56
49 56
45 48
15 58
49 58
34 57
20 30
21 27
47 48
8 18
18 54
48 56
43 47
25 33
4 19
22 32
6 57
27 56
48 49
7 32
3 13
