7 23
9 43
20 37
0 52
0 42
21 49
0 23
0 26
47 56
0 17
0 16
0 30
17 32
0 32
0 31
7 16
43 49
0 11
1 22
7 26
33 58
0 3
32 47
11 52
31 42
3 11
11 30
15 38
19 54
3 16
9 47
7 11
44 58
0 28
5 29
20 30
15 59
15 37
33 47
7 52
26 27
51 55
12 46
14 45
25 44
23 31
16 27
7 42
1 5
44 49
32 51
21 25
44 59
23 26
40 57
12 25
15 56
12 58
15 25
14 58
29 32
1 20
43 45
0 8
14 32
15 58
26 28
18 19
30 51
11 42
9 12
7 32
37 39
17 31
20 32
22 57
25 33
2 40
47 58
12 14
4 32
12 56
23 32
12 21
4 16
12 59
12 15
12 47
12 44
12 45
12 48
12 43
48 58
11 32
17 52
12 32
12 33
9 56
11 27
9 14
18 40
33 56
56 58
13 45
39 46
21 47
23 42
10 41
47 59
14 15
14 21
43 46
9 21
14 48
34 35
21 59
14 33
14 43
50 53
17 23
22 34
15 21
25 43
17 28
15 47
15 44
15 45
15 48
15 43
12 38
8 40
29 52
15 32
15 33
3 32
16 52
32 46
3 27
26 42
14 59
16 17
11 26
16 30
2 18
13 33
19 33
17 42
28 31
17 26
32 59
45 59
17 30
16 42
2 36
16 32
44 55
9 15
16 26
13 15
9 32
21 46
8 19
14 25
19 24
21 56
3 42
28 52
14 44
21 44
21 45
21 48
21 43
23 52
32 49
14 47
21 32
21 33
32 56
22 54
17 27
13 48
27 30
41 57
14 56
23 30
20 51
5 39
16 23
6 30
25 48
28 42
11 16
46 49
44 46
27 42
38 48
6 51
26 31
20 41
26 30
3 52
9 44
26 32
13 38
43 58
25 45
17 22
7 8
3 17
49 56
18 60
3 31
15 46
3 30
26 52
43 47
25 32
30 52
30 42
8 32
9 45
30 31
30 32
27 32
35 60
4 30
31 32
11 17
32 52
32 42
35 50
35 54
16 31
32 60
32 44
32 45
10 57
32 48
32 43
29 37
1 30
31 52
32 33
15 49
13 32
43 59
3 23
0 27
33 44
56 59
33 48
33 43
34 51
9 49
6 57
12 49
28 30
29 40
6 22
4 53
33 49
12 13
8 51
45 56
22 38
4 20
42 52
43 56
34 60
43 44
45 47
43 48
11 23
6 8
9 48
44 56
44 47
44 45
44 48
7 17
3 26
33 45
48 59
13 53
45 48
11 31
4 39
50 59
10 22
47 49
47 48
6 10
45 58
48 56
32 58
4 27
45 49
13 21
21 58
25 49
48 49
25 56
16 29
