7 30
9 43
1 36
0 52
0 42
21 49
0 23
0 26
47 56
0 17
0 16
0 30
17 32
0 32
0 31
20 26
43 49
0 11
38 55
0 7
9 49
0 3
32 47
11 52
31 42
3 11
11 30
18 51
35 45
3 16
13 49
7 42
44 58
16 28
39 60
7 23
15 59
8 38
33 47
2 41
26 27
20 27
12 46
14 45
25 44
23 31
16 27
16 20
5 37
44 49
0 1
21 25
44 59
23 26
3 4
12 25
15 56
12 58
15 25
14 49
4 30
35 53
43 45
1 6
14 32
15 58
46 57
29 32
40 57
11 42
9 12
4 28
7 16
17 31
4 27
4 17
25 33
6 38
13 14
12 14
19 22
12 56
23 32
12 21
40 51
12 59
12 15
12 47
12 44
12 45
12 48
12 43
48 58
11 32
17 52
12 32
12 33
9 14
27 28
9 45
13 44
33 56
33 58
47 58
20 52
21 47
23 42
8 57
56 59
14 15
14 21
2 22
21 46
14 48
22 40
21 59
14 33
14 43
19 39
17 23
38 57
15 21
14 25
17 28
15 47
15 44
15 45
15 48
15 43
34 57
44 50
8 51
15 32
15 33
3 32
16 52
28 32
7 31
26 42
47 59
16 17
11 26
16 30
18 34
33 59
46 48
17 42
46 51
17 26
32 59
45 59
17 30
16 42
2 9
16 32
7 11
9 15
16 26
15 54
9 32
25 47
7 32
25 45
18 26
21 56
3 42
35 41
14 44
21 44
21 45
21 48
21 43
23 52
32 49
14 47
21 32
21 33
32 56
56 58
17 27
13 48
27 30
45 58
14 56
23 30
4 60
7 17
16 23
10 19
25 48
28 30
11 16
8 40
15 46
29 51
8 22
52 53
26 31
40 55
26 30
3 52
9 44
26 32
34 39
13 43
13 21
5 53
10 54
3 17
49 56
20 30
3 31
43 46
3 30
26 52
43 47
25 32
30 52
30 42
22 51
9 21
30 31
30 32
27 32
12 19
22 54
31 32
11 17
32 52
32 42
6 10
15 35
16 31
29 38
32 44
32 45
20 32
32 48
32 43
27 42
19 24
31 52
32 33
15 49
32 58
43 59
3 23
27 52
33 44
46 56
33 48
33 43
6 32
9 33
18 29
12 49
28 42
22 37
4 32
5 30
33 49
12 13
10 22
45 56
1 8
6 8
42 52
43 56
0 20
43 44
45 47
43 48
11 23
39 50
9 48
44 56
44 47
44 45
44 48
11 60
3 26
33 45
48 59
13 32
45 48
11 31
29 50
29 30
32 41
58 59
47 48
15 51
13 58
48 56
25 56
32 37
45 49
6 37
21 58
47 49
48 49
25 43
34 60
