7 30
9 43
0 8
0 52
0 42
21 49
7 52
0 26
47 56
0 17
0 16
0 30
17 32
0 32
0 31
20 26
43 49
0 11
13 15
28 30
48 59
20 34
32 47
11 52
31 42
0 3
11 30
11 28
22 28
3 16
0 18
19 42
44 46
7 16
6 57
23 31
15 59
35 51
33 47
6 22
16 27
17 22
9 14
14 45
25 44
16 23
27 42
35 60
38 55
44 49
39 53
25 43
13 44
23 26
8 11
12 13
15 56
12 58
15 25
14 49
35 38
12 41
43 45
46 56
14 32
15 58
9 45
29 35
36 54
11 42
9 12
22 32
4 17
17 31
6 39
26 27
25 33
37 57
18 37
12 14
53 55
12 56
23 32
12 21
8 30
49 59
12 15
12 47
12 44
12 45
12 48
12 43
48 58
11 32
17 52
12 32
12 33
14 58
0 23
45 59
29 50
33 56
33 58
49 58
7 11
21 47
23 42
1 51
14 46
14 15
14 21
50 57
12 46
14 48
5 34
12 59
14 33
14 43
4 37
17 23
34 40
15 21
13 28
4 52
15 47
15 44
15 45
15 48
15 43
28 40
32 54
20 40
15 32
15 33
3 32
16 52
28 32
19 31
26 42
47 59
16 17
11 26
16 30
11 23
33 59
46 48
17 42
44 58
17 26
16 20
25 45
17 30
16 42
56 59
16 32
21 46
9 15
16 26
5 43
9 32
25 59
7 32
12 25
6 51
21 56
3 42
6 45
14 44
21 44
21 45
21 48
21 43
23 52
32 49
14 47
21 32
21 33
32 56
9 47
7 17
13 48
27 30
45 58
14 56
23 30
4 16
8 28
4 26
8 32
25 48
51 60
11 16
7 58
15 46
8 19
22 30
17 27
26 31
8 53
26 30
3 52
44 59
26 32
21 34
29 40
21 25
1 10
20 30
3 17
49 56
3 27
3 31
43 58
3 30
26 52
43 47
25 32
30 52
30 42
1 18
13 21
30 31
30 32
27 32
38 54
5 51
31 32
11 17
32 52
32 42
9 44
38 60
16 31
39 57
32 44
32 45
20 32
32 48
32 43
0 27
1 29
31 52
32 33
15 49
32 58
43 59
3 23
27 52
33 44
13 22
33 48
33 43
6 32
9 33
4 30
12 49
7 42
2 39
4 32
38 51
33 49
32 59
10 18
45 56
13 32
22 57
42 52
43 56
10 37
43 44
45 47
43 48
20 31
2 19
9 48
44 56
44 47
44 45
44 48
41 60
3 26
33 45
9 21
13 46
45 48
11 27
19 24
7 23
2 15
9 56
47 48
3 22
40 50
48 56
25 56
10 29
45 49
15 41
21 58
47 49
48 49
25 47
29 51
