22 29
58 59
7 17
0 52
0 42
21 49
7 16
0 26
47 56
0 17
0 16
0 30
17 32
0 32
0 3
0 20
43 49
0 11
13 15
29 32
48 59
4 28
32 47
11 52
11 31
23 26
11 30
1 19
25 56
3 31
4 40
26 41
12 22
16 31
29 51
0 31
15 59
14 49
33 47
13 45
35 60
1 2
56 58
14 45
25 44
16 23
27 32
48 58
7 32
17 39
5 37
25 43
34 41
20 42
28 35
43 59
15 56
44 46
15 25
45 49
27 52
19 40
43 45
51 54
14 32
15 58
9 45
17 20
8 53
11 42
12 13
9 47
43 46
17 31
1 54
8 29
3 27
6 34
5 51
12 14
30 57
12 56
23 32
12 21
0 23
13 44
12 15
12 47
12 44
12 45
12 48
12 43
15 46
11 32
17 52
12 32
12 33
12 58
8 52
13 56
22 30
33 56
9 33
18 35
54 57
21 47
27 31
3 23
14 25
14 15
14 21
3 11
3 16
14 48
38 40
28 55
14 33
14 43
9 14
17 23
20 32
15 21
13 21
0 22
15 47
15 44
15 45
15 48
15 43
8 51
4 34
7 42
15 32
15 33
3 32
16 52
8 48
6 26
26 42
6 28
16 17
11 26
16 30
11 23
47 59
9 43
17 42
44 58
17 26
13 33
25 45
17 30
16 42
13 32
16 32
22 32
9 15
16 26
23 27
9 32
45 58
16 27
12 25
49 58
21 56
3 42
19 29
14 44
21 44
21 45
21 48
21 43
23 52
32 49
14 47
21 32
21 33
32 56
22 57
7 30
13 48
27 30
46 56
14 56
23 30
16 22
53 59
23 31
20 38
25 48
12 38
11 16
27 42
4 53
4 19
20 30
6 15
26 31
25 49
26 30
3 52
44 59
26 32
12 46
33 59
21 25
2 5
4 51
3 17
49 56
8 32
37 41
36 38
3 30
26 52
43 47
32 38
30 52
30 42
4 39
21 59
30 31
30 32
11 27
24 28
18 50
31 32
11 17
32 52
32 42
9 44
30 39
31 42
35 40
32 44
32 45
40 60
32 48
32 43
0 7
15 18
31 52
32 33
15 49
32 58
25 47
33 46
17 27
33 44
28 52
33 48
33 43
6 18
9 12
19 60
12 49
47 49
29 60
8 42
10 50
33 49
32 59
10 34
45 56
25 32
11 20
42 52
43 56
22 51
43 44
45 47
43 48
28 30
2 37
9 48
44 56
44 47
44 45
44 48
10 51
3 26
33 45
9 21
6 10
45 48
7 55
50 57
7 23
32 57
9 59
47 48
1 37
7 26
48 56
32 46
16 39
45 59
43 58
21 58
44 49
48 49
14 58
21 46
