6 57
9 14
7 17
20 22
0 42
21 49
4 60
0 26
47 56
0 17
0 16
0 30
17 32
0 32
0 3
7 30
43 49
0 11
13 15
28 60
12 59
1 38
32 47
11 52
11 31
23 26
11 30
15 40
13 58
3 7
16 22
18 51
28 40
16 31
17 27
0 31
15 59
14 49
33 47
12 13
22 42
28 52
25 56
14 45
25 44
16 23
19 39
38 53
22 32
22 26
12 30
47 59
22 30
16 27
27 52
45 59
15 56
32 46
15 25
45 49
26 27
6 8
43 45
8 50
14 32
15 58
9 45
0 7
32 58
11 42
33 58
39 41
48 59
46 47
7 11
48 58
18 34
19 37
0 52
12 14
50 51
12 56
23 32
12 21
6 51
25 43
12 15
12 47
12 44
12 45
12 48
12 43
0 10
11 32
17 52
12 32
12 33
12 58
4 6
14 25
37 39
33 56
9 48
2 53
35 38
21 47
1 28
8 28
14 59
14 15
14 21
3 11
3 16
14 48
6 29
7 32
14 33
14 43
56 59
17 23
20 32
15 21
13 21
35 41
15 47
15 44
15 45
15 48
15 43
7 26
23 27
23 42
15 32
15 33
3 32
16 52
29 50
13 32
26 42
19 57
16 17
11 26
16 30
11 33
47 58
9 49
17 42
44 46
17 26
25 33
25 45
17 30
16 42
13 44
16 32
4 51
4 8
16 26
4 29
9 32
45 58
3 27
12 25
49 58
21 56
3 42
5 30
14 44
21 44
21 45
21 48
21 43
23 52
32 49
14 47
21 32
21 33
32 56
10 30
51 60
13 48
19 32
9 56
14 56
23 30
27 42
35 53
5 35
2 20
25 48
29 51
11 16
7 42
6 18
27 32
10 29
2 55
17 31
43 59
26 30
3 52
44 59
26 32
12 46
19 38
21 25
17 57
16 34
3 17
49 56
24 28
20 30
16 39
3 30
26 52
43 47
10 54
30 52
30 42
0 27
21 59
30 31
30 32
11 27
40 51
3 31
31 32
11 17
32 52
32 42
9 12
29 40
9 44
1 41
32 44
32 45
7 8
32 48
32 43
22 23
4 57
20 52
32 33
15 49
44 58
5 23
34 54
32 37
33 44
15 46
33 48
33 43
15 20
13 43
18 36
12 49
47 49
31 52
4 55
31 42
33 49
32 59
9 15
45 56
25 32
0 23
42 52
43 56
8 57
43 44
45 47
43 48
37 40
17 54
46 48
44 56
44 47
44 45
44 48
8 32
3 26
33 45
9 21
26 31
45 48
1 60
32 34
23 31
28 38
9 25
47 48
20 21
30 43
48 56
9 33
22 31
13 45
43 58
21 58
44 49
48 49
46 56
46 59
