22 26
14 33
29 41
11 42
6 48
45 49
27 32
0 26
13 47
3 32
0 16
0 30
17 32
0 32
3 16
30 57
43 49
8 15
35 51
43 59
12 59
30 54
32 47
11 31
3 31
22 23
11 30
0 11
34 38
47 58
37 51
20 38
7 16
16 31
0 17
0 31
22 30
9 33
33 47
35 40
27 52
0 18
25 43
14 45
25 44
16 23
23 30
7 42
33 59
15 58
22 42
25 56
10 17
32 51
28 57
13 21
15 56
12 30
25 45
8 39
11 40
19 40
43 45
27 31
14 32
15 59
13 59
4 30
32 58
19 50
9 43
1 2
48 59
9 12
47 59
48 58
6 8
29 32
0 52
12 14
12 46
12 56
23 32
12 21
20 34
56 59
12 15
12 47
12 44
12 45
12 48
12 43
37 55
5 40
17 52
12 32
12 33
9 45
11 26
6 19
12 58
33 56
39 40
22 32
28 35
21 47
25 49
14 47
12 13
14 15
14 21
3 52
4 38
14 48
11 32
12 25
21 58
14 43
8 60
32 41
17 23
15 21
15 25
1 37
15 47
15 44
15 45
15 48
15 43
51 57
4 57
0 42
15 32
15 33
16 27
16 52
16 22
13 32
26 42
4 39
16 17
28 51
16 30
7 26
14 25
43 46
17 42
21 25
17 26
14 49
29 54
17 30
16 42
44 59
16 32
11 52
18 36
16 26
2 53
9 32
45 58
3 17
8 53
49 58
21 56
3 26
13 45
14 44
21 44
21 45
21 48
21 43
23 52
32 49
44 58
21 32
21 33
32 56
56 58
17 22
5 14
10 35
3 27
47 56
23 42
17 27
3 23
0 23
20 51
0 3
10 60
20 60
13 33
52 57
9 21
2 28
16 50
17 31
45 59
26 30
9 46
21 59
26 32
18 38
28 55
21 49
13 15
27 42
28 60
49 56
1 18
31 52
17 29
3 30
26 52
43 47
46 56
30 52
30 42
8 10
26 27
30 31
30 32
29 37
7 23
6 20
31 32
8 19
32 52
32 42
1 20
38 39
9 44
27 30
32 44
32 45
14 58
32 48
32 43
7 30
28 32
4 20
32 33
15 49
25 48
32 50
3 11
43 58
33 44
15 46
33 48
33 43
5 21
15 53
9 48
12 49
47 49
25 32
34 54
31 42
0 27
32 59
9 15
45 56
25 33
11 23
42 52
43 56
4 24
43 44
45 47
43 48
7 32
4 6
0 22
44 56
44 47
44 45
44 48
11 16
26 41
33 45
46 48
26 31
45 48
9 56
7 11
7 29
23 31
33 49
47 48
11 17
13 44
48 56
9 14
19 34
7 52
6 51
3 42
44 49
48 49
32 46
44 46
