22 26
14 33
37 41
11 42
30 39
14 46
27 32
0 26
25 49
3 42
0 16
0 30
17 32
0 32
3 16
21 49
33 49
4 8
55 57
43 59
12 59
19 53
32 47
11 31
3 31
28 51
11 30
0 11
2 20
25 47
51 57
28 32
3 22
16 31
0 17
0 31
34 39
14 58
33 47
5 57
27 52
2 19
25 43
14 45
25 44
16 23
17 27
7 42
33 59
15 58
38 51
9 56
7 52
1 60
6 29
40 54
15 56
35 60
25 45
7 30
1 28
8 18
43 45
1 54
14 32
15 59
9 59
29 37
32 58
6 51
4 40
13 45
48 59
9 12
14 25
48 58
17 39
23 27
0 52
12 14
12 46
12 56
23 31
12 21
11 22
56 58
12 15
12 47
12 44
12 45
12 48
12 43
10 53
17 20
17 52
12 32
12 33
9 43
11 26
7 18
12 58
33 56
8 24
22 32
22 31
21 47
13 58
14 56
29 60
14 15
14 21
3 52
37 51
14 48
11 32
12 25
9 21
14 43
6 32
23 32
17 23
15 21
15 25
16 22
15 47
15 44
15 45
15 48
15 43
13 49
21 29
0 42
15 32
15 33
16 27
16 52
0 22
13 32
26 42
0 54
16 17
43 58
16 30
7 16
5 15
13 44
17 42
21 25
17 26
45 49
28 55
17 30
16 42
44 59
16 32
11 52
7 27
16 26
23 30
9 32
45 58
27 30
21 28
49 58
21 56
3 26
4 51
14 44
21 44
21 45
21 48
21 43
23 52
32 49
44 58
21 32
21 33
32 56
56 59
16 50
28 38
10 15
11 23
47 56
23 42
10 19
32 38
0 23
19 34
0 3
12 13
36 52
9 33
9 48
9 47
27 42
8 40
17 31
45 59
26 30
47 59
21 59
26 32
18 50
30 60
20 35
1 20
3 23
8 12
49 56
13 15
31 52
41 50
3 30
26 52
43 47
14 47
30 52
30 42
29 34
26 27
30 31
30 32
15 49
2 38
21 46
31 32
6 8
32 52
32 42
0 4
34 37
9 44
30 38
32 44
32 45
18 29
32 48
32 43
30 40
13 56
43 46
32 33
48 49
25 48
4 10
3 11
33 58
33 44
15 46
33 48
33 43
39 53
22 42
4 28
12 49
47 49
25 32
15 20
31 42
7 26
32 59
9 45
45 56
25 33
11 27
42 52
43 56
8 35
43 44
45 47
43 48
7 32
4 57
32 57
44 56
44 47
44 45
44 48
11 16
5 6
33 45
20 40
26 31
45 48
9 14
7 17
3 17
23 26
43 49
47 48
11 17
44 46
48 56
46 48
6 35
20 30
32 51
3 32
44 49
13 48
32 46
19 41
