14 56
14 15
73 74
15 19
54 63
11 19
11 46
30 73
17 30
60 63
40 53
17 56
28 73
17 74
63 74
0 6
5 74
30 43
65 71
20 30
46 49
13 71
5 46
35 46
24 46
33 48
17 60
5 56
50 60
18 46
25 72
4 33
46 61
4 68
17 34
28 51
39 68
5 22
12 40
11 27
10 27
38 77
17 29
22 65
37 38
42 46
14 23
12 46
7 42
14 73
46 60
14 22
27 29
23 46
4 53
46 66
31 34
16 63
46 74
41 52
8 76
33 47
39 48
14 35
46 51
14 46
17 46
34 46
48 66
23 37
0 41
25 46
11 52
16 35
29 51
28 34
30 35
3 8
9 32
12 53
19 24
5 65
2 46
44 75
16 48
2 18
16 46
14 34
30 34
31 46
5 30
34 73
60 74
12 70
0 23
28 60
37 67
20 43
46 78
56 73
40 46
67 77
25 43
17 73
5 43
29 61
74 75
22 46
46 55
29 72
5 20
7 74
27 49
17 47
42 55
7 46
52 70
55 61
29 70
42 56
22 53
21 55
9 64
46 63
29 46
66 77
17 19
9 23
22 34
0 29
37 46
46 76
16 43
34 56
52 77
41 78
15 63
66 69
30 56
32 67
22 56
12 52
7 49
30 46
20 46
20 49
1 59
61 66
20 42
2 31
28 56
12 26
14 42
7 62
71 78
69 76
54 65
13 61
22 47
46 69
5 42
5 73
46 48
46 52
8 48
6 23
55 66
28 46
46 56
9 67
46 50
51 60
6 46
38 46
17 22
27 46
42 49
27 48
8 46
10 46
5 35
46 73
10 73
5 34
17 35
20 52
23 76
18 20
35 73
3 39
13 65
11 55
5 14
8 66
16 71
7 22
50 55
8 27
8 29
50 66
20 41
46 47
47 49
38 62
46 65
17 37
42 73
7 17
0 20
43 46
14 28
16 25
17 28
17 51
60 73
14 30
35 51
22 73
6 55
51 73
0 46
