14 17
11 28
11 53
61 77
23 51
60 65
13 50
14 60
20 73
22 73
22 30
1 76
10 66
46 65
37 73
7 46
46 77
5 7
29 73
34 47
42 73
27 29
5 46
67 74
39 52
8 19
23 65
17 34
14 22
0 26
5 34
37 46
46 54
27 55
29 37
24 39
42 46
69 71
35 73
27 66
40 46
16 38
55 66
53 61
8 16
62 69
5 30
32 40
23 52
14 73
2 10
18 46
30 56
15 46
46 52
60 63
46 48
12 52
46 63
8 74
5 20
13 31
27 46
53 64
35 42
14 46
17 46
34 46
46 51
30 73
17 30
32 48
7 54
17 56
5 56
51 70
8 46
28 46
35 61
14 56
5 42
42 56
46 66
34 73
6 38
61 66
14 20
12 49
4 38
63 76
65 77
46 49
48 72
4 46
16 46
5 73
0 37
20 30
52 73
28 52
46 47
11 46
41 46
17 73
7 30
22 48
19 46
22 46
28 78
47 49
43 60
28 29
51 60
21 61
6 16
33 44
9 13
46 60
7 17
16 66
43 46
27 71
68 74
14 30
35 46
12 53
38 67
49 50
34 48
7 74
2 67
34 35
17 22
20 46
23 46
40 66
15 47
16 19
43 77
51 55
41 78
33 62
9 50
30 46
46 74
5 14
9 41
18 74
51 74
23 73
46 68
29 56
18 51
56 74
25 31
0 56
8 52
46 76
17 20
11 49
55 73
9 31
14 42
4 29
0 27
46 55
11 71
12 20
46 56
23 70
5 43
3 46
12 46
2 65
28 42
10 67
33 55
17 42
24 59
8 50
46 71
46 73
15 25
22 34
8 27
29 35
30 42
5 22
3 43
5 60
0 19
35 41
37 70
0 60
20 29
22 55
12 17
47 72
29 46
7 63
34 69
17 63
17 55
5 17
25 75
14 48
16 28
17 35
6 28
20 76
17 48
43 65
14 34
25 46
20 22
23 63
39 66
22 56
46 78
6 46
49 75
