14 17
17 42
17 76
66 73
55 71
22 30
70 73
2 46
20 73
56 73
5 16
34 46
3 71
5 55
12 29
8 46
11 27
19 77
16 19
6 16
10 29
1 74
5 46
23 35
7 46
34 76
14 56
7 61
14 22
28 35
4 11
43 46
17 34
5 34
34 51
25 48
24 62
29 55
46 47
17 37
8 30
31 74
16 46
5 42
41 66
0 18
5 30
7 67
48 49
20 34
28 50
13 76
30 56
23 27
42 46
46 61
31 52
23 70
22 42
13 25
5 20
34 39
52 74
27 66
14 43
14 46
17 46
46 60
52 55
30 73
17 51
50 61
11 48
17 56
48 63
5 22
65 66
28 46
61 71
5 56
46 50
35 60
12 46
6 48
23 46
23 74
14 20
46 48
18 60
6 8
37 65
7 12
10 46
46 63
0 46
27 74
51 56
20 30
32 48
46 66
46 51
20 22
28 66
17 73
39 49
22 51
64 68
22 46
46 53
0 28
19 46
8 73
34 56
29 60
25 40
21 78
11 46
28 74
50 67
2 53
46 65
0 26
46 49
30 42
35 46
47 78
43 67
23 52
14 73
33 65
30 49
15 46
17 22
20 46
38 44
27 46
38 41
7 65
17 35
35 73
27 41
28 61
0 52
30 46
46 74
5 14
14 68
47 60
7 11
35 54
37 53
75 77
23 60
22 55
37 46
12 17
4 29
22 56
17 20
34 63
38 69
33 55
31 63
14 42
38 52
46 55
8 16
6 46
46 56
39 63
63 67
7 19
9 65
24 52
3 46
15 73
42 51
2 69
46 77
51 76
13 40
46 73
46 71
9 47
22 34
5 73
12 40
8 49
17 66
55 73
42 73
8 35
20 42
0 60
29 43
12 43
5 18
4 59
29 46
14 29
25 70
54 77
69 72
5 17
53 78
15 62
37 43
10 75
9 29
17 30
14 49
27 60
16 28
72 73
66 74
41 46
9 46
20 56
33 46
32 46
16 47
