14 17
7 51
27 74
62 78
12 74
22 56
5 54
20 73
23 40
8 14
4 12
17 56
17 52
14 78
20 38
18 37
5 14
15 69
30 34
46 53
46 68
34 60
5 46
35 46
0 34
20 47
17 60
5 27
65 71
11 55
67 77
24 75
18 34
52 74
17 34
35 47
66 73
5 22
2 9
29 60
30 74
23 74
11 62
19 67
14 28
42 46
50 76
30 66
66 77
14 73
18 46
12 46
14 29
23 46
46 60
46 66
56 66
16 27
46 74
30 65
26 46
9 35
9 65
8 35
46 51
14 46
17 46
34 46
28 60
5 28
10 46
55 63
23 52
7 25
70 73
19 46
50 71
0 5
31 46
27 35
37 76
38 48
37 52
10 56
37 46
49 63
12 23
14 22
19 32
7 13
11 49
34 73
52 53
17 42
16 46
16 55
46 76
8 46
7 19
41 77
4 46
41 46
16 20
17 73
0 17
6 21
46 71
22 46
46 55
43 46
17 63
56 73
27 43
53 73
61 68
7 46
7 32
4 78
39 44
20 49
42 61
46 70
17 29
15 16
29 46
6 69
46 48
54 75
29 43
3 50
28 46
55 59
48 74
34 56
10 65
2 47
41 52
11 63
12 16
5 29
11 39
8 47
17 66
30 46
20 46
31 55
35 70
22 34
38 63
28 73
14 56
30 71
33 60
0 42
15 39
8 51
30 48
23 30
29 73
20 22
42 73
5 73
29 56
46 61
13 29
35 48
3 6
43 50
46 56
1 46
25 69
33 46
25 46
38 49
17 22
27 46
14 42
20 48
20 74
9 30
2 8
46 73
12 52
5 34
35 43
46 77
16 31
51 55
17 20
6 72
24 61
14 66
5 17
42 66
51 67
5 60
8 55
56 65
37 40
41 49
23 51
43 61
28 42
22 42
0 22
48 76
33 49
5 13
46 65
46 63
27 53
25 51
17 28
40 64
60 73
22 28
30 72
22 73
7 67
46 47
0 46
