15 22
16 46
9 63
7 41
51 73
51 74
24 39
17 42
17 73
73 74
6 61
34 46
7 67
16 55
16 42
46 77
46 61
14 34
28 46
49 52
23 73
22 34
5 46
40 55
0 10
4 20
0 64
17 29
15 46
20 62
51 56
4 15
61 73
30 76
37 66
12 77
69 77
46 65
23 43
5 68
28 56
30 68
46 76
11 48
47 55
18 20
35 71
35 49
3 21
35 37
26 78
2 35
27 70
25 76
42 46
20 56
23 77
5 23
46 50
14 60
66 74
14 56
8 39
14 17
0 46
14 46
17 46
12 35
5 29
16 73
46 51
17 63
2 46
56 73
17 38
10 53
48 66
42 60
8 63
41 65
39 52
8 24
27 65
14 29
23 46
25 50
38 47
38 42
1 46
5 61
31 51
5 34
14 51
32 33
8 9
19 70
22 56
34 73
4 46
17 48
27 46
8 48
3 66
13 53
37 46
14 73
49 50
22 46
42 55
22 29
29 34
11 46
20 67
46 66
28 60
75 78
34 65
5 56
2 30
46 71
11 42
40 46
13 43
30 42
14 22
34 56
27 41
28 76
6 19
0 20
25 55
10 42
30 40
20 46
46 48
7 73
31 52
30 35
29 73
69 70
12 20
33 78
49 60
30 46
37 60
54 60
46 60
20 52
5 14
13 69
55 73
5 22
46 67
37 72
18 46
46 47
17 34
17 28
17 60
17 56
6 53
12 46
35 46
19 61
0 41
9 46
7 27
62 66
46 56
9 30
46 63
46 74
19 59
52 53
28 66
43 46
29 46
8 46
66 72
33 67
7 44
46 73
46 55
46 49
52 71
5 73
14 74
43 63
11 16
27 43
50 55
17 22
25 46
11 30
34 74
28 48
16 17
6 46
7 46
17 54
0 27
22 73
16 29
5 17
20 31
5 74
35 75
29 51
65 74
14 47
8 30
22 38
22 23
18 43
5 47
32 52
12 28
7 65
12 23
48 63
49 71
