35 78
14 22
28 75
43 72
1 50
0 40
7 46
27 56
17 73
22 42
20 25
34 46
17 34
14 55
3 74
8 65
27 60
12 35
46 48
16 74
46 47
31 68
5 46
25 67
22 29
51 76
63 65
16 46
7 56
0 77
46 75
39 46
14 30
55 73
20 43
6 77
54 60
2 34
43 63
46 76
35 46
27 76
42 73
39 56
11 46
10 13
5 42
41 46
25 46
63 72
17 55
8 23
10 71
2 23
42 46
3 7
14 66
51 70
5 22
12 32
48 76
28 38
11 15
14 17
46 55
14 46
17 46
27 46
33 35
17 27
52 78
5 29
29 37
16 71
53 73
35 52
27 29
28 33
7 73
52 63
0 65
61 64
8 17
46 53
46 60
29 34
44 46
56 73
46 74
42 66
14 42
52 65
35 69
47 60
46 66
34 42
16 49
12 46
13 67
8 47
24 56
4 49
23 28
22 66
6 74
14 73
23 77
22 46
30 43
48 71
20 28
32 35
5 55
46 61
48 55
39 50
50 52
5 30
38 69
51 73
46 77
55 56
66 73
14 34
0 34
16 48
0 46
21 66
2 18
30 73
46 49
6 19
19 25
20 46
16 70
37 46
56 60
38 43
4 70
17 42
5 20
0 61
30 34
30 46
27 28
31 62
41 43
4 50
11 73
15 52
5 53
46 51
8 37
47 65
5 66
35 51
8 46
11 17
41 60
29 38
5 34
46 63
47 67
6 46
22 78
17 66
10 68
18 23
46 56
15 37
14 20
49 54
48 73
9 13
17 22
12 63
29 46
17 20
46 69
28 46
9 71
46 73
17 29
30 74
26 52
5 73
28 74
20 41
49 59
9 18
22 34
7 51
31 46
17 56
20 60
8 51
22 30
11 14
9 12
46 67
56 61
19 48
17 30
5 17
12 74
46 65
40 46
19 46
37 62
30 42
7 60
23 74
5 14
40 61
23 46
7 55
33 46
16 20
29 53
22 73
24 49
