6 76
25 63
0 55
46 48
7 67
37 78
4 59
5 30
17 73
1 8
17 68
34 46
17 34
14 23
17 56
22 34
31 44
39 48
49 50
28 68
22 55
47 77
5 46
41 55
74 76
46 77
20 51
20 48
9 46
5 34
2 60
34 60
14 30
14 22
46 60
8 20
8 71
38 69
28 39
37 43
0 46
23 46
42 73
6 46
38 75
37 46
5 42
75 78
23 43
8 60
8 46
28 55
29 35
11 28
42 46
73 74
7 46
66 71
46 69
70 78
46 52
12 27
14 47
14 17
22 30
14 46
17 46
10 33
4 47
35 46
40 46
30 71
14 25
20 66
6 52
14 56
17 74
13 67
10 23
46 62
5 60
40 77
46 65
27 46
12 46
22 74
12 54
56 73
37 61
33 65
34 42
13 51
15 38
29 43
9 12
32 48
30 34
10 13
12 17
46 71
34 56
3 43
8 66
52 66
20 69
14 73
23 77
22 46
35 53
8 52
41 64
17 54
32 51
2 15
11 42
23 70
60 66
5 16
0 76
11 65
49 55
51 73
0 27
16 65
20 46
17 18
53 61
14 34
0 49
30 73
39 46
24 37
17 29
46 47
29 65
20 35
33 63
19 65
17 52
22 42
40 63
27 42
9 20
30 46
60 74
22 56
7 61
16 46
48 49
11 27
50 63
28 35
19 29
42 56
0 7
5 22
49 62
31 72
16 51
21 46
24 73
5 25
19 76
46 66
11 46
17 30
25 46
16 43
46 56
2 70
18 46
46 55
14 74
30 42
17 22
35 63
29 46
46 74
35 61
28 46
20 52
46 73
4 27
15 16
6 73
5 73
41 60
7 23
46 63
46 49
34 73
5 56
29 52
29 61
53 72
7 38
43 46
20 53
3 46
51 56
19 35
46 51
30 56
5 17
28 66
66 67
55 73
5 12
9 17
46 67
26 41
16 18
55 74
5 14
7 27
46 50
28 48
48 50
29 73
22 73
31 47
