39 51
20 30
37 47
61 77
48 51
22 73
37 46
46 47
14 17
27 52
35 46
38 46
0 20
56 73
6 29
46 60
20 56
26 38
19 50
37 60
7 61
61 63
5 46
2 9
5 56
23 42
5 30
23 66
17 74
34 46
40 46
14 30
25 77
46 55
1 49
65 70
0 76
64 65
46 48
22 34
17 73
17 30
14 34
17 20
63 76
28 70
24 27
23 40
13 46
11 15
29 38
51 63
9 10
32 46
42 46
46 61
17 47
5 55
16 35
4 16
14 56
13 68
8 46
7 73
21 33
14 46
17 46
27 30
25 63
12 33
9 55
42 52
0 23
27 49
7 74
32 69
34 65
16 42
43 54
46 53
34 66
46 65
5 7
39 46
17 65
14 74
8 28
50 71
48 56
17 34
34 73
43 46
28 73
5 74
5 20
11 41
42 55
46 76
6 46
17 60
20 22
71 75
14 66
46 75
46 52
34 74
29 46
22 46
5 48
46 67
47 60
14 60
6 49
0 42
51 52
43 72
63 66
31 51
4 8
28 43
3 71
16 65
10 61
15 48
20 46
22 55
5 34
60 73
35 51
35 66
17 56
24 46
20 73
40 53
25 46
12 27
14 73
12 74
56 70
35 42
8 67
17 25
27 78
30 46
39 62
18 19
4 41
35 67
14 22
22 48
29 56
5 22
3 19
49 73
31 46
7 49
54 72
37 38
29 78
13 69
0 46
7 55
16 55
7 46
73 74
33 68
11 29
20 34
46 56
16 67
55 73
2 46
17 59
17 66
17 22
18 30
30 41
46 74
11 35
28 46
12 41
46 73
46 77
31 52
15 29
5 73
22 30
28 50
22 56
23 37
11 42
23 46
43 62
8 66
16 46
30 69
35 52
6 73
19 29
2 10
12 78
27 46
14 20
5 17
46 66
46 51
76 77
43 49
9 60
48 53
46 63
12 46
18 29
5 14
23 53
44 71
8 50
28 42
0 52
28 47
8 60
