23 46
6 43
14 29
5 55
50 78
0 48
7 23
13 67
14 17
1 35
13 46
46 48
46 52
56 73
29 42
46 49
20 56
19 22
71 78
12 46
23 70
6 77
5 46
29 73
46 65
27 31
38 46
0 46
5 73
34 46
41 46
43 46
0 54
48 78
38 66
16 69
60 76
46 77
51 65
22 34
17 73
17 30
5 42
20 30
22 40
67 71
19 46
12 37
30 56
23 25
7 46
0 28
61 68
46 61
42 46
43 60
46 63
39 63
15 60
0 50
14 56
20 28
61 63
28 46
37 43
14 46
17 46
28 52
40 48
7 12
8 27
31 46
4 70
41 51
27 74
35 46
14 34
66 73
5 14
56 74
8 31
7 20
46 47
64 67
33 63
5 34
59 76
3 38
18 46
17 34
2 69
6 46
29 34
42 66
3 27
32 75
52 53
5 9
11 51
18 67
6 25
43 48
34 56
17 42
33 52
24 53
46 74
22 46
17 29
8 71
5 56
49 65
39 71
35 72
22 42
18 32
9 17
8 46
15 19
30 47
19 48
5 29
16 52
27 46
20 46
22 29
35 55
10 37
37 77
38 75
17 56
17 60
20 74
20 25
14 30
13 14
14 73
9 76
30 34
49 66
4 41
34 73
55 73
30 46
17 66
11 60
22 41
65 66
14 22
46 72
17 35
0 74
46 55
11 46
29 30
8 74
22 73
52 70
16 20
26 53
49 61
5 7
16 43
46 50
46 69
49 76
9 49
7 28
46 56
35 73
17 55
12 28
10 51
73 74
17 22
48 68
21 50
23 65
34 42
17 28
27 55
46 73
16 51
30 51
60 73
8 52
61 74
4 62
23 54
62 63
25 35
2 11
42 73
35 42
16 46
46 51
14 47
47 63
37 46
22 66
44 46
29 46
5 60
5 17
46 66
12 20
11 47
55 56
16 28
2 24
23 30
5 40
7 8
10 77
12 65
20 73
33 46
14 55
46 60
15 27
39 53
