22 51
16 46
28 55
29 74
6 60
7 12
31 47
14 22
5 17
0 67
5 22
2 26
20 77
46 74
41 61
46 55
17 22
54 62
61 76
47 48
49 69
14 34
5 46
23 46
3 30
17 27
16 73
20 72
22 73
2 38
42 73
9 71
27 37
16 37
48 66
23 43
17 42
35 51
46 53
30 55
17 76
5 28
5 20
42 56
48 52
46 77
7 8
29 73
8 42
5 74
10 46
15 72
4 12
11 46
42 46
14 66
46 69
5 51
47 65
29 50
14 30
52 77
9 18
28 46
35 65
14 46
17 46
17 29
16 51
10 51
34 46
66 67
29 42
35 46
25 42
0 35
24 37
31 66
5 14
19 64
32 63
40 46
34 52
6 11
6 46
48 71
39 41
43 55
14 56
13 46
17 34
35 56
5 56
51 56
24 46
43 73
9 52
43 46
14 20
0 4
17 28
28 34
17 56
0 46
46 65
46 49
22 28
27 56
17 74
27 46
20 31
63 65
22 46
19 69
1 28
0 20
8 46
33 70
23 47
4 30
25 38
5 29
10 53
23 25
20 46
7 43
46 76
49 70
23 67
17 73
50 53
12 35
13 60
39 66
40 49
22 60
14 73
63 75
3 65
30 42
30 74
22 34
8 63
30 46
12 76
46 63
9 34
8 12
46 47
17 55
8 65
15 71
13 34
7 46
42 68
28 60
16 27
7 27
20 52
73 74
11 53
55 73
16 56
38 73
14 17
27 73
33 62
20 74
46 56
0 11
23 48
56 73
39 75
18 20
77 78
5 60
30 73
22 35
6 37
22 55
23 66
46 73
41 46
19 33
21 71
25 44
17 40
11 16
15 50
68 78
46 50
43 61
14 29
46 67
46 54
41 49
52 78
18 70
29 30
48 63
46 48
29 46
12 46
46 61
46 51
19 66
46 66
55 60
17 30
34 61
14 74
5 73
8 35
46 52
37 46
49 59
7 38
5 34
46 60
2 60
7 32
