42 56
21 78
46 67
16 28
33 51
50 62
2 59
28 46
5 17
46 71
5 22
22 73
6 37
46 74
15 50
46 55
17 22
20 55
23 56
30 35
20 46
29 40
5 46
48 52
31 43
11 25
56 66
8 10
4 60
55 64
42 73
46 60
26 68
44 53
16 73
5 23
17 42
50 60
41 46
61 73
8 46
19 55
24 77
70 72
30 73
42 43
34 76
15 75
16 17
22 27
24 70
20 34
27 66
14 67
42 46
17 34
12 46
14 56
19 67
22 66
5 30
7 46
18 46
46 52
14 37
14 46
17 46
33 46
4 65
46 61
34 46
49 54
37 71
35 46
41 42
34 51
43 70
0 20
20 38
5 35
6 51
69 76
38 51
14 48
46 49
29 60
13 68
8 47
55 61
16 74
29 49
5 66
46 63
51 76
17 35
0 47
5 14
28 71
17 56
29 52
29 65
52 60
12 55
43 46
17 23
10 31
27 32
20 27
4 50
10 46
30 56
0 55
22 46
9 60
2 19
35 73
29 46
9 27
46 48
12 30
3 46
5 42
46 66
28 52
46 47
61 78
13 46
25 30
28 33
17 73
60 65
23 30
52 65
5 63
42 77
56 73
17 28
46 65
23 46
53 62
9 18
74 75
8 60
30 46
2 63
25 63
0 34
15 46
29 74
37 74
5 56
7 17
34 55
9 38
18 22
12 20
32 77
8 65
47 48
69 74
8 49
29 48
20 41
66 73
14 17
34 73
74 78
61 74
46 56
6 43
7 22
20 51
7 71
17 27
41 54
16 69
23 73
6 46
28 30
7 28
11 49
46 73
39 63
11 46
0 51
22 35
5 34
19 46
12 29
22 56
39 46
7 37
14 35
17 66
40 46
3 67
16 31
38 46
40 53
30 63
46 53
35 66
49 52
20 43
16 46
25 46
14 42
1 12
17 77
14 22
0 46
5 73
14 73
73 76
14 23
7 27
13 72
34 48
8 48
11 47
11 39
