35 74
30 73
33 54
52 66
4 23
8 15
35 50
34 55
17 56
12 30
2 76
22 56
39 48
60 73
27 48
28 46
16 73
63 72
66 77
46 60
20 46
11 63
5 46
46 76
41 61
15 46
22 28
46 48
43 63
10 20
41 46
0 16
29 73
25 34
28 66
8 67
5 14
38 52
10 18
43 70
23 52
20 29
37 61
27 74
23 77
60 78
14 56
54 61
27 35
2 9
22 51
20 73
22 73
17 29
42 46
12 47
46 69
48 52
8 35
29 74
9 22
20 42
65 75
0 46
32 65
14 46
17 46
18 46
4 47
41 68
34 46
63 78
46 50
35 46
30 65
30 46
46 78
17 51
5 60
46 63
3 7
43 46
38 51
46 70
23 71
16 30
27 76
46 51
53 55
17 34
46 74
19 46
17 73
14 38
0 2
14 20
17 60
5 30
46 62
5 56
9 52
55 65
1 53
49 65
64 72
25 39
17 66
11 31
49 55
8 27
16 46
17 28
22 46
11 48
25 47
17 74
29 46
35 48
55 63
7 43
46 55
51 73
46 66
46 52
5 34
37 46
69 71
7 22
7 66
28 51
48 74
5 74
52 67
21 35
14 76
42 56
6 55
56 73
8 46
11 43
5 12
35 70
34 73
17 30
40 44
13 32
17 20
34 60
39 53
8 50
31 33
61 71
41 47
16 29
16 56
9 67
23 46
6 65
25 77
6 46
28 29
4 12
12 19
14 18
11 46
6 19
42 51
49 61
46 56
14 34
17 42
10 59
31 69
14 55
38 46
49 53
5 20
23 37
5 47
8 22
7 23
46 73
7 46
42 60
29 66
20 60
33 46
5 42
49 62
27 67
22 42
5 17
7 50
17 22
15 22
12 46
34 66
27 46
28 56
46 49
43 56
24 46
0 28
42 73
14 73
14 17
14 29
13 46
16 40
13 19
0 73
5 73
30 74
30 34
0 75
40 68
20 30
37 71
3 46
24 37
26 77
