7 11
30 73
50 61
30 35
27 47
19 50
14 73
46 71
11 39
28 34
38 65
60 73
8 66
27 35
13 46
28 46
46 51
9 74
22 74
46 60
20 46
20 77
5 46
40 63
30 56
46 53
15 19
46 48
16 65
16 73
20 38
9 18
31 41
5 43
23 63
42 56
27 77
17 55
0 70
28 49
8 17
63 65
0 27
14 30
61 64
46 77
0 35
8 43
7 60
14 42
33 76
20 73
11 12
25 42
42 46
12 61
44 78
8 48
16 46
23 29
56 66
30 74
37 46
46 76
46 70
14 46
17 46
35 55
17 34
60 68
34 46
5 16
10 71
35 46
29 52
30 46
29 56
37 78
48 73
46 63
46 49
23 75
34 43
38 46
10 61
49 51
22 73
11 51
7 22
5 56
46 74
22 52
17 73
17 48
6 25
10 12
7 55
29 71
7 8
5 34
11 46
29 67
17 43
34 55
41 47
39 46
66 73
6 23
49 52
67 73
8 46
17 56
22 46
0 46
46 78
48 67
29 46
24 50
16 56
3 31
46 55
25 69
46 66
46 52
14 55
46 47
20 56
54 60
33 77
32 37
9 62
14 28
27 29
43 46
35 47
8 34
0 47
56 73
66 67
23 27
9 26
37 38
2 66
25 52
23 70
15 60
40 41
2 51
20 42
14 34
12 49
18 53
52 74
13 29
12 51
32 54
23 46
0 24
3 51
1 15
4 46
16 66
71 76
14 22
17 28
5 74
2 53
14 17
46 56
35 69
6 29
22 42
37 60
30 42
20 35
75 76
5 20
46 65
46 50
17 42
5 69
46 73
7 46
20 30
66 72
14 49
48 65
5 30
18 72
20 52
5 22
5 17
19 46
17 74
31 59
12 46
53 60
5 14
21 41
55 74
42 73
28 55
7 68
4 34
4 28
17 30
19 62
46 61
33 46
17 51
14 43
5 73
16 22
27 46
48 63
13 39
17 22
22 34
6 65
63 73
28 40
