33 55
40 66
7 46
20 34
12 42
5 34
14 73
46 65
46 61
24 35
7 10
16 27
1 76
11 78
30 74
38 46
46 51
41 60
23 37
46 60
20 46
16 35
5 46
7 63
22 30
0 38
13 65
46 48
46 78
38 43
15 16
46 52
55 60
15 27
19 44
0 4
8 69
56 62
31 33
5 29
29 73
23 47
5 14
14 56
28 46
14 17
12 68
11 18
17 65
35 65
30 60
20 73
46 71
41 70
42 46
46 53
52 53
48 55
2 54
28 55
17 28
29 49
0 56
14 34
6 46
14 46
17 46
0 77
17 34
22 28
34 46
16 42
0 63
35 46
22 70
30 46
22 74
2 35
46 63
47 53
46 49
2 48
19 27
23 55
30 73
7 56
22 73
25 73
5 56
33 46
3 67
7 60
17 73
28 60
12 46
11 56
6 48
34 73
11 43
7 17
55 75
12 29
39 72
12 60
12 52
14 61
17 60
8 63
20 22
20 74
8 46
17 20
22 46
0 46
25 40
46 77
29 46
66 73
28 42
71 76
46 55
55 71
46 66
43 50
43 46
34 37
21 76
50 67
51 52
27 54
14 25
18 40
42 77
48 68
23 71
38 41
3 52
26 72
9 31
23 74
16 46
69 77
32 43
16 66
32 64
28 74
8 14
17 61
5 74
9 46
24 78
13 46
42 61
10 50
31 46
39 51
43 69
15 46
51 66
35 66
25 46
46 74
17 29
14 22
59 67
6 73
56 63
13 50
46 56
35 51
17 37
56 73
37 46
8 30
18 47
73 74
5 20
46 47
29 52
14 42
4 46
46 73
11 46
5 30
46 75
53 63
42 52
23 67
49 73
14 20
5 22
5 17
27 65
48 49
19 35
4 16
27 66
10 61
27 39
51 65
8 20
17 42
30 34
49 56
66 70
20 30
22 34
5 28
9 48
49 62
5 8
5 73
9 41
29 76
23 46
29 47
17 22
7 37
17 30
19 51
6 34
