14 17
27 66
0 73
43 50
51 63
14 55
51 60
53 60
4 41
22 42
63 65
33 76
31 46
5 72
24 61
13 74
9 71
14 30
30 34
29 68
31 76
22 30
5 46
11 35
55 63
33 48
2 26
55 65
14 22
46 67
30 73
50 51
7 55
0 20
11 61
46 47
42 46
16 22
18 32
33 72
5 8
22 35
20 38
37 56
46 71
30 42
23 52
16 17
22 55
14 73
8 14
7 46
14 78
12 70
46 60
47 71
1 69
27 55
23 40
46 65
5 14
0 46
16 60
25 68
8 35
14 46
17 46
34 46
46 50
46 63
46 78
46 66
3 61
17 77
28 41
5 30
29 35
14 42
17 35
17 30
34 42
23 31
46 52
8 73
5 16
35 46
62 71
61 66
19 66
17 50
11 46
23 74
12 63
30 66
20 23
5 73
28 37
56 74
19 29
29 56
16 34
52 65
28 74
17 73
43 47
56 64
10 15
22 46
41 48
9 39
46 77
16 40
46 55
10 54
46 74
23 28
42 73
34 73
29 65
27 46
2 69
18 53
38 46
11 34
67 78
17 60
18 25
8 46
23 46
22 34
28 46
27 73
22 73
7 56
5 48
5 42
56 60
17 34
7 52
4 63
12 46
46 48
2 20
30 46
20 46
46 75
39 66
46 51
48 76
52 73
4 47
7 25
43 46
15 53
40 46
12 37
12 51
42 75
25 29
56 69
35 73
5 34
11 17
27 38
6 13
17 51
20 74
67 70
46 56
16 46
49 59
12 54
19 46
0 8
17 22
0 7
14 60
52 56
21 46
41 60
48 51
46 73
35 49
19 30
9 47
32 53
20 28
5 22
6 77
3 43
37 46
14 34
7 48
20 49
8 20
17 43
29 44
13 66
29 46
27 65
17 42
5 76
55 73
5 17
0 43
38 67
73 77
46 49
49 62
24 46
37 49
6 15
20 56
27 29
10 46
46 61
9 70
6 74
52 74
28 66
28 39
