14 17
5 28
25 64
48 68
51 65
7 65
38 41
18 61
14 55
22 42
5 55
11 51
46 74
12 52
13 31
2 46
38 60
14 30
30 34
1 9
20 42
22 30
5 46
0 12
17 56
46 47
7 41
29 67
14 22
16 29
30 73
21 46
5 16
17 34
27 29
66 69
42 46
0 11
6 67
23 74
20 73
7 76
38 70
17 55
0 27
20 34
6 16
11 29
23 35
14 73
65 68
26 75
4 60
9 52
46 60
60 73
62 72
51 56
33 50
46 65
5 14
0 46
37 47
46 77
8 55
14 46
17 46
34 46
37 52
25 37
13 15
46 63
19 46
25 48
46 61
5 30
27 30
14 42
27 56
2 22
48 78
63 74
31 66
15 71
5 20
35 46
53 66
6 11
43 73
17 28
10 46
23 60
2 35
8 17
47 49
5 73
9 63
6 27
13 49
25 70
17 20
7 20
56 65
17 73
28 30
5 8
14 74
22 46
43 46
44 76
46 67
50 66
20 37
43 61
37 46
24 74
42 73
34 73
23 39
27 46
10 48
39 46
40 51
46 48
43 55
12 29
54 61
7 9
16 46
22 34
28 46
35 71
22 73
20 46
34 55
5 42
56 66
17 30
22 66
19 65
16 34
0 41
63 73
30 46
32 49
46 78
35 59
46 51
39 77
12 35
51 53
28 56
46 66
7 24
23 46
4 20
42 47
10 75
8 46
11 46
12 46
5 34
12 62
15 49
60 71
18 76
8 56
27 66
46 56
46 71
35 49
74 77
46 55
19 74
17 22
52 78
60 63
33 46
19 60
3 74
7 38
46 73
14 20
14 28
4 73
40 46
31 70
5 22
17 43
28 29
8 28
14 34
35 52
23 73
67 72
0 73
3 54
17 61
29 46
23 41
17 42
69 77
18 29
5 17
16 47
40 56
50 53
46 49
30 56
29 33
46 76
46 53
22 55
46 52
42 43
32 48
50 51
8 48
46 69
52 63
16 17
