9 31
14 19
17 35
31 46
32 44
1 34
2 41
2 44
16 31
17 55
27 49
19 54
46 53
2 35
1 49
2 8
2 10
17 54
26 45
9 27
3 35
20 55
5 21
33 46
19 23
2 46
21 28
12 28
14 17
33 55
6 54
18 49
27 44
17 44
6 31
16 55
12 36
46 54
17 41
6 10
27 53
6 53
2 51
7 34
16 35
8 41
8 44
8 46
8 49
8 54
8 55
36 51
8 31
6 30
8 30
8 25
27 30
14 16
19 49
38 45
8 10
8 35
6 41
29 55
33 49
2 16
19 31
23 53
9 25
49 51
10 41
10 44
10 46
10 49
10 54
10 55
10 51
10 53
10 31
10 32
10 30
10 33
10 25
10 16
10 17
10 27
9 10
10 14
26 29
10 35
30 51
18 54
20 49
1 38
25 45
49 55
17 31
3 6
33 35
25 46
1 2
3 25
9 46
44 46
10 36
16 41
6 55
32 51
20 30
33 51
16 33
8 51
27 55
18 34
23 27
8 17
9 30
3 18
27 35
2 19
8 14
35 55
30 36
35 41
14 41
51 54
7 10
8 9
3 23
19 25
30 55
2 30
32 45
20 25
6 32
23 52
13 47
32 54
14 44
45 46
2 55
29 45
25 44
44 49
25 49
25 54
1 25
23 38
25 53
25 31
25 30
25 33
25 35
6 46
26 34
9 49
6 17
33 54
30 46
27 54
27 31
3 49
23 46
6 7
32 41
8 16
12 31
1 32
7 33
31 45
41 54
30 49
30 54
3 12
31 44
14 46
30 31
30 35
53 54
16 44
18 26
31 49
31 54
44 53
6 9
2 14
51 55
34 36
31 35
35 44
29 36
30 32
10 12
16 27
20 54
25 27
12 17
49 53
6 35
41 51
16 25
23 31
35 49
35 54
35 45
17 30
30 41
19 44
18 28
40 52
11 47
41 44
20 31
8 33
31 53
54 55
32 35
3 54
32 53
31 51
5 40
49 54
19 20
14 35
14 30
32 49
20 26
14 27
