19 46
6 16
41 55
2 14
6 30
45 53
2 41
2 44
32 49
44 51
31 46
3 25
17 44
30 32
27 46
2 8
2 10
27 51
35 45
18 34
6 20
20 54
1 36
19 23
31 53
34 45
5 38
53 55
35 36
17 51
6 54
46 51
12 25
30 55
6 31
8 33
16 49
2 9
44 49
6 10
17 41
18 32
33 51
28 45
1 54
8 41
8 44
8 46
8 49
8 54
8 55
9 10
8 31
7 46
8 30
8 25
20 46
3 49
6 35
8 9
8 10
8 35
27 33
3 31
27 49
33 46
2 16
2 54
9 25
25 45
10 41
10 44
10 46
10 49
10 54
10 55
10 51
10 53
10 31
10 32
10 30
10 33
10 25
10 16
10 17
10 27
23 49
10 14
36 41
10 35
25 51
3 30
17 54
1 26
23 31
31 36
29 45
2 32
5 47
6 44
10 18
9 35
12 26
23 52
35 53
27 35
14 27
33 55
2 17
16 32
2 49
46 54
12 28
32 54
40 52
49 53
49 55
32 46
12 23
14 19
18 26
30 44
54 55
45 46
12 30
11 21
16 54
21 40
10 29
19 25
30 33
14 36
41 51
25 46
16 17
3 19
31 33
7 18
8 51
13 47
20 31
19 31
25 44
53 54
25 49
25 54
8 17
3 20
25 53
25 31
25 30
25 33
25 35
1 16
26 34
1 38
30 51
19 49
27 45
27 54
27 31
27 30
17 23
9 31
44 53
6 9
41 49
30 41
1 35
14 30
9 54
30 49
30 54
2 35
16 41
17 53
30 31
30 35
6 19
31 44
10 36
31 49
31 54
6 41
16 53
20 28
14 31
16 44
31 35
20 34
25 27
19 44
31 51
14 55
30 46
6 55
32 41
3 12
6 33
2 55
35 46
7 26
35 49
35 54
18 38
23 55
27 29
32 44
29 34
14 35
27 55
41 44
9 49
6 17
3 54
14 49
7 33
23 30
8 32
35 51
32 55
49 54
44 55
8 14
20 25
14 54
16 35
17 35
