12 14
8 51
3 55
16 54
27 53
3 26
2 41
2 44
32 55
1 25
31 55
23 31
44 49
16 27
6 46
2 8
2 10
20 35
23 30
17 41
23 25
23 54
19 51
32 44
2 31
8 32
30 32
14 46
32 49
53 55
6 54
12 49
6 35
9 55
6 31
8 33
35 44
19 41
2 35
6 10
1 49
18 49
33 44
25 45
11 40
8 41
8 44
8 46
8 49
8 54
8 55
14 31
8 31
44 46
8 30
8 25
16 31
34 45
46 49
9 31
8 10
8 35
29 53
27 49
6 19
6 17
14 41
41 46
9 25
45 46
10 41
10 44
10 46
10 49
10 54
10 55
10 51
10 53
10 31
10 32
10 30
10 33
10 25
10 16
10 17
10 27
16 33
10 14
3 25
10 35
20 31
35 46
17 54
12 18
45 54
31 33
9 23
19 35
5 47
16 20
36 45
1 26
18 26
32 46
31 46
49 55
16 44
33 55
25 51
27 51
2 49
14 54
1 41
17 35
13 52
9 44
27 30
32 54
8 9
2 14
9 20
12 38
54 55
31 36
27 29
21 28
3 35
5 40
7 10
19 25
33 49
18 31
32 51
25 55
14 49
10 19
49 51
12 26
14 35
21 47
20 27
19 54
25 44
17 53
25 49
25 54
1 45
38 45
25 53
25 31
25 30
25 33
25 35
14 17
26 34
17 30
35 51
16 35
14 44
27 54
27 31
6 25
14 30
20 29
30 53
27 44
41 49
41 51
34 36
53 54
19 30
30 49
30 54
20 30
1 28
33 54
30 31
30 35
2 32
44 54
16 51
31 49
31 54
2 6
12 16
23 46
19 31
32 41
31 35
7 36
27 35
6 53
16 55
30 41
7 46
6 55
3 27
36 38
3 54
2 46
10 36
29 34
35 49
35 54
3 45
10 18
23 28
46 53
7 34
6 9
27 55
41 44
9 35
2 51
23 33
17 44
2 17
3 30
8 17
30 33
32 53
49 54
30 55
8 16
20 52
6 51
6 30
17 18
