14 35
16 55
23 46
3 5
31 46
23 33
2 41
2 44
2 9
17 54
38 45
10 19
7 53
2 14
33 55
2 8
2 10
18 38
20 54
23 35
9 45
25 27
40 52
23 25
9 30
20 25
32 41
41 49
6 51
1 51
6 54
19 35
33 54
6 55
6 31
14 41
29 36
31 33
53 55
6 10
6 9
30 44
31 36
27 44
27 55
8 41
8 44
8 46
8 49
8 54
8 55
36 49
8 31
12 38
8 30
8 25
32 55
17 41
2 46
14 55
8 10
8 35
2 32
44 55
1 2
31 55
1 30
29 34
9 25
27 30
10 41
10 44
10 46
10 49
10 54
10 55
10 51
10 53
10 31
10 32
10 30
10 33
10 25
10 16
10 17
10 27
19 30
10 14
35 44
10 35
16 49
32 49
16 20
23 49
14 30
16 33
31 32
6 35
27 29
20 28
35 51
16 51
30 46
8 19
31 51
3 6
27 49
17 18
19 45
10 12
8 14
14 49
18 26
8 53
16 19
1 26
23 54
30 53
49 55
8 17
14 32
46 54
12 25
3 54
9 55
7 26
20 27
35 41
2 35
19 25
16 41
31 44
47 52
27 41
1 17
12 45
5 28
32 54
17 25
2 17
3 34
7 10
25 44
20 31
25 49
25 54
18 54
32 35
25 53
25 31
25 30
25 33
25 35
46 49
26 34
53 54
25 46
3 30
6 46
27 54
27 31
14 53
3 46
6 33
2 49
27 35
31 45
32 44
35 53
17 32
14 31
30 49
30 54
18 49
2 31
17 30
30 31
30 35
41 55
16 54
30 33
31 49
31 54
35 55
10 36
19 54
44 51
6 53
31 35
3 23
32 53
33 46
8 51
30 45
9 27
33 44
34 36
19 31
35 45
29 46
6 17
12 26
35 49
35 54
16 44
1 28
6 49
9 44
27 51
13 40
21 47
41 44
49 51
41 51
12 23
17 44
18 36
9 54
16 46
6 14
11 21
49 54
30 51
20 46
34 45
8 16
3 25
7 20
