30 53
3 33
7 26
9 31
27 33
32 53
2 41
2 44
35 46
31 51
2 30
1 7
32 54
3 46
23 35
2 8
2 10
12 38
6 49
14 55
17 44
10 36
2 55
27 30
16 19
16 31
14 49
17 55
3 19
19 44
6 54
20 34
27 32
46 53
6 31
54 55
8 33
2 14
41 55
6 10
21 47
2 17
31 53
3 25
23 49
8 41
8 44
8 46
8 49
8 54
8 55
12 31
8 31
6 30
8 30
8 25
23 29
6 51
45 54
20 54
8 10
8 35
1 10
19 54
41 54
31 46
30 45
2 6
9 25
3 54
10 41
10 44
10 46
10 49
10 54
10 55
10 51
10 53
10 31
10 32
10 30
10 33
10 25
10 16
10 17
10 27
23 36
10 14
9 30
10 35
9 49
27 29
23 28
18 49
28 40
27 45
32 33
12 35
20 25
16 41
28 36
40 52
46 51
2 9
44 49
46 49
33 49
19 31
45 49
19 55
18 36
17 41
30 51
16 18
30 55
16 35
16 44
18 26
44 46
17 31
47 52
20 30
20 31
19 35
12 25
17 49
35 41
3 27
7 34
19 25
36 38
27 44
53 55
5 11
30 33
2 35
45 55
32 35
41 51
5 13
30 44
41 49
25 44
6 16
25 49
25 54
18 45
25 46
25 53
25 31
25 30
25 33
25 35
12 26
26 34
29 46
46 54
6 14
9 27
27 54
27 31
27 55
20 46
3 26
3 23
6 25
17 51
8 16
53 54
16 53
6 55
30 49
30 54
25 45
32 49
9 23
30 31
30 35
2 51
6 9
33 44
31 49
31 54
27 49
14 30
14 25
27 53
6 35
31 35
12 34
35 55
51 55
14 31
23 31
14 51
8 14
32 41
8 17
6 46
7 53
17 35
1 31
35 49
35 54
20 21
33 54
14 44
35 36
33 46
1 51
14 32
41 44
8 9
1 41
44 54
16 45
20 38
17 18
1 34
10 19
8 32
49 54
2 16
30 32
17 54
35 51
32 44
10 29
