35 45
17 30
26 45
9 35
20 25
1 38
2 41
2 44
17 35
8 19
3 46
10 19
6 33
20 36
33 55
2 8
2 10
23 25
9 30
33 35
3 25
6 32
21 40
6 23
27 35
2 16
7 55
2 49
26 29
47 52
6 54
20 49
46 49
6 55
6 31
17 44
26 36
31 33
2 51
6 10
6 25
16 46
20 32
12 31
27 55
8 41
8 44
8 46
8 49
8 54
8 55
14 19
8 31
12 35
8 30
8 25
44 53
17 27
23 31
9 49
8 10
8 35
16 41
49 55
8 17
31 51
41 54
27 29
9 25
17 31
10 41
10 44
10 46
10 49
10 54
10 55
10 51
10 53
10 31
10 32
10 30
10 33
10 25
10 16
10 17
10 27
34 45
10 14
30 55
10 35
17 41
30 51
38 45
32 54
8 32
32 44
41 51
6 30
9 27
17 49
32 49
27 49
30 46
30 44
14 32
25 55
27 44
31 32
45 54
35 44
49 53
12 14
1 45
33 46
17 51
36 38
3 30
23 55
2 35
1 51
14 46
46 54
10 18
41 46
31 46
7 34
9 46
51 55
18 28
19 25
30 41
31 44
11 40
6 46
36 41
32 41
5 28
2 30
16 49
2 17
19 45
46 53
25 44
1 34
25 49
25 54
2 14
14 30
25 53
25 31
25 30
25 33
25 35
6 35
26 34
31 36
19 31
16 35
6 19
27 54
27 31
53 54
23 53
7 33
35 51
29 36
23 49
14 53
51 53
14 54
18 32
30 49
30 54
35 53
20 31
18 30
30 31
30 35
2 9
54 55
23 54
31 49
31 54
44 55
3 19
3 28
16 44
14 16
31 35
7 20
2 55
27 33
8 51
45 49
27 30
33 54
1 26
9 31
8 33
10 29
16 55
1 25
35 49
35 54
3 23
10 12
20 54
19 44
27 41
13 47
5 21
41 44
18 35
32 53
20 46
17 54
12 18
9 54
16 25
6 14
12 34
49 54
44 51
6 16
3 52
8 16
3 27
14 49
