6 35
6 55
30 33
16 53
10 19
1 31
2 41
2 44
9 14
6 17
23 54
17 30
8 19
6 45
33 54
2 8
2 10
19 54
20 33
32 41
7 53
17 27
29 36
3 55
9 44
2 35
30 53
16 44
14 54
9 55
6 54
32 55
3 19
17 55
6 31
19 27
9 49
32 51
30 51
6 10
16 51
12 41
14 30
6 9
28 45
8 41
8 44
8 46
8 49
8 54
8 55
2 55
8 31
12 49
8 30
8 25
7 27
32 33
33 46
13 21
8 10
8 35
18 25
14 49
41 51
28 36
31 46
16 27
9 25
25 55
10 41
10 44
10 46
10 49
10 54
10 55
10 51
10 53
10 31
10 32
10 30
10 33
10 25
10 16
10 17
10 27
11 47
10 14
6 51
10 35
41 55
26 45
40 47
30 32
3 54
5 28
16 17
6 30
1 26
8 51
49 51
6 49
10 12
17 41
3 38
34 36
2 54
17 44
27 35
16 46
53 55
9 35
3 14
44 49
23 25
18 20
20 30
44 53
2 9
9 31
23 36
35 51
41 49
45 46
17 31
53 54
54 55
1 30
1 54
19 25
2 16
3 46
35 41
32 44
35 45
8 53
23 30
14 46
20 31
34 45
16 18
16 31
25 44
3 25
25 49
25 54
10 29
30 44
25 53
25 31
25 30
25 33
25 35
6 46
26 34
31 45
12 32
6 53
14 41
27 54
27 31
20 23
14 44
33 51
1 12
2 27
19 49
32 49
23 31
1 16
27 33
30 49
30 54
14 35
19 20
3 35
30 31
30 35
2 49
44 46
27 46
31 49
31 54
23 35
19 31
27 44
12 38
33 55
31 35
46 49
20 52
25 45
31 51
8 14
18 49
49 55
36 38
7 34
35 53
31 55
32 54
35 46
35 49
35 54
7 20
29 46
18 34
26 29
17 35
40 52
30 46
41 44
2 14
8 17
18 26
44 54
16 41
51 54
27 30
6 25
17 25
49 54
31 33
10 36
8 32
5 21
2 32
23 27
