27 53
2 14
16 33
27 35
32 41
51 54
2 41
2 44
6 32
35 53
46 53
16 44
7 36
14 32
33 46
2 8
2 10
20 54
6 30
10 18
16 30
30 33
2 54
6 49
17 54
32 51
14 33
35 45
14 31
32 53
6 54
6 25
19 49
2 32
6 31
3 25
46 51
9 10
30 41
6 10
32 49
20 34
17 35
3 9
25 36
8 41
8 44
8 46
8 49
8 54
8 55
3 55
8 31
41 46
8 30
8 25
45 46
19 31
2 6
11 21
8 10
8 35
16 55
27 30
6 9
30 36
49 55
1 45
9 25
31 33
10 41
10 44
10 46
10 49
10 54
10 55
10 51
10 53
10 31
10 32
10 30
10 33
10 25
10 16
10 17
10 27
27 44
10 14
27 49
10 35
41 51
17 31
47 52
23 35
1 41
13 21
33 45
1 49
8 14
2 30
44 53
23 54
30 51
25 45
6 17
12 54
9 54
33 35
25 55
12 28
40 47
17 41
8 17
44 54
31 55
35 51
18 36
26 29
20 28
23 27
14 35
23 31
16 31
31 46
3 54
23 55
31 45
36 38
27 46
19 25
32 44
7 27
44 51
30 32
1 14
7 45
2 49
30 46
40 52
14 54
2 19
8 32
25 44
1 26
25 49
25 54
12 38
2 17
25 53
25 31
25 30
25 33
25 35
6 53
26 34
20 30
18 31
26 36
19 27
27 54
27 31
12 14
14 41
3 20
29 55
19 35
2 55
20 25
6 46
12 49
3 35
30 49
30 54
18 34
17 51
6 16
30 31
30 35
16 41
44 55
46 49
31 49
31 54
27 45
6 55
17 30
9 35
16 19
31 35
18 51
44 49
32 55
19 46
12 26
49 51
1 10
17 55
7 10
19 44
35 46
46 54
9 20
35 49
35 54
17 44
8 33
35 41
29 34
16 49
5 38
8 51
41 44
3 14
31 53
23 34
16 25
33 55
9 31
53 54
16 27
30 44
49 54
23 28
8 9
18 20
3 5
29 53
23 49
