1 23
8 32
51 54
19 49
6 41
3 38
2 41
2 44
6 25
16 55
33 46
17 44
7 18
14 30
9 46
2 8
2 10
44 54
17 49
12 16
19 51
33 49
2 46
2 36
32 54
9 31
2 17
12 34
14 33
17 54
6 54
14 16
27 49
33 54
6 31
19 41
31 46
9 10
6 30
6 10
23 32
23 30
32 53
9 44
12 26
8 41
8 44
8 46
8 49
8 54
8 55
6 17
8 31
40 52
8 30
8 25
53 55
19 31
2 32
5 40
8 10
8 35
27 29
19 27
6 44
27 45
2 55
10 12
9 25
31 33
10 41
10 44
10 46
10 49
10 54
10 55
10 51
10 53
10 31
10 32
10 30
10 33
10 25
10 16
10 17
10 27
8 17
10 14
6 49
10 35
3 31
36 51
3 55
20 33
14 32
5 13
27 53
46 49
41 51
30 44
44 53
17 35
35 41
19 35
14 35
2 16
23 55
33 35
25 55
17 41
45 47
8 51
49 53
12 31
31 51
30 51
20 26
29 34
19 20
30 46
32 55
41 49
10 36
3 9
46 54
18 20
23 25
1 26
3 27
19 25
16 44
18 25
17 46
49 55
1 18
20 31
6 51
3 54
21 47
31 41
16 32
32 41
25 44
23 49
25 49
25 54
12 14
16 54
25 53
25 31
25 30
25 33
25 35
27 33
26 34
34 45
1 54
14 31
8 19
27 54
27 31
16 30
14 41
1 28
7 46
9 35
35 51
25 45
16 25
28 36
27 35
30 49
30 54
18 38
8 14
31 55
30 31
30 35
16 35
33 55
6 14
31 49
31 54
20 54
27 55
17 30
17 27
32 44
31 35
34 36
44 49
46 51
9 54
26 29
3 20
45 54
30 55
7 10
2 14
30 36
23 29
35 45
35 49
35 54
44 51
8 53
23 35
2 30
28 45
38 52
16 53
41 44
3 25
31 53
20 46
1 35
6 55
18 35
44 46
2 49
30 32
49 54
11 21
6 9
45 49
6 46
7 53
27 30
