35 46
16 27
23 31
2 55
9 27
7 26
2 41
2 44
6 35
44 54
30 45
5 13
23 49
6 14
20 26
2 8
2 10
2 51
9 45
8 32
20 23
3 25
16 41
3 6
27 55
7 34
6 46
20 35
8 14
51 53
6 54
17 54
14 53
20 53
6 31
16 33
35 55
6 44
30 53
6 10
14 44
3 9
27 49
31 53
54 55
8 41
8 44
8 46
8 49
8 54
8 55
1 45
8 31
11 40
8 30
8 25
9 35
23 35
2 16
21 47
8 10
8 35
3 31
29 55
10 36
30 46
6 23
9 10
9 25
33 54
10 41
10 44
10 46
10 49
10 54
10 55
10 51
10 53
10 31
10 32
10 30
10 33
10 25
10 16
10 17
10 27
8 33
10 14
17 18
10 35
35 41
32 41
25 27
32 35
17 30
40 52
1 3
3 26
16 31
44 46
1 31
31 46
6 53
29 53
30 32
38 52
20 46
46 53
16 55
17 44
19 55
32 55
12 14
44 49
16 54
17 41
2 18
12 38
2 9
1 49
23 54
33 46
20 55
20 38
45 47
10 29
14 30
41 51
33 44
19 25
9 54
30 33
7 12
41 46
25 32
2 30
14 46
34 36
5 21
27 30
20 25
30 44
25 44
25 45
25 49
25 54
14 51
27 51
25 53
25 31
25 30
25 33
25 35
2 32
26 34
18 34
19 49
14 17
19 54
27 54
27 31
18 28
33 49
19 32
31 32
30 41
8 19
27 29
27 33
25 55
17 46
30 49
30 54
31 45
7 45
6 19
30 31
30 35
46 49
31 33
41 49
31 49
31 54
6 49
16 49
2 17
16 44
12 35
31 35
9 44
27 35
12 28
31 36
32 44
1 10
8 16
3 30
3 54
17 49
18 25
19 31
17 35
35 49
35 54
8 51
12 51
26 36
41 54
53 55
45 46
16 23
41 44
19 35
31 55
51 54
18 36
6 55
14 49
30 51
1 34
32 49
49 54
23 28
17 51
14 54
6 51
35 36
2 27
