1 38
20 54
31 51
36 45
27 35
7 10
2 41
2 44
20 35
26 36
29 34
5 52
10 12
16 30
19 27
2 8
2 10
17 27
14 44
44 53
5 13
25 55
17 32
6 23
14 16
25 45
6 16
16 44
2 16
9 49
6 54
32 35
33 51
33 55
6 31
12 34
7 33
27 45
28 36
6 10
12 29
45 49
6 55
33 54
16 18
8 41
8 44
8 46
8 49
8 54
8 55
2 35
8 31
40 47
8 30
8 25
30 44
19 31
35 45
21 52
8 10
8 35
20 23
44 46
12 35
30 33
14 35
49 55
9 25
31 33
10 41
10 44
10 46
10 49
10 54
10 55
10 51
10 53
10 31
10 32
10 30
10 33
10 25
10 16
10 17
10 27
27 53
10 14
34 36
10 35
20 38
27 29
41 55
2 51
6 35
2 17
28 40
23 31
32 41
3 55
33 49
31 55
8 51
31 44
6 51
32 44
16 35
14 36
3 32
14 46
33 46
1 12
1 17
35 44
41 51
8 53
17 44
30 32
9 10
7 45
32 54
8 19
6 46
2 30
11 47
7 26
8 14
12 20
3 25
19 25
14 41
27 30
36 38
32 46
2 18
3 21
9 31
20 46
3 28
19 55
3 26
46 53
25 44
18 34
25 49
25 54
30 55
49 51
25 53
25 31
25 30
25 33
25 35
1 25
26 34
18 31
19 54
2 49
19 41
27 54
27 31
20 53
23 26
51 54
6 53
35 51
27 46
27 44
16 46
46 54
3 54
30 49
30 54
31 53
6 30
19 49
30 31
30 35
17 33
31 41
9 23
31 49
31 54
9 14
17 25
9 30
8 16
29 55
31 35
18 49
2 55
16 53
16 41
30 51
35 55
17 54
1 54
20 31
3 9
41 49
19 44
17 46
35 49
35 54
8 17
2 32
10 18
6 41
30 45
32 49
23 25
41 44
6 49
14 54
14 31
54 55
6 9
1 35
17 49
45 54
23 46
49 54
14 32
49 53
27 51
30 46
23 30
25 27
