6 55
35 41
21 28
6 35
20 25
23 31
2 41
2 44
44 54
6 16
8 9
9 46
33 44
1 29
2 16
2 8
2 10
19 49
17 31
40 52
25 45
20 54
32 35
7 10
27 35
45 54
8 16
16 49
35 44
11 40
6 54
35 45
7 26
6 49
6 31
14 51
3 46
27 49
30 45
6 10
7 45
30 55
1 38
32 54
31 46
8 41
8 44
8 46
8 49
8 54
8 55
12 54
8 31
23 30
8 30
8 25
6 53
9 51
23 53
16 17
8 10
8 35
17 51
14 35
20 31
12 14
36 45
29 53
9 25
30 33
10 41
10 44
10 46
10 49
10 54
10 55
10 51
10 53
10 31
10 32
10 30
10 33
10 25
10 16
10 17
10 27
25 27
10 14
7 27
10 35
1 34
14 46
30 41
10 18
6 14
27 46
9 20
17 30
9 54
36 49
17 53
27 30
2 51
46 49
31 32
3 20
41 51
14 49
31 41
1 49
49 55
19 54
3 27
33 46
16 25
36 38
3 16
6 23
23 49
33 35
2 17
31 45
49 51
19 20
27 44
10 19
46 53
14 30
18 34
19 25
2 30
3 35
5 52
6 9
2 14
8 33
23 47
35 55
12 51
45 46
3 26
23 28
25 44
17 27
25 49
25 54
2 32
8 32
25 53
25 31
25 30
25 33
25 35
30 51
26 34
32 44
53 54
27 32
19 30
27 54
27 31
31 33
3 34
16 54
29 55
17 41
51 55
31 36
26 29
16 30
19 31
30 49
30 54
25 55
14 44
1 36
30 31
30 35
6 46
3 12
20 46
31 49
31 54
23 25
14 54
2 55
17 44
32 41
31 35
32 49
2 6
53 55
8 17
12 32
8 14
41 55
10 36
9 27
54 55
16 44
30 44
17 55
35 49
35 54
6 33
18 26
46 54
19 44
9 41
13 47
5 21
41 44
46 51
33 49
18 25
32 33
12 34
44 55
18 38
18 41
31 53
49 54
19 35
31 51
20 28
1 35
2 35
16 53
