49 51
30 41
25 45
31 36
51 53
18 35
2 41
2 44
41 46
30 53
33 54
18 49
2 31
12 32
6 14
2 8
2 10
6 41
1 38
5 21
1 30
7 33
8 14
6 49
53 54
7 10
23 28
8 16
12 31
16 31
6 54
46 54
19 27
27 49
6 31
17 46
3 12
19 44
16 18
6 10
41 49
19 54
35 45
14 35
23 55
8 41
8 44
8 46
8 49
8 54
8 55
35 55
8 31
5 47
8 30
8 25
6 30
14 55
6 35
16 54
8 10
8 35
36 38
33 35
14 31
3 31
44 49
17 35
9 25
17 51
10 41
10 44
10 46
10 49
10 54
10 55
10 51
10 53
10 31
10 32
10 30
10 33
10 25
10 16
10 17
10 27
17 44
10 14
20 31
10 35
8 33
44 46
9 10
46 49
8 51
33 46
34 45
9 16
3 6
51 55
9 46
35 53
34 36
13 40
18 28
6 25
27 53
27 46
2 32
20 25
23 29
32 55
6 45
2 35
23 25
32 33
7 26
3 20
14 16
14 54
3 55
20 34
18 26
17 32
28 45
26 36
31 46
38 52
3 54
19 25
2 30
17 49
3 9
44 54
10 36
1 29
9 45
44 51
14 41
11 47
53 55
9 27
25 44
9 54
25 49
25 54
12 51
1 26
25 53
25 31
25 30
25 33
25 35
32 41
26 34
14 30
2 51
17 25
1 12
27 54
27 31
31 53
20 32
2 16
20 55
35 51
32 54
25 36
27 55
8 17
31 51
30 49
30 54
6 55
32 49
2 12
30 31
30 35
27 44
45 49
27 29
31 49
31 54
2 17
16 49
32 44
7 46
2 14
31 35
10 18
27 30
23 52
27 32
1 20
19 41
41 55
23 33
19 35
23 31
16 30
25 46
35 46
35 49
35 54
8 19
16 41
9 49
6 51
19 31
20 30
21 40
41 44
44 53
27 33
17 53
45 54
29 34
33 55
14 44
6 16
54 55
49 54
17 30
23 30
19 30
30 46
3 49
35 44
