8 30
3 21
29 39
6 26
12 44
0 20
21 44
21 34
9 16
13 15
15 29
16 34
3 11
7 11
21 26
10 15
0 16
10 30
1 31
7 15
29 38
16 19
4 30
4 20
25 44
6 18
21 27
2 37
25 42
20 43
18 44
12 19
6 16
34 42
8 44
6 20
10 27
3 26
11 12
7 21
8 9
34 44
8 13
6 10
2 43
9 19
42 43
36 42
10 25
21 25
0 26
26 34
30 42
27 35
2 7
9 43
15 21
1 42
12 17
10 26
9 15
13 19
2 12
7 16
6 42
0 9
19 25
30 44
9 24
2 16
7 12
0 36
17 36
7 29
0 7
3 16
11 20
7 42
6 12
4 32
6 21
11 13
7 20
2 17
0 12
7 19
8 16
19 42
16 24
9 21
4 16
7 36
7 10
10 11
0 2
20 42
11 21
29 30
0 43
8 34
2 9
0 27
24 44
15 16
0 30
12 21
7 24
26 27
0 17
4 36
26 44
19 27
9 10
13 18
10 24
8 42
4 7
26 36
10 42
8 43
24 30
7 44
10 29
27 30
20 30
15 19
15 30
17 27
9 17
2 36
2 40
6 44
27 36
0 44
16 42
1 26
0 19
17 29
13 17
9 42
10 18
4 26
16 36
2 44
7 18
7 32
10 35
15 36
15 23
10 17
11 42
6 30
21 30
10 13
24 42
19 35
9 27
0 10
11 29
9 36
12 24
10 36
6 34
26 42
19 30
7 43
10 21
4 15
17 26
9 20
7 26
16 30
7 8
3 15
15 44
13 16
6 36
10 44
6 17
20 44
3 12
0 21
4 27
12 15
4 12
10 43
21 36
10 16
0 11
30 36
19 29
16 20
10 34
20 21
7 38
27 34
8 36
11 44
16 44
16 27
16 26
7 13
9 13
6 29
0 18
19 36
5 13
25 27
7 17
7 27
19 21
18 20
10 20
7 9
10 12
12 36
