16 42
16 20
11 16
21 43
7 34
10 13
0 19
17 20
11 20
0 43
20 24
9 20
2 16
16 27
34 40
34 44
3 30
4 42
9 13
21 26
8 16
0 12
19 36
8 30
12 16
8 44
11 30
20 36
9 16
7 23
6 29
0 21
16 36
26 38
26 27
19 37
27 44
8 15
6 16
30 36
10 35
0 9
4 9
7 26
0 44
17 18
9 10
0 25
6 10
16 19
9 30
26 30
0 36
0 10
2 21
29 42
24 44
3 21
0 34
6 24
30 34
27 30
9 12
15 29
0 7
2 10
9 17
19 21
12 17
4 30
8 32
4 12
7 20
9 44
13 30
18 44
26 42
6 18
2 30
42 44
11 34
11 12
7 9
7 32
1 15
13 20
7 17
16 25
8 26
10 15
10 34
9 15
6 42
6 21
6 27
20 44
24 43
36 42
21 25
17 24
7 27
7 12
9 36
16 21
10 42
2 7
12 20
7 13
30 42
10 26
6 19
19 42
34 43
10 20
7 30
9 42
7 21
15 36
36 44
10 12
12 29
12 42
8 27
2 15
4 36
2 4
7 44
2 12
7 36
19 43
18 29
35 42
16 44
7 29
13 16
17 21
6 44
2 27
6 26
42 43
10 21
17 19
15 16
24 25
15 44
7 42
26 29
19 26
2 18
19 29
13 36
10 25
12 13
0 20
7 11
12 27
0 15
36 43
26 44
10 19
1 16
10 17
0 26
16 24
7 43
9 21
27 36
11 36
3 20
7 19
25 42
21 44
4 7
4 10
15 30
3 18
15 38
10 44
27 39
0 42
19 30
26 36
10 11
6 9
20 34
0 11
8 10
10 16
7 8
13 29
9 11
13 21
1 7
19 27
3 44
10 31
17 36
10 18
4 16
0 8
7 15
5 11
12 21
10 27
6 36
21 30
4 21
16 29
3 27
6 17
17 27
13 15
15 26
0 2
7 10
24 35
