2 29
9 42
15 38
9 10
15 42
17 24
12 36
20 44
16 44
27 36
27 34
7 27
0 36
24 27
17 34
6 44
8 10
6 10
12 20
12 17
19 32
21 35
19 42
1 10
10 43
12 30
0 24
7 36
16 36
9 21
18 30
10 17
3 26
10 19
16 18
9 25
3 19
12 44
11 15
19 43
8 24
7 8
17 30
6 7
0 17
17 44
11 36
10 24
2 16
2 43
7 11
12 16
15 44
7 25
5 7
7 17
10 38
0 7
10 34
6 20
24 36
8 42
13 30
11 12
36 44
6 29
7 43
7 21
11 21
0 26
7 18
0 13
21 30
7 16
27 42
7 9
0 9
16 34
11 19
7 30
16 25
6 13
10 18
10 30
20 26
19 30
11 16
10 20
10 36
34 36
15 16
9 20
7 10
0 29
4 12
7 19
16 17
15 36
13 27
2 44
13 24
6 21
29 42
16 27
11 44
4 35
21 26
9 16
2 20
0 42
4 21
10 13
13 42
8 27
18 26
4 16
2 17
2 7
10 21
4 27
10 26
19 44
16 21
16 31
11 30
4 44
15 30
8 20
13 36
10 16
15 29
10 15
8 32
30 36
26 30
26 29
15 21
19 21
18 20
21 34
3 16
9 15
12 34
11 29
1 27
1 7
35 44
21 36
0 34
6 34
21 43
4 42
6 30
26 36
27 29
0 44
13 16
0 16
18 44
36 37
9 39
0 25
20 42
9 13
0 21
42 43
26 42
0 10
19 36
6 15
10 29
7 26
10 42
9 27
0 12
43 44
7 12
3 10
2 27
0 19
10 25
2 12
12 27
42 44
29 44
26 43
21 42
8 11
20 21
6 26
0 20
2 9
6 9
7 13
3 12
30 40
15 24
9 19
17 20
4 7
15 25
16 26
6 19
8 30
6 36
7 15
2 30
3 9
4 19
8 9
4 26
12 42
17 27
7 44
7 42
20 23
