10 16
10 18
13 19
8 21
11 26
2 18
15 36
16 17
0 11
9 26
12 26
30 43
30 44
11 42
16 27
6 20
7 9
0 44
13 16
10 19
1 29
26 30
24 36
17 21
10 29
36 43
9 27
9 44
21 44
0 24
24 42
23 42
24 44
27 29
7 13
6 7
20 21
7 36
8 12
21 36
9 15
20 42
6 12
18 36
19 26
7 27
8 42
15 29
21 27
11 20
3 42
20 25
0 29
15 20
12 15
0 9
7 43
4 10
20 30
12 16
12 44
9 16
15 42
10 21
6 21
36 44
17 42
27 42
16 25
8 10
8 30
0 7
2 17
10 36
0 21
2 7
8 9
10 43
6 36
10 34
6 34
3 10
11 19
7 10
10 44
7 17
12 18
11 21
0 20
7 16
10 27
6 29
0 13
7 11
21 30
7 19
2 21
16 36
9 34
0 43
15 26
16 19
4 12
7 26
1 10
0 36
7 24
15 44
10 26
4 7
19 27
6 17
7 44
19 20
2 13
26 29
16 21
11 16
6 16
0 17
35 44
26 42
34 43
15 16
25 30
4 18
3 13
6 9
16 18
2 20
6 42
4 19
2 9
7 12
0 26
10 12
2 10
2 30
26 27
9 19
25 36
4 16
6 44
4 21
32 42
0 4
38 42
13 29
15 30
7 20
19 24
4 8
8 35
16 43
16 30
13 15
7 25
42 44
9 29
13 24
12 25
10 17
1 17
12 30
16 44
10 11
11 36
26 44
15 21
0 34
17 30
3 15
27 44
19 29
21 42
30 34
13 21
10 15
0 15
18 27
3 11
9 30
16 24
4 27
7 21
27 32
7 34
9 10
12 27
0 10
19 30
6 10
17 36
26 36
7 8
10 40
34 35
17 37
2 8
13 26
19 36
12 20
2 44
12 36
5 39
0 42
7 30
9 31
20 43
7 42
19 44
6 27
3 7
16 34
36 38
9 20
