2 24
10 34
15 19
8 21
24 30
10 44
10 15
10 32
4 7
18 44
2 17
16 39
19 36
0 34
17 44
1 16
0 27
2 7
13 18
21 36
12 24
11 20
11 25
7 26
11 13
12 20
29 44
2 3
7 37
29 34
7 16
7 13
16 29
7 36
19 21
25 26
16 42
7 30
1 9
19 42
30 36
0 15
15 17
30 44
18 32
15 16
11 21
2 10
26 27
29 36
6 36
19 30
6 26
7 42
3 19
17 42
20 36
10 31
6 27
6 35
26 30
9 12
8 10
15 30
0 23
30 42
13 15
7 8
13 27
17 43
6 42
8 19
2 44
12 44
2 20
9 36
10 20
12 13
11 16
0 10
3 10
7 34
34 36
7 10
19 20
8 17
10 17
4 29
6 10
9 26
18 21
10 43
21 42
2 26
2 11
43 44
0 9
7 9
16 19
27 42
7 20
0 7
4 21
7 44
3 44
17 27
9 20
15 27
0 30
10 36
11 19
9 27
6 7
20 27
4 44
0 36
9 16
26 42
6 15
16 21
4 12
7 19
24 38
10 16
36 44
0 26
16 27
7 27
27 44
6 24
0 18
9 19
12 16
25 35
1 15
6 21
7 15
42 44
12 30
4 16
12 36
2 21
8 43
4 10
10 13
36 43
21 44
12 25
11 26
8 30
26 43
8 15
10 35
25 42
15 42
19 43
0 4
13 19
6 12
16 30
7 18
10 27
9 17
5 7
8 9
0 8
7 11
0 42
9 18
0 29
13 16
17 24
16 44
7 29
0 16
15 43
36 42
13 29
7 24
4 36
3 21
27 36
12 34
2 29
9 42
10 11
6 20
26 44
6 17
9 30
9 10
10 19
34 38
26 36
29 30
13 20
12 27
0 12
34 44
7 21
4 30
17 21
21 24
10 42
6 16
25 30
11 12
0 21
3 42
21 26
10 26
16 20
16 34
20 40
20 21
9 15
