7 9
9 42
15 30
17 44
11 27
12 44
10 43
8 10
19 21
2 4
7 12
16 36
20 36
0 27
19 42
38 43
19 43
12 42
20 30
16 19
6 24
10 27
9 20
27 42
10 40
7 38
21 29
1 7
9 34
27 29
21 36
10 15
7 13
6 34
0 36
26 44
0 44
0 26
8 30
13 42
16 20
0 29
11 15
6 44
12 36
10 13
29 42
34 36
7 26
2 12
32 42
2 36
19 24
16 34
2 15
15 42
30 44
16 43
11 30
7 11
9 21
7 16
10 44
11 32
17 27
6 17
3 15
7 21
2 8
16 23
26 36
11 16
25 44
3 21
0 20
0 34
5 7
7 17
9 43
16 25
7 24
8 44
4 9
15 20
4 36
9 10
24 30
0 10
13 17
12 30
10 16
29 36
9 19
36 44
12 21
16 26
36 43
26 30
13 20
12 27
18 19
7 15
8 9
7 34
20 29
6 7
2 7
2 24
0 21
12 19
12 16
18 44
0 12
10 30
7 39
0 17
9 16
30 34
11 19
9 44
0 13
21 44
16 44
19 30
4 10
3 43
15 16
6 10
0 15
8 42
25 36
0 8
29 37
13 15
4 20
25 42
7 44
9 12
3 30
0 42
8 29
4 26
10 26
17 20
10 18
3 26
26 42
7 36
7 19
0 9
21 42
10 25
11 18
12 13
10 42
7 35
13 30
2 17
10 24
16 21
4 7
4 16
16 31
6 21
1 10
2 13
17 21
27 44
6 26
7 18
10 19
30 36
11 29
7 27
0 16
0 19
16 27
15 19
6 35
2 44
2 10
13 26
9 27
10 35
17 42
36 42
26 27
6 15
6 25
10 21
10 17
9 24
21 34
18 21
9 36
6 20
15 44
16 42
12 26
20 21
6 36
11 26
27 43
8 24
18 20
12 34
15 27
1 17
21 30
3 29
7 10
4 19
8 11
7 20
4 27
6 30
