7 9
2 42
9 26
17 27
9 29
6 44
10 16
8 10
9 11
30 34
7 12
17 26
20 36
19 27
3 19
30 43
0 17
12 42
8 20
3 16
12 24
27 36
13 44
27 42
10 40
7 38
0 43
9 17
0 27
10 27
21 36
2 16
7 13
6 13
0 36
2 34
1 20
7 8
16 30
18 21
27 34
4 29
34 36
21 44
2 12
10 13
21 29
19 21
1 19
12 17
4 42
19 37
35 44
16 36
15 27
15 42
30 44
18 36
15 30
7 11
9 15
7 16
4 10
18 20
13 30
6 36
13 25
7 21
13 21
6 16
11 29
11 16
26 42
3 21
6 9
19 34
26 35
7 36
4 7
16 39
7 18
4 20
8 25
12 15
1 21
19 29
0 12
0 10
8 12
27 30
10 34
19 30
19 36
9 24
2 20
16 26
11 20
10 26
13 20
12 27
0 6
7 15
9 12
7 34
0 9
6 7
2 7
24 44
0 3
17 32
12 16
26 36
4 12
10 30
21 32
0 11
9 16
34 44
11 44
2 43
13 17
26 27
30 42
4 11
10 15
8 26
15 16
6 10
0 20
8 42
10 29
10 44
7 10
13 15
7 26
5 42
7 44
19 42
0 30
0 16
6 8
10 36
10 20
12 19
11 26
25 43
7 42
7 30
19 26
0 19
21 42
9 10
24 30
12 31
10 42
0 13
8 30
15 38
0 7
16 21
24 36
16 29
15 36
2 6
17 44
3 10
17 21
27 44
23 44
17 43
16 44
30 36
15 26
7 27
0 29
6 19
4 24
15 24
7 25
36 44
2 10
10 18
2 9
10 35
16 20
36 42
16 27
6 15
20 25
21 43
10 11
9 25
15 21
21 30
9 36
4 6
0 44
16 42
18 26
20 21
16 18
10 12
8 17
42 44
3 44
24 29
21 26
7 43
9 43
2 4
7 29
9 19
11 34
7 20
17 42
6 27
