9 26
10 13
11 36
20 29
6 21
15 26
13 36
0 7
8 16
7 16
0 21
27 34
19 20
15 19
21 26
9 36
6 29
10 18
12 26
15 27
30 35
4 16
29 30
9 12
15 44
7 13
18 36
15 16
17 21
20 36
18 21
2 9
9 16
19 44
19 30
10 43
27 43
6 15
20 44
21 44
25 44
7 44
12 19
6 10
12 20
17 42
1 13
8 26
7 20
21 24
9 19
19 36
0 11
0 26
10 16
21 27
10 21
11 44
10 42
32 42
11 26
2 26
3 43
11 29
25 34
8 24
7 12
7 9
6 8
6 17
12 36
15 21
0 29
7 11
7 15
7 17
4 9
10 29
0 44
29 36
7 37
6 16
4 10
16 21
0 12
0 36
11 17
19 21
18 30
6 9
1 25
9 11
7 10
4 29
27 35
16 20
4 13
42 44
7 39
0 16
19 43
2 10
13 44
0 27
3 26
10 20
7 19
11 16
6 30
13 26
10 30
10 26
4 27
7 27
8 10
25 38
7 38
27 44
2 18
10 36
0 20
0 8
6 7
29 44
30 36
20 43
8 9
3 16
1 16
2 30
2 7
2 19
4 44
24 44
7 42
10 24
24 43
0 17
16 34
9 42
10 27
0 15
16 36
2 6
7 26
24 32
7 30
21 30
3 12
11 27
6 42
15 36
27 30
10 25
30 42
9 15
16 24
0 10
13 42
5 42
10 34
36 42
9 21
20 42
13 18
7 34
21 42
16 27
17 20
2 12
12 43
17 44
16 30
15 43
4 42
3 15
3 6
17 36
9 30
13 19
34 42
25 27
9 20
7 36
17 24
9 10
12 16
10 19
4 19
8 36
10 15
17 30
4 11
18 34
7 40
0 30
2 29
7 35
16 44
7 21
16 26
26 44
12 42
2 13
0 42
12 31
12 34
8 15
21 23
6 44
0 34
10 12
20 26
17 19
8 21
27 36
