0 2
17 34
0 17
0 6
0 7
23 35
0 10
0 12
11 21
0 5
7 35
12 15
1 9
1 12
3 20
1 23
34 35
2 3
2 5
2 6
2 7
2 8
2 10
2 12
8 28
2 20
10 35
2 28
2 34
3 5
3 6
3 7
28 35
3 10
3 12
0 23
17 33
14 17
19 35
5 6
5 7
8 20
5 10
5 12
13 35
17 20
5 20
6 7
6 10
6 12
5 28
6 20
6 28
7 8
7 10
7 12
14 16
7 20
22 35
7 28
7 34
8 10
8 12
12 13
20 34
9 12
0 35
0 34
17 25
10 17
10 12
9 17
10 20
3 35
10 28
10 34
17 32
13 16
12 17
12 20
12 23
12 25
12 28
4 23
12 34
12 35
33 35
1 35
3 28
3 8
5 8
1 28
2 23
14 15
17 28
3 17
16 33
0 8
7 9
17 35
2 9
25 32
0 20
9 25
20 28
5 34
6 17
