0 2
0 20
9 21
0 6
0 7
28 34
0 10
0 12
8 17
1 28
28 35
0 17
1 9
1 12
14 17
1 23
5 20
2 3
2 5
2 6
2 7
2 8
2 10
2 12
3 8
2 20
9 25
2 28
2 34
3 5
3 6
3 7
34 35
3 10
3 12
13 14
2 23
7 35
0 3
5 6
5 7
13 35
5 10
5 12
15 33
17 28
16 33
6 7
6 10
6 12
0 34
6 20
6 28
7 8
7 10
7 12
1 35
7 20
15 25
7 28
7 34
8 10
8 12
20 35
3 17
9 12
5 35
2 9
3 28
10 23
10 12
0 5
10 20
17 20
10 28
10 34
9 35
0 23
12 17
12 20
12 23
12 25
12 28
5 28
12 34
12 35
12 14
25 35
6 35
8 20
10 35
17 23
20 28
0 8
13 16
17 33
4 35
7 17
17 32
17 35
17 22
16 17
20 34
5 8
11 19
12 32
3 34
