0 2
0 5
2 35
0 6
0 7
8 28
0 10
0 12
8 35
20 28
33 35
0 20
1 9
1 12
14 16
1 23
5 28
2 3
2 5
2 6
2 7
2 8
2 10
2 12
3 35
2 20
9 10
2 28
2 34
3 5
3 6
3 7
25 32
3 10
3 12
15 33
11 23
13 33
0 17
5 6
5 7
12 16
5 10
5 12
17 22
3 17
34 35
6 7
6 10
6 12
0 34
6 20
6 28
7 8
7 10
7 12
13 17
7 20
12 15
7 28
7 34
8 10
8 12
9 28
17 32
9 12
4 21
28 35
3 20
9 25
10 12
0 1
10 20
8 20
10 28
10 34
25 35
0 8
12 17
12 20
12 23
12 25
12 28
3 28
12 34
12 35
13 14
5 8
6 35
23 35
10 35
7 23
5 20
17 23
16 17
0 35
2 9
14 17
17 20
17 35
7 17
20 35
28 34
5 34
1 17
17 19
3 34
