0 2
23 28
10 35
0 6
0 7
0 8
0 10
0 12
4 23
1 28
3 17
0 28
1 9
1 12
12 33
1 23
14 17
2 3
2 5
2 6
2 7
2 8
2 10
2 12
5 8
2 20
2 9
2 28
2 34
3 5
3 6
3 7
15 25
3 10
3 12
13 14
7 9
1 35
0 3
5 6
5 7
14 16
5 10
5 12
11 19
5 17
13 35
6 7
6 10
6 12
5 34
6 20
6 28
7 8
7 10
7 12
16 17
7 20
2 35
7 28
7 34
8 10
8 12
20 28
32 33
9 12
22 35
28 35
0 34
17 25
10 12
20 35
10 20
20 34
10 28
10 34
8 28
0 5
12 17
12 20
12 23
12 25
12 28
0 35
12 34
12 35
13 16
3 28
17 33
9 25
21 35
9 35
5 20
8 17
10 23
12 15
0 17
17 23
17 20
17 35
17 32
8 20
3 20
7 35
17 34
6 35
3 34
