0 2
0 34
17 28
0 6
0 7
14 16
0 10
0 12
7 35
6 17
17 21
11 35
1 9
1 12
3 17
1 23
33 35
2 3
2 5
2 6
2 7
2 8
2 10
2 12
8 17
2 20
9 20
2 28
2 34
3 5
3 6
3 7
16 35
3 10
3 12
17 34
9 25
23 35
8 20
5 6
5 7
10 17
5 10
5 12
19 22
0 35
9 35
6 7
6 10
6 12
28 35
6 20
6 28
7 8
7 10
7 12
0 3
7 20
13 16
7 28
7 34
8 10
8 12
5 35
14 33
9 12
10 23
1 20
4 23
1 17
10 12
17 32
10 20
8 28
10 28
10 34
0 17
3 20
12 17
12 20
12 23
12 25
12 28
25 35
12 34
12 35
13 17
3 28
20 28
2 35
3 34
17 33
0 8
28 34
5 8
25 32
7 23
2 9
5 20
17 35
20 35
0 5
12 15
13 15
0 28
12 14
5 34
