0 2
3 20
0 34
0 6
0 7
32 35
0 10
0 12
9 17
5 17
23 35
7 35
1 9
1 12
3 17
1 23
25 35
2 3
2 5
2 6
2 7
2 8
2 10
2 12
6 35
2 20
9 25
2 28
2 34
3 5
3 6
3 7
14 33
3 10
3 12
8 17
0 3
7 23
8 20
5 6
5 7
10 17
5 10
5 12
4 19
14 16
12 15
6 7
6 10
6 12
0 5
6 20
6 28
7 8
7 10
7 12
9 28
7 20
13 17
7 28
7 34
8 10
8 12
11 35
14 32
9 12
2 23
0 1
22 23
0 17
10 12
17 21
10 20
5 8
10 28
10 34
17 28
20 34
12 17
12 20
12 23
12 25
12 28
17 34
12 34
12 35
16 35
3 28
17 33
10 35
5 34
16 33
0 8
20 28
3 8
15 25
5 20
2 9
17 20
17 35
20 35
28 35
1 35
12 13
0 28
13 35
28 34
