0 2
20 35
0 34
0 6
0 7
15 33
0 10
0 12
32 35
8 17
11 17
2 9
1 9
1 12
5 34
1 23
5 8
2 3
2 5
2 6
2 7
2 8
2 10
2 12
6 17
2 20
19 35
2 28
2 34
3 5
3 6
3 7
13 17
3 10
3 12
23 25
1 28
7 35
12 15
5 6
5 7
9 21
5 10
5 12
4 22
13 14
25 32
6 7
6 10
6 12
0 5
6 20
6 28
7 8
7 10
7 12
9 28
7 20
16 35
7 28
7 34
8 10
8 12
14 17
5 17
9 12
2 23
0 8
3 17
12 16
10 12
17 23
10 20
20 28
10 28
10 34
3 34
20 34
12 17
12 20
12 23
12 25
12 28
9 35
12 34
12 35
28 35
0 35
14 33
25 35
3 28
0 17
8 28
3 20
8 35
13 35
5 20
7 17
17 20
17 35
10 23
0 3
10 35
1 17
0 20
16 33
28 34
