0 2
28 35
28 34
0 6
0 7
12 32
0 10
0 12
17 23
5 8
8 20
5 35
1 9
1 12
3 34
1 23
5 34
2 3
2 5
2 6
2 7
2 8
2 10
2 12
2 35
2 20
20 23
2 28
2 34
3 5
3 6
3 7
20 35
3 10
3 12
9 25
3 28
2 9
15 25
5 6
5 7
17 34
5 10
5 12
16 35
13 33
11 17
6 7
6 10
6 12
0 3
6 20
6 28
7 8
7 10
7 12
19 22
7 20
13 14
7 28
7 34
8 10
8 12
25 35
17 28
9 12
6 17
0 8
1 35
16 33
10 12
7 9
10 20
10 17
10 28
10 34
14 17
16 32
12 17
12 20
12 23
12 25
12 28
17 33
12 34
12 35
3 17
0 17
15 35
12 14
0 5
0 20
9 35
3 20
4 23
13 35
5 28
8 17
8 28
17 35
10 23
20 34
0 28
17 21
0 35
7 35
1 20
