0 2
8 28
28 35
0 6
0 7
4 35
0 10
0 12
14 33
0 8
0 34
11 23
1 9
1 12
3 28
1 23
28 34
2 3
2 5
2 6
2 7
2 8
2 10
2 12
12 16
2 20
0 20
2 28
2 34
3 5
3 6
3 7
20 34
3 10
3 12
13 33
5 8
16 17
13 17
5 6
5 7
32 35
5 10
5 12
9 10
19 22
23 25
6 7
6 10
6 12
5 28
6 20
6 28
7 8
7 10
7 12
7 35
7 20
17 28
7 28
7 34
8 10
8 12
1 20
0 3
9 12
3 35
5 35
20 28
2 9
10 12
12 15
10 20
2 35
10 28
10 34
17 21
25 32
12 17
12 20
12 23
12 25
12 28
7 23
12 34
12 35
8 35
1 35
13 14
9 17
17 34
3 20
17 20
17 25
9 35
10 17
0 23
0 17
17 33
17 35
5 20
5 34
3 8
0 35
15 16
6 17
14 35
