0 2
3 34
1 20
0 6
0 7
17 28
0 10
0 12
14 33
0 5
28 34
0 23
1 9
1 12
3 28
1 23
20 34
2 3
2 5
2 6
2 7
2 8
2 10
2 12
7 9
2 20
0 20
2 28
2 34
3 5
3 6
3 7
28 35
3 10
3 12
17 33
5 8
5 35
0 17
5 6
5 7
10 17
5 10
5 12
33 35
0 8
6 17
6 7
6 10
6 12
5 28
6 20
6 28
7 8
7 10
7 12
2 17
7 20
7 17
7 28
7 34
8 10
8 12
17 23
0 3
9 12
8 35
12 13
15 35
0 35
10 12
12 32
10 20
21 22
10 28
10 34
9 25
11 35
12 17
12 20
12 23
12 25
12 28
9 35
12 34
12 35
2 23
17 34
13 35
4 35
16 32
3 20
3 17
9 10
20 35
14 16
20 28
19 23
13 16
17 35
8 20
5 34
8 28
14 17
1 17
25 35
15 25
