0 2
5 20
28 34
0 6
0 7
33 35
0 10
0 12
8 35
5 34
0 28
1 20
1 9
1 12
0 17
1 23
3 28
2 3
2 5
2 6
2 7
2 8
2 10
2 12
23 35
2 20
20 28
2 28
2 34
3 5
3 6
3 7
0 35
3 10
3 12
1 17
0 5
4 19
20 35
5 6
5 7
14 16
5 10
5 12
34 35
0 8
17 23
6 7
6 10
6 12
5 8
6 20
6 28
7 8
7 10
7 12
17 22
7 20
9 11
7 28
7 34
8 10
8 12
15 33
3 8
9 12
17 21
12 32
3 20
12 13
10 12
8 28
10 20
7 23
10 28
10 34
0 3
2 35
12 17
12 20
12 23
12 25
12 28
7 35
12 34
12 35
13 33
3 35
5 17
10 17
25 32
23 25
9 10
14 17
28 35
17 28
0 34
15 17
16 17
17 35
17 25
20 34
9 20
13 16
2 9
6 35
14 35
