0 2
20 34
17 20
0 6
0 7
14 35
0 10
0 12
16 35
0 20
0 35
0 34
1 9
1 12
13 14
1 23
0 3
2 3
2 5
2 6
2 7
2 8
2 10
2 12
7 17
2 20
0 8
2 28
2 34
3 5
3 6
3 7
3 17
3 10
3 12
7 23
2 35
8 20
4 35
5 6
5 7
15 33
5 10
5 12
17 34
5 34
32 35
6 7
6 10
6 12
5 28
6 20
6 28
7 8
7 10
7 12
15 25
7 20
0 17
7 28
7 34
8 10
8 12
12 32
3 8
9 12
5 8
17 25
28 35
16 33
10 12
8 28
10 20
0 5
10 28
10 34
10 17
9 10
12 17
12 20
12 23
12 25
12 28
3 35
12 34
12 35
12 14
17 33
20 28
6 17
9 17
11 22
23 25
17 28
13 16
34 35
9 35
13 35
19 23
17 35
3 28
5 20
1 28
20 23
1 17
21 35
2 9
