0 2
3 8
13 35
0 6
0 7
4 35
0 10
0 12
28 35
3 28
14 16
0 1
1 9
1 12
20 34
1 23
2 23
2 3
2 5
2 6
2 7
2 8
2 10
2 12
8 28
2 20
3 35
2 28
2 34
3 5
3 6
3 7
28 34
3 10
3 12
15 33
7 23
17 34
13 14
5 6
5 7
13 17
5 10
5 12
12 32
6 35
5 20
6 7
6 10
6 12
9 20
6 20
6 28
7 8
7 10
7 12
12 16
7 20
22 35
7 28
7 34
8 10
8 12
33 35
0 20
9 12
17 28
0 5
3 20
19 21
10 12
14 33
10 20
2 17
10 28
10 34
5 8
20 35
12 17
12 20
12 23
12 25
12 28
9 25
12 34
12 35
1 17
16 35
17 23
9 17
3 17
5 28
17 20
0 28
25 35
10 35
9 10
0 34
7 17
17 35
25 32
15 35
0 8
11 23
0 17
5 34
8 17
