0 2
3 20
16 35
0 6
0 7
3 17
0 10
0 12
34 35
2 17
13 16
20 34
1 9
1 12
21 35
1 23
3 28
2 3
2 5
2 6
2 7
2 8
2 10
2 12
9 10
2 20
3 8
2 28
2 34
3 5
3 6
3 7
28 34
3 10
3 12
23 28
25 35
0 5
2 23
5 6
5 7
17 33
5 10
5 12
12 15
5 34
5 28
6 7
6 10
6 12
20 28
6 20
6 28
7 8
7 10
7 12
25 32
7 20
8 20
7 28
7 34
8 10
8 12
5 17
17 23
9 12
5 8
23 25
8 28
16 33
10 12
32 35
10 20
6 35
10 28
10 34
9 19
7 9
12 17
12 20
12 23
12 25
12 28
0 3
12 34
12 35
14 33
0 35
13 35
0 1
9 17
8 35
28 35
17 20
13 15
20 35
12 14
14 17
0 17
17 35
11 22
0 34
7 35
0 20
1 17
4 17
10 17
