0 2
15 25
17 20
0 6
0 7
7 17
0 10
0 12
9 10
3 35
2 17
20 35
1 9
1 12
13 14
1 23
3 28
2 3
2 5
2 6
2 7
2 8
2 10
2 12
33 35
2 20
3 8
2 28
2 34
3 5
3 6
3 7
0 35
3 10
3 12
28 35
0 1
20 28
3 20
5 6
5 7
25 35
5 10
5 12
12 33
0 3
5 17
6 7
6 10
6 12
0 34
6 20
6 28
7 8
7 10
7 12
32 35
7 20
0 9
7 28
7 34
8 10
8 12
21 35
17 22
9 12
23 35
6 35
28 34
13 16
10 12
10 17
10 20
7 9
10 28
10 34
9 17
4 19
12 17
12 20
12 23
12 25
12 28
5 20
12 34
12 35
14 15
0 5
11 23
17 28
14 16
17 33
13 35
12 32
17 34
20 34
1 35
5 34
8 28
17 35
23 25
8 20
2 23
0 28
16 17
5 8
8 17
