0 2
15 35
5 35
0 6
0 7
3 28
0 10
0 12
6 17
28 35
14 32
20 28
1 9
1 12
21 23
1 23
17 23
2 3
2 5
2 6
2 7
2 8
2 10
2 12
3 8
2 20
5 34
2 28
2 34
3 5
3 6
3 7
0 1
3 10
3 12
12 15
9 25
14 16
0 20
5 6
5 7
17 20
5 10
5 12
3 35
9 10
0 17
6 7
6 10
6 12
34 35
6 20
6 28
7 8
7 10
7 12
13 33
7 20
13 16
7 28
7 34
8 10
8 12
2 35
13 17
9 12
17 34
0 3
3 20
23 35
10 12
20 34
10 20
17 19
10 28
10 34
5 8
25 32
12 17
12 20
12 23
12 25
12 28
20 35
12 34
12 35
2 9
4 11
5 28
1 35
16 35
8 20
28 34
17 28
7 9
7 17
0 23
0 5
17 22
17 35
10 35
12 14
8 28
0 8
17 25
17 33
33 35
