0 2
14 33
14 16
0 6
0 7
3 20
0 10
0 12
3 17
5 28
21 35
20 28
1 9
1 12
9 25
1 23
13 35
2 3
2 5
2 6
2 7
2 8
2 10
2 12
3 8
2 20
5 20
2 28
2 34
3 5
3 6
3 7
0 35
3 10
3 12
13 32
16 17
11 23
0 28
5 6
5 7
17 20
5 10
5 12
2 17
7 9
0 17
6 7
6 10
6 12
8 35
6 20
6 28
7 8
7 10
7 12
5 17
7 20
25 32
7 28
7 34
8 10
8 12
9 35
25 35
9 12
6 17
0 3
3 34
10 23
10 12
20 34
10 20
13 33
10 28
10 34
5 8
23 35
12 17
12 20
12 23
12 25
12 28
20 35
12 34
12 35
17 34
16 35
0 1
17 28
4 35
8 20
28 34
1 35
14 17
2 23
9 28
0 5
19 22
17 35
10 17
12 33
8 28
0 34
7 35
12 15
15 17
