0 2
17 34
21 35
0 6
0 7
3 28
0 10
0 12
5 20
5 28
14 17
8 28
1 9
1 12
20 35
1 23
14 15
2 3
2 5
2 6
2 7
2 8
2 10
2 12
3 8
2 20
23 25
2 28
2 34
3 5
3 6
3 7
0 34
3 10
3 12
13 33
14 16
19 23
0 9
5 6
5 7
17 20
5 10
5 12
2 17
9 17
0 35
6 7
6 10
6 12
2 35
6 20
6 28
7 8
7 10
7 12
33 35
7 20
12 15
7 28
7 34
8 10
8 12
1 17
17 28
9 12
16 33
0 3
3 34
10 23
10 12
1 20
10 20
13 35
10 28
10 34
0 8
8 17
12 17
12 20
12 23
12 25
12 28
20 28
12 34
12 35
4 11
12 16
28 35
17 32
3 35
8 20
0 28
17 25
5 35
9 10
9 35
0 5
17 22
17 35
13 17
7 23
20 34
5 34
6 35
25 32
7 35
