21 22
13 24
18 29
3 14
1 2
17 29
0 26
19 26
12 21
2 12
1 11
3 8
18 20
11 18
10 15
12 19
20 22
0 22
3 10
5 19
10 14
20 21
3 5
2 11
11 17
21 26
2 7
14 21
8 12
9 23
5 14
11 23
0 28
10 12
2 15
3 11
14 23
3 7
7 8
20 26
5 21
19 22
18 24
10 20
0 23
8 21
21 24
3 26
2 24
5 11
5 7
8 15
9 29
1 21
1 6
0 20
9 14
15 26
23 24
7 22
3 23
15 29
22 25
12 14
9 21
6 28
5 20
16 24
7 11
6 10
5 12
7 12
14 15
0 11
7 14
1 29
7 15
2 26
11 28
7 20
7 21
7 26
24 29
15 19
8 11
11 19
2 23
2 8
3 18
14 17
14 22
10 22
9 11
3 17
1 17
14 26
7 19
8 20
3 21
5 8
8 25
9 19
5 22
1 5
8 26
11 12
3 15
11 22
3 28
11 14
5 15
11 15
9 25
2 18
11 20
11 21
11 26
5 29
2 20
17 18
12 20
3 9
0 2
17 20
2 5
5 10
16 27
10 28
1 19
1 13
7 9
17 26
9 12
13 26
5 26
12 26
7 13
1 7
15 23
0 13
4 15
12 22
11 13
7 17
7 18
12 28
1 14
1 3
2 29
6 14
26 28
25 27
6 7
7 24
10 23
1 20
0 21
11 29
3 20
15 18
0 15
9 26
3 13
21 23
