2 15
3 22
15 26
0 5
18 20
14 24
3 9
7 17
9 19
20 25
1 11
15 19
8 28
8 12
1 15
13 15
7 23
9 15
19 26
8 20
3 8
19 21
1 19
2 11
21 26
12 13
1 12
21 29
2 5
0 28
22 24
6 11
10 20
11 28
1 22
3 11
14 26
3 7
0 3
1 3
14 17
3 26
18 28
15 22
7 29
5 14
5 22
5 8
14 15
5 11
5 7
2 7
5 9
11 29
17 28
5 6
9 23
1 5
7 10
22 26
7 19
3 12
8 29
25 26
11 18
9 26
3 20
11 23
7 11
17 24
21 25
18 24
20 24
4 10
7 14
22 23
7 15
12 23
20 28
7 20
7 21
7 26
0 2
11 24
8 11
18 26
8 15
12 17
3 19
2 21
6 9
7 18
9 11
2 26
3 14
13 17
2 3
0 8
21 23
12 14
3 15
2 13
1 26
9 20
7 22
11 12
14 21
11 22
3 10
11 14
3 23
11 15
1 21
14 18
11 20
11 21
11 26
17 23
5 15
1 10
5 26
2 14
18 22
2 20
1 14
0 11
12 21
6 23
12 15
8 13
5 21
2 27
7 9
8 10
17 21
18 21
0 26
1 7
16 19
1 29
3 17
0 25
20 26
10 29
14 23
13 28
5 13
0 7
2 10
16 27
0 22
6 24
15 20
14 20
12 26
10 11
7 12
21 24
2 29
5 12
9 29
10 12
19 29
5 20
