10 15
10 28
20 26
14 20
7 18
7 23
3 6
14 23
20 29
5 12
1 11
5 10
2 5
5 23
8 12
5 21
10 11
9 26
7 29
3 19
6 9
3 26
9 13
8 20
19 24
15 26
9 20
8 15
3 15
9 14
0 26
6 11
9 18
14 18
6 24
3 11
14 26
3 7
10 12
12 14
12 15
8 19
2 14
5 8
5 19
25 26
0 3
15 21
22 28
5 11
5 7
2 7
0 2
6 27
8 23
24 26
1 20
2 12
1 18
5 15
17 22
17 29
3 20
19 20
7 22
1 17
3 17
18 26
7 11
0 23
11 18
20 25
5 9
14 22
7 14
1 5
7 15
2 19
14 29
7 20
7 21
7 26
0 28
11 24
8 11
20 28
2 11
18 25
24 29
0 21
3 21
16 22
9 11
1 12
3 14
13 16
2 21
0 17
12 26
23 26
21 22
10 21
2 10
15 18
0 29
2 3
7 8
11 22
13 17
11 14
11 17
11 15
9 15
11 29
11 20
11 21
11 26
12 24
3 12
11 28
3 5
0 12
22 24
1 13
1 26
17 18
22 26
2 20
2 13
7 10
5 26
25 27
3 10
11 19
14 21
1 22
7 9
1 7
14 15
13 14
10 24
3 9
1 29
11 23
12 20
0 8
21 28
15 23
1 21
21 26
22 23
4 8
7 19
1 8
5 17
13 21
7 12
15 19
12 21
2 15
5 20
7 28
3 29
2 23
