21 23
20 29
14 20
2 15
12 21
1 3
2 3
3 15
1 10
5 12
1 11
15 20
2 5
2 13
22 23
5 14
5 10
0 8
8 22
17 26
9 15
3 26
1 5
2 14
3 8
0 21
11 28
14 15
14 22
5 15
10 28
6 11
24 29
11 29
19 28
3 11
0 1
3 7
0 15
6 16
3 19
10 12
26 28
17 25
15 21
5 13
8 12
20 23
8 26
5 11
5 7
10 17
12 20
9 23
26 29
1 26
2 21
3 17
24 27
1 9
21 22
0 29
6 12
2 7
7 22
6 10
7 19
7 10
7 11
2 26
20 26
2 10
5 21
1 14
7 14
11 17
7 15
20 22
13 29
7 20
7 21
7 26
6 24
11 24
8 11
14 17
1 8
8 14
25 26
7 23
11 12
13 18
9 11
2 11
5 19
18 26
0 26
19 24
12 26
1 17
3 22
18 29
2 9
3 23
0 11
3 21
7 8
11 22
7 28
11 14
12 14
11 15
0 5
18 22
11 20
11 21
11 26
12 23
3 12
13 15
3 5
20 21
15 26
4 9
10 13
7 24
19 21
1 21
8 23
2 18
5 26
25 27
28 29
0 7
9 12
1 18
7 9
1 7
9 14
18 20
2 22
8 21
17 22
21 29
7 18
14 26
2 20
3 9
15 16
11 18
15 24
14 23
13 19
20 25
15 19
3 20
12 17
5 9
0 3
12 28
5 20
11 19
14 24
10 23
