12 18
5 23
7 19
0 7
5 8
2 21
8 26
3 12
0 1
24 27
1 11
7 22
8 9
2 25
20 21
5 18
0 21
9 29
3 15
14 18
3 23
5 26
1 20
3 14
2 10
9 26
2 20
14 26
11 19
21 22
17 20
6 11
6 23
10 11
19 21
3 11
25 28
3 7
0 29
10 21
18 21
6 16
3 5
15 20
0 17
5 17
2 3
23 25
9 20
5 11
5 7
15 26
0 3
15 17
20 26
3 9
16 18
0 26
1 8
8 11
12 26
7 18
10 14
14 28
11 22
10 18
10 23
23 29
7 11
5 12
2 26
8 17
7 17
14 29
7 14
20 23
7 15
19 26
8 15
7 20
7 21
7 26
2 23
14 22
9 28
1 21
3 29
3 6
3 21
7 12
11 12
5 10
0 19
2 11
5 15
11 13
2 14
1 29
1 28
12 17
24 26
1 15
14 21
3 22
12 14
18 20
7 9
11 24
15 21
11 14
2 22
11 15
10 26
5 24
11 20
11 21
11 26
25 27
12 22
1 19
5 29
8 12
15 28
2 7
15 24
2 19
3 13
11 23
2 9
19 24
1 26
12 13
0 12
5 21
10 15
8 22
7 8
1 7
7 28
2 5
22 24
10 28
3 24
17 18
13 20
7 29
13 14
4 9
3 20
0 11
12 20
8 23
6 13
5 22
9 11
21 26
12 15
1 13
22 26
14 20
1 14
15 19
9 17
11 29
