5 10
12 14
12 26
15 20
10 23
8 21
1 26
1 10
2 8
2 25
1 11
0 5
7 13
20 28
14 23
20 23
12 24
20 29
9 13
6 26
9 14
3 14
3 5
2 11
11 29
2 3
2 7
6 24
0 14
0 2
2 9
14 29
18 21
19 24
12 15
3 11
15 17
3 7
7 8
3 22
5 21
2 26
5 20
1 21
3 17
0 22
5 15
3 26
5 12
5 11
5 7
8 12
10 12
15 22
1 3
1 23
8 9
8 24
6 12
7 22
21 26
0 21
1 20
3 15
3 18
19 21
0 17
16 25
7 11
3 8
12 20
7 12
5 23
9 26
7 14
1 28
7 15
2 14
11 28
7 20
7 21
7 26
10 14
3 12
8 11
7 23
20 21
0 1
12 22
11 23
14 26
18 23
9 11
5 28
15 28
15 26
6 29
20 22
9 15
1 25
17 19
11 19
3 10
14 15
9 21
11 12
23 26
11 22
17 21
11 14
3 19
11 15
2 15
10 20
11 20
11 21
11 26
3 4
18 28
12 19
14 18
5 14
9 25
10 13
2 5
9 18
16 27
8 29
0 11
2 29
7 9
7 29
1 15
13 17
5 26
10 21
0 20
1 7
2 22
0 7
6 13
10 24
11 13
7 19
17 26
8 19
5 18
20 26
15 21
21 22
23 29
24 27
8 17
1 2
7 24
11 18
14 24
11 17
3 28
18 26
22 29
5 22
19 26
13 20
