7 23
2 20
18 26
7 18
1 29
9 19
0 14
10 20
15 20
15 29
1 11
2 8
21 23
17 19
8 29
2 29
2 5
12 23
4 22
8 11
1 21
5 12
21 26
0 21
12 15
20 24
19 26
3 26
15 21
25 27
11 17
6 11
2 10
1 26
3 14
3 11
7 9
3 7
17 25
12 20
14 19
22 26
2 21
3 10
10 14
1 20
9 17
23 24
18 22
5 11
5 7
1 22
9 16
0 1
1 9
8 9
12 22
6 20
12 28
9 21
5 9
2 14
9 14
0 11
11 18
5 17
15 23
7 17
7 11
24 28
11 22
2 23
3 19
5 26
7 14
8 26
7 15
2 12
19 28
7 20
7 21
7 26
14 21
15 19
0 12
0 20
0 5
12 21
0 28
7 22
11 12
26 28
2 3
2 11
3 5
21 29
3 23
20 29
5 20
14 15
15 17
3 17
1 12
10 11
11 29
8 10
9 18
11 24
0 16
11 14
1 10
11 15
3 15
14 23
11 20
11 21
11 26
12 19
1 3
13 17
7 12
6 22
15 24
7 13
5 14
3 18
13 25
8 18
3 12
13 18
2 26
6 14
0 7
7 10
5 8
26 29
7 8
1 7
11 19
14 26
13 21
24 26
10 24
9 13
3 20
18 28
2 24
20 22
6 27
13 22
5 21
1 23
15 26
8 21
14 20
3 8
3 22
25 26
5 15
11 28
5 29
10 15
2 7
5 23
