7 23
2 22
1 26
14 25
5 20
5 12
1 14
0 21
19 20
0 12
1 11
15 26
11 23
9 26
8 10
13 25
1 9
1 10
3 22
0 1
18 29
5 26
5 22
2 21
6 24
8 15
13 28
3 26
1 2
11 13
11 17
6 11
16 25
21 26
19 24
3 11
7 9
3 7
3 19
12 14
4 23
20 21
5 10
17 24
3 8
13 15
8 11
14 26
12 29
5 11
5 7
1 24
5 23
15 17
15 29
6 14
9 27
10 21
3 10
5 18
9 29
8 22
18 28
0 15
11 18
2 10
13 17
18 26
7 11
20 26
18 20
19 26
2 15
5 14
7 14
14 15
7 15
19 23
3 17
7 20
7 21
7 26
20 22
2 14
3 23
9 14
10 20
9 20
10 28
7 22
11 12
0 11
13 29
2 11
14 21
23 26
1 15
3 6
9 11
8 21
17 22
28 29
10 15
12 21
11 29
17 26
0 20
11 24
6 16
11 14
22 27
11 15
3 18
12 18
11 20
11 21
11 26
8 17
2 3
0 22
7 12
5 9
12 26
1 22
5 15
5 21
7 28
2 9
14 20
8 20
8 25
3 24
0 7
7 10
3 21
1 19
7 8
1 7
11 19
1 20
26 29
2 17
7 19
3 12
8 28
2 28
21 23
5 29
2 5
9 12
3 14
15 24
7 13
14 23
18 21
12 22
12 23
2 20
3 5
0 19
21 24
12 15
2 7
0 26
