11 23
3 18
2 20
9 23
7 22
5 8
9 11
7 8
21 24
3 13
2 5
13 17
0 28
11 27
10 29
21 23
1 5
14 17
20 26
21 25
2 3
2 29
11 17
0 23
0 15
11 29
2 21
21 26
9 22
14 23
12 14
2 12
7 14
18 19
5 12
3 11
0 7
3 7
13 20
24 29
19 20
6 8
5 21
5 14
7 21
15 21
3 8
5 28
17 29
5 11
14 24
7 23
18 26
7 20
7 19
5 19
6 27
1 21
12 24
14 26
12 15
12 22
15 17
12 26
8 29
10 23
1 22
10 21
7 11
3 28
3 26
1 20
7 15
15 20
2 17
7 10
0 11
10 28
0 12
1 24
15 22
7 26
15 26
2 10
5 17
2 9
9 10
1 12
6 16
15 23
11 12
8 26
3 5
2 11
25 28
23 26
21 29
13 22
14 18
8 11
1 17
6 11
11 18
3 15
9 15
19 26
3 14
10 26
17 21
11 14
7 24
11 15
6 22
5 18
11 20
11 21
11 26
10 11
12 13
8 15
7 12
20 22
0 19
9 26
3 21
16 25
8 9
12 23
3 20
8 20
0 9
3 19
0 20
11 22
1 9
3 10
12 18
1 7
0 24
7 29
1 18
7 18
5 24
2 14
5 15
2 26
8 14
11 19
1 2
7 9
26 29
14 15
20 21
5 20
14 20
1 3
1 13
14 28
5 26
4 19
3 22
22 28
2 7
13 25
