11 23
10 14
18 20
9 28
7 22
10 23
9 11
7 8
1 8
3 12
12 29
11 17
1 19
2 20
12 26
2 9
1 9
3 20
15 22
0 14
23 25
15 28
3 22
15 26
8 26
11 24
13 28
26 28
2 17
11 18
26 27
1 21
7 14
21 23
15 25
3 11
18 28
3 7
13 20
4 6
3 29
10 20
7 17
19 26
7 21
12 13
11 16
3 8
3 21
5 11
1 23
12 21
14 21
7 20
5 22
7 10
24 25
1 22
5 14
3 23
8 9
12 20
2 14
0 29
0 5
28 29
19 20
12 17
7 11
8 24
3 26
19 21
7 15
14 22
9 12
26 29
0 11
9 14
1 24
14 26
1 12
7 26
2 15
2 5
5 21
7 18
5 10
2 21
14 15
13 15
11 12
20 21
3 5
2 11
13 25
8 10
15 23
21 22
5 7
8 11
12 15
6 11
0 23
10 17
9 18
15 20
1 18
8 21
0 21
11 14
7 29
11 15
11 29
19 29
11 20
11 21
11 26
10 11
13 17
5 9
7 12
2 29
2 18
13 27
15 24
3 10
21 26
8 14
2 26
1 5
2 23
14 19
19 24
11 22
3 9
15 17
7 19
1 7
3 15
14 18
0 3
20 28
1 26
5 12
6 23
0 24
10 24
12 22
5 19
7 9
2 3
1 20
5 20
0 17
0 7
5 8
22 26
3 14
5 26
18 22
17 26
6 20
2 7
6 16
