5 15
14 20
3 22
14 26
22 26
12 20
8 21
2 3
3 16
13 25
2 5
9 12
3 5
1 24
20 24
17 28
6 7
8 19
0 2
0 8
10 14
6 13
14 15
11 28
11 29
7 19
1 11
5 14
23 26
9 15
20 29
23 29
7 14
7 10
2 8
3 11
2 17
3 7
3 18
4 6
26 29
8 15
19 29
1 20
7 21
20 26
3 14
16 26
5 12
5 11
15 21
0 3
22 24
7 20
10 21
10 22
0 7
3 15
9 28
1 12
9 14
24 27
24 28
5 21
2 26
15 25
23 25
13 26
7 11
9 26
3 26
12 22
7 15
13 20
15 17
0 11
2 20
3 29
8 28
5 26
8 20
7 26
18 24
1 17
2 15
0 19
11 13
18 26
7 8
2 21
11 12
3 12
2 14
2 11
10 18
12 21
11 23
3 21
5 7
8 11
15 26
1 9
3 23
10 11
13 15
1 15
14 23
10 29
5 17
11 14
18 21
11 15
12 19
0 21
11 20
11 21
11 26
1 23
14 22
0 28
7 12
11 17
2 28
3 19
15 22
1 22
5 23
14 29
12 18
7 22
3 20
5 29
20 23
9 19
14 21
2 12
10 20
1 7
21 23
9 17
0 10
8 13
5 10
12 14
11 25
6 18
12 26
1 5
6 27
1 26
5 22
0 1
19 20
9 21
7 9
18 22
9 11
7 17
5 8
21 24
17 24
7 18
2 7
11 19
