2 21
5 13
3 14
11 19
1 15
11 28
3 7
1 6
12 21
8 10
5 21
12 29
12 15
22 23
2 15
17 19
0 2
3 23
8 15
9 21
14 19
1 13
1 20
5 12
14 20
20 21
1 11
1 19
1 29
25 26
10 19
13 16
20 23
6 29
5 19
3 11
3 5
10 14
3 10
4 25
19 29
17 22
12 22
11 17
7 20
11 23
24 28
18 28
22 29
5 11
12 26
7 23
0 10
5 8
8 20
6 27
7 9
11 22
7 22
5 14
1 2
5 20
20 22
2 5
3 12
2 8
5 9
9 12
7 11
14 21
3 26
21 26
7 26
3 8
9 14
3 17
0 15
10 11
14 15
23 26
9 26
5 10
3 25
12 24
20 29
3 20
20 28
9 13
7 13
8 26
11 12
15 20
2 9
2 11
1 26
2 14
1 23
18 23
5 7
14 24
15 24
1 7
2 22
15 18
0 14
0 5
13 15
7 17
22 26
11 14
11 18
11 15
3 27
7 28
11 20
11 21
11 26
8 11
7 15
0 24
7 12
21 22
3 19
7 18
9 11
2 26
1 8
26 29
17 21
8 21
7 24
10 15
9 16
5 15
18 21
2 3
10 21
3 15
13 18
10 26
14 26
7 21
20 26
24 25
6 11
18 19
12 14
17 18
12 20
1 3
0 11
7 14
6 22
9 29
23 24
0 7
17 26
23 29
5 28
2 12
0 21
8 17
2 7
0 28
