9 20
5 26
23 26
23 27
1 29
2 13
3 7
0 7
2 21
1 14
0 15
7 19
6 21
12 20
15 21
2 23
0 10
17 24
20 23
13 24
16 26
6 17
11 29
5 12
22 26
3 21
1 11
18 25
3 24
17 21
5 9
11 18
2 20
12 21
5 14
3 11
15 25
12 19
3 9
14 29
10 28
26 28
17 20
7 24
7 20
10 11
7 29
23 28
25 27
5 11
0 21
4 16
2 3
1 9
1 5
0 9
0 12
9 19
10 22
14 18
8 22
0 3
5 8
2 5
3 18
2 15
5 29
12 23
7 11
15 20
3 26
5 17
7 26
9 14
8 11
3 20
14 15
12 26
6 23
24 26
1 22
9 21
18 22
0 28
13 29
2 8
7 10
3 14
2 29
7 28
11 12
14 21
5 21
2 11
1 26
12 15
19 24
1 17
5 7
11 19
0 26
7 8
3 5
5 23
13 20
11 17
11 22
15 26
3 19
11 14
1 23
11 15
10 14
7 18
11 20
11 21
11 26
11 24
7 15
20 21
7 12
8 26
9 13
6 28
7 9
3 10
8 20
19 21
8 17
1 2
7 17
1 24
10 19
5 28
20 22
3 12
15 18
3 15
0 18
14 20
18 29
7 21
13 22
8 21
6 11
20 26
14 22
8 15
1 15
1 3
11 23
7 14
14 26
15 29
12 25
5 22
10 12
19 22
8 10
2 12
11 13
2 14
2 7
9 26
