8 14
5 18
14 24
14 28
1 3
2 3
3 7
2 8
12 21
9 20
3 20
6 14
0 10
0 11
1 5
2 15
0 13
2 12
26 29
1 20
2 17
9 28
15 18
7 29
0 8
9 26
1 11
10 16
2 29
21 23
3 10
11 23
18 19
1 14
15 26
3 11
2 21
5 8
5 15
9 22
0 5
1 9
1 26
7 24
7 20
12 20
9 29
12 26
21 28
5 11
12 17
14 15
5 26
21 29
3 19
18 27
23 25
5 24
22 26
13 20
9 14
5 25
3 9
16 25
12 19
3 22
10 15
2 5
7 11
21 22
3 26
7 23
7 26
11 22
11 17
4 27
7 8
6 10
8 11
1 12
5 14
15 17
7 22
15 20
24 28
7 19
20 29
3 18
0 26
6 21
11 12
1 2
12 28
2 11
10 14
20 22
6 18
24 26
5 7
10 11
8 22
9 12
5 20
0 7
7 9
2 23
1 25
12 22
5 10
11 14
13 23
11 15
14 20
8 21
11 20
11 21
11 26
11 24
7 15
15 21
1 7
11 18
7 17
2 7
5 21
3 24
17 21
3 14
17 28
12 29
17 24
8 15
20 23
20 26
23 26
3 12
1 23
2 26
8 17
7 13
5 19
7 21
3 23
12 14
1 19
0 19
15 22
13 19
3 21
18 26
11 13
7 14
13 18
6 20
0 15
10 19
10 22
21 26
3 15
0 14
11 29
8 29
2 28
9 11
