26 29
0 28
2 19
0 7
2 17
5 18
0 15
1 20
6 24
14 26
1 11
5 22
23 28
14 20
2 20
26 28
2 3
3 23
1 8
14 23
2 9
24 29
17 25
2 11
15 23
1 14
11 19
19 24
22 23
9 21
5 13
21 22
15 21
0 5
15 25
3 11
3 5
3 7
5 17
3 18
1 12
12 20
7 9
3 9
0 29
8 20
14 19
3 26
2 26
5 11
5 7
2 7
10 22
0 26
1 28
20 21
3 19
13 21
7 24
16 25
9 20
12 23
9 22
15 20
22 29
3 15
3 28
19 20
7 11
3 12
20 26
5 8
9 14
5 10
7 14
8 14
7 15
18 26
11 24
7 20
7 21
7 26
1 24
5 21
8 11
7 22
8 29
2 23
5 12
1 15
11 17
9 10
9 11
2 6
0 11
21 26
8 19
7 19
5 19
14 21
18 29
2 15
10 11
10 18
3 17
11 12
10 17
11 22
12 15
11 14
10 26
11 15
1 26
22 26
11 20
11 21
11 26
12 26
2 8
11 28
7 13
5 20
7 18
8 24
0 20
21 23
16 27
0 21
13 26
1 3
5 23
4 14
7 10
0 13
1 17
12 29
6 29
1 7
14 22
14 17
13 20
9 12
3 24
18 22
2 14
15 26
11 29
9 15
3 8
12 21
6 15
8 12
12 14
10 27
7 28
11 23
7 12
18 25
3 21
2 10
5 15
1 21
17 18
6 13
