9 29
8 25
5 10
3 14
7 8
3 21
12 15
10 24
23 26
0 12
1 11
7 10
19 23
6 24
2 21
7 19
7 23
4 12
9 18
2 15
14 18
1 28
12 21
2 11
5 23
2 22
18 26
2 5
21 22
16 19
7 22
6 11
0 24
6 28
8 10
3 11
20 21
3 7
2 20
1 3
5 19
3 26
5 22
1 15
1 12
5 14
0 1
13 15
0 3
5 11
5 7
2 7
15 23
8 20
21 29
5 6
1 2
1 5
7 24
0 15
14 23
3 12
11 17
12 14
8 29
9 28
8 18
11 23
7 11
8 28
11 13
3 18
10 20
26 29
7 14
14 22
7 15
0 28
11 24
7 20
7 21
7 26
3 10
3 22
8 11
14 19
20 23
21 23
22 29
9 17
3 15
20 22
9 11
2 26
3 20
7 18
2 3
9 21
15 26
13 19
25 27
18 20
1 26
14 20
1 20
11 12
14 21
11 22
21 26
11 14
17 18
11 15
8 15
0 22
11 20
11 21
11 26
5 12
5 15
0 21
14 29
22 27
18 24
13 17
16 20
0 11
19 26
14 26
2 9
0 5
5 20
2 10
8 13
5 29
13 25
7 28
9 10
1 7
3 29
7 17
21 24
2 14
3 5
17 26
15 21
1 13
15 25
24 26
28 29
1 23
8 12
11 19
9 26
12 17
3 9
10 11
7 12
10 26
2 17
12 26
6 17
14 15
9 12
19 20
