20 34
18 34
3 31
27 33
39 40
20 28
7 24
17 27
19 40
22 44
0 30
17 23
0 23
18 39
13 31
18 35
20 23
23 37
27 34
21 29
36 41
29 35
5 13
10 21
3 40
0 5
5 24
19 28
24 25
40 44
5 40
0 12
12 31
23 27
3 28
22 36
33 34
12 36
3 36
35 41
5 27
20 39
21 36
18 20
2 21
39 44
0 13
31 44
13 40
17 28
29 42
11 43
27 39
0 20
19 33
31 33
23 40
2 41
34 44
2 24
12 13
12 23
27 44
33 44
12 40
12 34
13 18
13 17
13 34
19 39
12 33
30 40
13 20
4 11
16 40
5 33
3 27
24 35
13 28
28 40
2 15
13 27
7 15
5 23
20 21
13 33
11 39
17 33
38 41
13 29
30 33
17 34
3 20
13 19
12 20
20 33
26 37
5 12
19 27
9 25
23 39
12 37
3 12
25 29
12 18
3 34
18 28
20 40
29 30
1 5
2 25
28 44
5 37
37 41
12 28
0 33
12 39
12 44
20 27
19 34
27 37
13 39
0 40
17 20
28 34
19 35
3 19
25 41
17 31
12 17
17 44
27 40
17 39
28 33
3 17
23 26
10 12
20 30
34 35
34 37
18 44
22 41
3 44
34 40
23 31
27 28
2 33
0 18
27 30
15 19
25 30
18 40
1 21
13 30
1 18
12 27
5 30
0 34
23 33
10 20
2 29
22 26
35 36
31 40
33 37
13 23
18 33
3 13
19 37
33 40
9 43
27 31
20 44
28 39
13 21
17 40
3 33
24 29
5 20
21 25
20 31
29 36
0 39
13 44
7 42
8 9
16 35
23 34
