33 39
3 17
11 25
27 33
7 22
9 24
5 20
13 19
18 31
27 42
28 36
21 33
24 36
0 29
9 30
20 23
31 34
13 36
34 35
0 23
5 33
20 28
0 13
25 34
13 17
25 41
23 40
31 41
40 44
5 23
19 30
12 27
19 33
18 34
20 44
12 17
23 28
36 44
28 40
0 33
3 5
21 34
0 40
40 41
11 37
25 37
13 44
12 21
8 37
2 39
13 30
7 29
0 20
28 43
33 34
1 36
5 18
13 34
17 27
1 21
5 27
22 35
2 42
15 38
9 15
26 37
13 18
13 35
12 34
23 34
12 33
2 35
13 20
20 27
12 28
17 23
39 40
20 31
3 44
27 40
18 35
12 23
17 30
15 41
5 13
13 33
3 23
28 39
17 19
3 33
29 44
4 37
19 23
2 37
12 20
23 39
35 43
30 33
18 33
0 27
0 3
19 20
17 20
13 39
28 44
18 21
13 28
20 40
3 27
3 28
13 40
31 39
10 16
3 34
24 41
20 21
12 40
13 27
20 29
27 28
5 28
12 30
10 22
19 31
18 29
5 40
3 20
12 31
19 40
39 44
30 39
19 27
17 33
18 27
5 17
30 40
13 21
17 39
18 19
12 18
27 39
10 37
28 33
34 40
18 41
27 34
17 44
11 24
21 44
20 39
29 35
3 12
12 44
13 23
3 40
3 13
16 37
2 36
12 25
2 25
22 26
20 30
31 40
5 34
20 33
0 34
23 33
23 27
24 31
33 40
24 25
17 40
12 39
26 41
0 12
29 31
20 34
33 44
5 12
1 37
0 44
7 35
12 13
19 34
2 29
33 36
29 40
27 44
