20 36
2 22
0 13
27 33
23 40
34 39
0 19
0 40
12 39
12 44
3 12
0 23
19 29
25 31
8 15
13 28
30 40
27 30
2 37
30 34
24 40
31 38
13 39
13 29
2 29
29 33
27 37
17 34
35 40
40 44
28 44
12 27
20 30
3 39
12 30
39 40
33 34
19 20
3 40
23 41
26 36
17 23
0 20
0 17
29 31
19 27
20 34
13 44
11 24
18 33
21 30
18 34
20 21
5 13
0 12
5 28
5 40
17 44
18 21
3 23
13 35
29 35
17 28
3 5
19 40
12 34
5 44
18 37
13 34
20 44
12 33
33 39
13 20
27 34
5 23
5 34
16 37
23 28
3 13
27 40
2 36
13 27
21 25
0 44
35 41
13 33
12 13
34 44
19 33
3 44
23 39
33 41
7 37
21 34
12 20
3 33
11 30
20 23
17 18
12 17
3 34
2 25
5 39
23 44
1 11
12 18
3 27
20 40
16 35
17 40
13 40
24 30
12 19
19 34
1 22
22 37
12 40
0 31
20 27
12 23
37 42
31 35
5 20
13 17
25 29
7 41
3 28
20 39
28 34
10 22
18 36
21 35
27 35
28 33
18 26
0 27
3 17
13 23
3 20
10 18
12 28
13 25
18 20
34 40
4 9
33 44
21 33
13 41
17 27
18 19
9 36
28 39
10 24
28 40
17 20
7 30
28 43
24 39
0 33
5 25
5 12
2 31
12 41
9 37
20 33
29 40
23 33
27 29
31 41
33 40
15 36
5 27
39 44
25 33
27 44
12 24
1 26
21 31
31 37
13 19
20 28
2 43
19 39
17 33
23 27
31 36
15 42
13 18
