20 23
27 33
3 5
30 40
0 23
33 37
40 44
5 27
0 40
0 34
5 33
13 44
29 40
10 24
23 25
18 39
3 27
21 44
19 20
5 20
13 28
29 39
17 30
37 40
1 36
3 12
12 44
12 28
9 35
5 13
19 27
12 27
16 42
11 13
7 9
0 13
20 31
5 39
35 38
21 31
13 18
12 31
34 39
23 35
17 20
12 19
28 33
24 25
3 17
18 20
5 18
12 18
21 25
25 36
0 12
39 44
4 26
13 34
18 37
28 34
29 33
34 40
15 33
3 40
22 30
0 33
31 33
18 31
2 41
18 40
12 33
23 33
13 20
13 27
2 24
27 37
13 17
7 20
27 35
27 40
12 37
39 40
13 39
5 28
20 27
13 33
17 18
12 35
17 27
20 39
36 41
17 39
3 19
28 40
12 20
0 37
27 39
7 43
34 44
23 39
0 20
2 26
11 35
19 40
25 41
2 16
23 40
20 40
29 34
2 36
13 40
20 34
13 22
21 42
20 28
21 36
12 40
17 37
13 31
19 22
17 33
17 23
18 34
3 34
13 19
19 28
23 31
20 44
13 30
12 23
5 12
8 33
10 18
28 29
33 34
0 44
1 10
20 29
5 44
0 27
3 33
1 25
15 19
12 39
3 13
15 30
19 34
23 37
17 31
5 17
29 35
31 40
22 41
13 23
21 41
5 40
27 34
2 25
3 29
19 44
3 20
30 36
0 3
27 44
2 21
28 44
23 34
33 39
24 41
33 40
3 44
20 33
30 31
24 26
12 34
36 43
17 28
23 27
37 41
11 28
12 29
21 30
12 13
27 28
34 35
18 30
9 24
33 44
