12 19
27 33
3 39
0 12
16 40
30 35
19 40
41 44
27 31
30 36
5 40
5 23
25 30
17 40
20 28
2 24
5 27
0 27
13 44
18 20
20 31
29 44
4 30
26 42
18 29
3 12
12 28
25 41
9 41
13 39
24 41
12 27
21 27
18 33
7 41
28 39
23 39
12 39
5 28
18 39
27 34
12 31
28 34
19 41
18 27
19 33
28 33
19 23
15 19
24 44
20 35
2 38
8 36
25 40
39 44
10 11
24 25
13 34
0 3
3 13
36 43
34 40
9 37
3 40
23 34
35 36
0 20
1 37
20 21
30 40
12 33
15 42
13 20
13 27
12 30
13 19
12 17
5 13
30 37
27 40
3 33
22 36
33 39
39 40
20 27
13 33
5 17
2 37
18 23
24 29
0 40
3 27
26 33
28 40
12 20
19 21
0 31
5 20
34 44
1 15
22 37
18 44
29 33
21 28
29 40
31 34
12 23
20 40
13 28
27 28
13 40
20 34
1 22
29 37
28 44
10 26
12 40
25 44
13 18
13 36
17 33
17 28
3 17
3 23
17 34
19 34
20 23
20 44
23 28
33 35
2 11
5 34
34 36
25 29
33 34
31 44
13 35
29 31
5 12
39 43
17 18
21 34
23 33
0 30
13 17
19 20
0 21
13 30
27 39
23 40
13 23
11 17
0 41
17 23
0 13
27 35
5 33
2 10
3 34
17 27
3 20
2 29
24 37
0 44
16 25
40 44
3 18
12 35
2 22
33 40
20 39
20 33
3 37
7 37
12 34
12 18
21 31
23 27
31 33
17 20
19 35
13 31
12 13
12 21
5 18
5 39
7 9
33 44
