0 20
27 33
27 35
3 33
21 40
3 34
29 37
2 43
5 27
34 40
12 19
16 31
24 37
25 36
12 28
17 21
13 39
7 8
13 44
17 44
2 27
5 44
5 20
17 27
2 24
21 39
9 41
25 41
0 3
17 33
25 26
12 27
5 39
11 22
11 25
17 28
0 13
24 30
2 40
1 31
27 34
5 33
19 40
30 33
7 41
3 23
17 40
17 19
23 40
31 33
28 39
30 40
13 31
17 23
27 31
29 44
19 30
13 34
22 41
13 18
21 30
29 39
31 40
7 27
19 33
13 19
11 36
12 23
23 39
13 38
12 33
12 34
13 20
13 27
5 40
23 31
12 39
23 28
10 36
27 40
3 17
13 35
0 34
18 44
20 27
13 33
19 44
22 25
35 37
15 43
12 18
18 29
19 23
12 31
12 20
24 36
17 34
30 37
0 12
28 40
20 39
0 40
20 21
18 42
23 33
3 39
18 37
20 40
20 28
28 34
13 40
20 34
3 13
40 44
20 29
24 35
12 40
27 28
19 27
0 44
25 37
18 35
26 36
5 13
3 12
3 20
20 23
20 44
35 36
13 29
21 34
10 30
23 34
4 37
33 34
3 27
3 28
2 30
12 42
3 40
33 35
39 40
20 31
5 34
15 36
19 20
12 17
2 12
9 16
0 28
13 23
18 23
26 37
0 39
0 5
1 22
33 39
15 41
27 44
0 33
18 28
18 33
13 25
12 44
5 21
34 44
37 39
13 28
18 20
33 40
29 35
20 33
5 18
19 34
5 12
31 34
24 41
23 27
21 41
17 20
17 30
9 29
12 13
2 10
1 29
28 33
3 44
33 44
