12 30
27 33
2 37
21 41
19 27
18 19
12 37
21 36
17 19
34 40
12 34
5 21
27 44
2 4
20 25
13 34
13 44
3 13
9 24
0 3
31 39
7 8
34 44
3 17
2 26
0 20
0 12
24 30
17 22
17 33
28 40
12 27
15 43
5 13
9 30
0 40
22 24
29 33
5 36
12 29
27 34
5 33
25 37
12 23
7 16
21 30
18 37
0 33
23 40
13 31
12 39
41 42
36 41
17 34
17 31
1 27
23 44
20 31
21 24
35 36
0 39
1 2
5 11
2 19
26 30
1 36
22 43
20 39
39 40
19 37
12 33
18 20
13 20
13 39
27 28
13 27
3 39
19 31
5 7
27 40
33 36
25 27
19 34
24 41
20 27
13 33
31 40
21 35
38 42
13 18
3 12
13 35
12 18
17 40
12 20
10 37
23 25
3 27
18 23
3 40
20 44
40 41
15 20
11 35
3 28
9 41
18 28
20 40
18 39
5 34
13 40
20 34
29 40
40 44
3 33
17 20
12 40
5 30
15 25
13 23
20 29
18 33
34 39
20 28
10 21
11 13
28 39
13 19
25 40
28 34
5 18
5 20
23 34
29 44
33 34
18 40
27 36
23 33
0 34
2 17
22 35
23 29
17 27
3 20
13 17
31 37
12 17
5 19
3 44
13 29
10 35
12 44
26 37
18 34
23 37
2 30
28 44
0 29
16 21
12 19
27 39
28 33
13 24
23 28
5 35
12 31
0 23
13 28
3 31
33 40
31 44
20 33
19 40
39 44
0 44
12 28
17 30
3 34
0 27
20 23
30 33
25 33
12 13
35 41
33 39
28 29
23 27
33 44
