1 37
27 33
26 29
5 12
3 28
5 18
20 28
25 41
3 12
0 36
23 34
1 41
21 24
17 30
5 19
13 34
40 44
2 36
29 34
13 28
11 36
12 36
23 28
13 21
3 33
34 39
28 39
3 27
29 31
22 37
17 23
2 27
18 27
25 37
21 40
24 36
17 27
13 17
3 40
18 44
27 34
37 41
9 16
18 34
5 23
20 44
23 44
20 27
23 40
10 43
31 40
2 3
3 20
30 33
5 34
19 34
13 23
0 23
18 39
18 40
13 31
28 33
13 35
17 33
7 31
13 18
17 20
18 20
7 40
12 17
12 33
39 44
13 20
13 39
7 25
13 27
28 40
3 17
3 23
27 40
25 30
26 35
20 21
12 28
27 39
13 33
36 37
19 28
25 31
12 19
33 35
0 26
0 8
29 41
3 19
10 15
22 38
11 35
9 20
35 39
5 44
13 19
1 15
4 39
19 40
12 34
12 23
20 40
20 34
17 28
13 40
35 36
34 40
24 31
5 39
19 27
12 40
17 44
12 39
33 39
23 27
18 33
13 42
17 40
12 21
20 39
0 37
20 30
29 44
0 22
13 25
21 35
22 29
19 20
33 34
16 41
0 29
23 33
27 44
0 12
41 42
5 33
20 31
2 37
3 13
21 39
13 44
12 18
29 33
34 44
18 19
31 37
11 21
30 31
3 44
3 30
17 34
19 33
12 44
2 43
12 20
5 20
2 10
31 41
0 40
5 28
12 27
2 33
12 30
33 40
15 37
20 33
29 40
24 35
27 28
30 40
28 34
5 17
13 24
20 23
5 27
9 25
12 13
18 23
0 27
30 34
0 24
33 44
