5 13
27 33
33 39
12 35
29 44
19 39
0 40
17 41
9 20
28 40
0 18
0 12
27 34
12 19
29 34
5 33
18 40
34 35
25 30
0 44
3 40
1 31
5 27
23 39
13 19
17 20
20 23
13 28
17 30
20 44
5 40
17 27
23 44
12 44
11 16
22 23
31 33
13 17
40 44
2 17
5 20
33 35
3 27
0 33
31 34
21 37
0 5
20 27
13 23
27 28
24 37
15 31
21 44
26 43
10 11
12 24
21 28
35 39
17 18
21 22
24 36
26 31
19 35
1 37
29 40
24 25
12 39
23 27
2 30
19 33
18 33
12 28
13 20
12 31
34 44
13 27
20 31
27 39
7 30
27 40
12 33
23 40
3 5
13 34
13 31
13 33
9 25
25 38
19 44
3 29
3 20
3 28
3 33
0 27
16 42
19 40
37 41
30 37
3 22
3 23
27 29
10 40
0 13
5 29
22 34
12 34
17 35
20 40
20 34
20 39
13 40
36 42
34 40
27 31
1 10
23 34
12 40
5 28
29 33
11 25
12 18
39 40
21 30
13 37
34 39
17 23
7 25
18 27
5 34
5 18
5 12
28 33
3 34
2 36
33 34
21 24
12 17
23 33
12 23
4 36
3 13
23 28
18 20
29 41
24 30
8 43
13 35
33 44
28 34
28 44
13 39
9 44
30 36
19 31
2 18
2 13
26 36
18 19
3 12
19 20
12 20
7 41
0 28
15 21
0 20
17 40
12 27
17 39
3 44
33 40
2 15
20 33
35 40
0 39
20 37
21 41
36 41
13 18
17 33
18 37
2 25
28 39
12 13
20 29
30 41
19 23
13 44
27 37
