25 37
11 37
37 44
27 33
23 40
28 40
31 36
18 27
21 40
12 44
17 23
26 41
0 33
0 13
0 40
13 28
23 33
19 31
15 22
29 37
24 29
18 44
13 36
20 28
30 44
2 21
21 29
0 34
5 31
40 44
5 20
12 27
3 33
3 28
18 23
10 25
33 34
13 19
12 31
27 28
37 42
31 33
20 44
5 27
5 39
28 44
20 34
13 18
25 35
5 33
17 25
2 34
7 24
11 25
29 33
3 12
12 17
13 44
22 35
1 36
21 30
21 36
12 41
0 20
20 39
12 34
3 21
23 28
13 34
2 39
12 33
2 9
13 20
5 13
28 33
17 39
3 30
30 33
3 13
27 40
3 23
13 27
24 26
34 44
26 43
13 33
12 13
5 12
36 41
27 31
4 20
20 30
9 43
0 39
12 20
18 20
16 35
20 23
17 40
19 39
17 44
0 19
13 41
25 39
0 23
24 41
17 20
20 40
5 17
37 40
13 40
2 12
37 38
3 17
5 28
29 36
12 40
23 44
20 27
12 23
21 37
23 39
5 40
13 17
0 3
3 34
13 37
12 39
35 42
24 35
5 34
18 31
19 33
12 28
0 5
29 40
17 28
13 23
15 41
12 30
35 39
8 35
13 30
34 40
30 34
33 44
23 34
9 16
17 27
0 27
18 28
12 18
31 34
7 15
27 44
18 34
2 27
12 19
33 36
19 27
10 24
3 44
18 33
30 40
20 33
3 20
2 19
18 40
1 31
33 40
1 39
20 31
18 19
22 40
21 41
25 29
27 34
22 29
28 34
3 40
10 29
13 39
7 19
17 33
23 27
27 39
19 20
11 35
