21 35
27 33
31 39
12 30
19 33
13 31
5 39
31 40
23 31
20 21
16 30
18 23
24 41
0 9
0 30
17 28
9 25
19 44
19 40
4 7
20 31
20 28
40 44
33 41
24 26
13 35
23 44
0 12
3 34
36 37
0 5
23 36
25 29
12 44
0 40
34 44
37 41
21 33
2 41
30 37
20 44
33 39
3 33
0 2
12 28
36 42
28 40
20 27
13 23
27 44
13 30
20 39
29 41
13 21
27 35
19 39
24 37
27 31
12 17
13 19
17 20
21 36
31 33
0 33
33 40
28 44
12 39
3 13
28 34
35 43
28 33
19 27
13 20
5 33
11 17
13 27
3 21
34 41
19 34
27 40
12 33
8 17
0 34
13 34
5 20
13 33
2 13
29 34
3 18
22 35
25 36
24 29
39 40
25 30
18 44
15 29
5 34
13 17
3 44
18 34
17 23
13 28
1 37
25 41
5 23
12 34
20 30
20 40
20 34
12 31
13 40
5 13
34 40
3 20
1 10
17 37
12 40
3 39
12 22
22 25
7 11
0 18
2 21
2 37
34 39
27 28
18 20
5 28
23 39
1 36
18 33
9 26
23 28
29 37
33 34
17 40
27 34
2 24
12 23
40 43
3 40
24 25
0 29
5 40
23 27
5 30
17 18
33 44
12 15
31 35
12 35
22 28
7 35
26 29
19 20
13 39
10 38
10 42
3 12
28 39
12 20
2 16
18 27
21 27
23 40
0 20
12 27
3 31
15 37
23 33
20 23
20 33
3 27
13 18
18 40
30 40
19 29
5 44
17 33
5 19
11 36
17 44
12 13
17 27
27 39
12 18
13 44
3 19
