19 34
27 33
3 20
13 30
12 30
20 39
1 2
39 40
23 34
18 34
12 39
12 44
20 21
5 44
24 29
23 39
10 41
13 38
29 42
3 17
25 37
20 28
40 44
37 41
33 37
29 37
23 44
12 19
3 23
12 36
5 12
15 27
24 35
19 44
0 40
34 44
22 31
5 30
36 37
1 19
20 44
39 44
21 41
3 34
12 37
13 17
28 34
20 27
13 23
27 44
0 30
18 20
35 36
22 43
19 20
0 13
0 44
15 41
31 34
19 40
17 20
2 25
22 26
2 35
33 40
28 44
5 18
17 33
3 28
11 31
28 33
18 27
13 20
5 33
0 20
13 27
8 43
3 5
28 40
27 40
12 33
17 35
0 34
13 34
5 20
13 33
0 28
17 21
3 13
5 23
4 11
17 41
35 37
7 15
18 19
3 33
5 34
20 36
2 31
18 40
3 40
13 35
29 30
13 31
28 39
0 12
28 30
20 40
20 34
7 26
13 40
5 13
34 40
3 12
2 21
19 29
12 40
13 37
25 29
21 22
29 35
33 39
35 41
2 29
34 39
18 28
19 31
5 27
0 33
17 18
18 33
17 30
23 28
23 31
33 34
17 40
27 34
12 34
12 23
11 25
24 25
39 41
19 33
5 40
23 27
18 44
21 31
33 44
24 31
13 36
3 39
0 39
19 27
20 26
2 24
13 39
9 10
21 33
12 17
12 18
12 28
29 36
31 33
24 30
23 40
16 37
12 27
23 25
27 28
23 33
20 23
20 33
0 27
13 18
16 40
1 25
30 40
12 20
9 17
21 40
7 10
9 42
12 13
17 27
27 39
3 27
13 44
3 36
