20 30
27 33
13 30
27 39
17 23
20 39
22 27
22 25
34 44
0 44
3 18
21 38
5 27
5 18
2 19
12 28
17 20
35 40
19 30
30 37
28 44
33 36
5 12
5 39
1 7
27 31
11 36
31 44
12 15
0 1
27 28
0 33
10 15
3 13
8 26
19 41
17 34
9 29
13 37
4 15
20 44
13 23
18 40
17 18
24 35
3 28
12 44
20 27
13 44
12 29
33 44
0 13
35 37
24 25
21 25
29 37
0 40
18 28
33 34
13 18
12 17
0 34
17 40
0 27
33 40
24 37
18 27
0 7
25 37
33 41
28 33
17 27
13 20
24 43
13 39
13 27
3 20
3 34
7 40
27 40
12 33
5 31
13 29
13 34
40 44
13 33
3 39
19 27
21 26
29 44
12 31
5 33
25 30
2 40
10 24
25 41
2 36
28 40
30 31
17 33
17 44
31 36
13 31
2 33
1 22
18 20
18 33
20 40
20 34
23 28
13 40
29 31
34 40
35 36
12 30
19 21
12 40
0 39
3 40
28 43
3 23
18 39
3 17
33 39
34 39
19 26
5 40
9 35
13 28
23 27
20 29
20 37
16 42
27 41
20 23
21 41
27 34
12 34
29 40
19 44
5 13
36 41
17 19
30 34
20 28
31 34
22 41
23 44
12 39
9 10
0 23
28 30
23 33
28 34
23 34
19 25
2 31
19 33
39 40
21 37
20 35
5 17
24 42
3 44
18 34
2 35
12 27
2 37
5 20
29 35
12 23
20 33
5 23
12 36
16 21
23 39
23 40
12 20
13 19
0 20
3 12
3 33
12 13
13 17
3 5
11 39
12 18
11 21
