29 30
27 33
17 33
5 44
0 33
17 23
12 21
11 24
24 42
21 33
3 12
18 30
3 39
12 39
27 31
17 18
33 35
23 40
33 37
11 41
18 20
20 30
3 20
10 41
17 31
3 33
3 18
4 38
31 36
33 44
23 29
17 40
13 31
3 40
0 13
9 10
15 41
13 39
19 20
1 9
18 40
13 27
34 39
19 34
16 25
0 40
22 24
27 39
13 23
5 37
35 37
2 25
17 34
29 34
12 25
20 44
29 40
13 29
33 34
8 41
7 22
13 17
28 40
0 5
13 40
5 36
28 35
20 39
18 44
21 34
16 35
0 44
13 19
30 37
23 31
27 34
2 12
5 30
12 28
27 40
12 33
3 17
35 40
13 34
23 39
13 33
31 34
17 28
5 13
5 12
3 27
29 37
17 39
1 35
13 20
7 27
20 36
24 41
10 22
26 37
31 33
25 30
21 40
5 39
18 34
13 21
35 41
3 13
20 34
19 44
13 28
20 27
34 40
5 33
12 31
0 19
12 40
27 44
3 21
20 28
19 40
0 18
34 44
39 40
2 36
9 15
18 25
27 28
2 28
17 27
0 20
5 19
0 27
0 28
20 23
23 34
1 28
12 34
26 43
19 27
20 40
0 7
39 44
2 37
28 33
26 42
21 29
5 20
12 44
18 19
3 44
24 37
23 33
11 30
31 40
23 28
33 40
36 37
3 34
31 39
13 44
20 29
33 39
13 30
23 44
22 28
12 27
30 43
40 44
24 36
12 23
2 35
23 27
12 17
18 33
18 21
12 19
12 20
12 29
20 33
19 25
3 23
12 13
2 41
5 27
13 36
17 20
15 25
