0 20
27 33
17 33
30 33
27 39
9 21
13 22
0 19
27 30
2 37
3 12
21 25
5 20
30 31
24 40
31 35
18 28
0 44
12 28
30 40
21 26
21 22
18 20
17 18
33 41
3 23
17 39
40 44
13 29
7 40
12 31
0 12
20 39
20 28
0 13
17 20
10 25
3 13
23 44
36 38
3 20
13 27
25 41
5 23
19 23
18 27
5 34
11 36
13 23
17 29
2 36
10 43
35 40
27 31
10 26
20 44
13 19
12 18
30 42
36 40
24 35
13 17
18 19
33 44
13 40
0 18
19 44
33 39
17 31
3 37
19 33
30 41
30 34
11 15
3 28
27 34
7 26
1 11
12 29
27 40
12 33
12 19
12 37
13 34
29 39
13 33
13 39
13 28
5 28
12 17
39 40
17 19
8 30
3 40
13 20
0 39
21 24
21 35
3 44
13 37
7 41
17 40
18 39
31 34
16 36
28 33
5 33
3 5
20 34
19 37
1 42
20 27
34 40
3 33
15 34
24 28
12 40
28 44
22 24
27 37
24 25
2 16
13 18
3 34
15 35
18 31
5 12
1 25
20 31
5 27
17 44
20 36
23 34
29 40
3 27
27 44
0 29
19 34
2 35
19 21
20 40
20 30
9 25
9 35
28 41
18 33
25 35
33 34
12 44
12 34
12 39
20 29
23 33
34 39
23 28
13 31
33 40
33 37
5 18
29 44
13 44
0 40
5 13
5 31
23 29
28 37
12 27
2 41
0 33
36 43
12 23
3 39
23 27
37 44
2 40
20 23
2 4
12 20
0 34
20 33
22 23
21 41
12 13
5 39
17 27
23 40
17 34
27 28
