23 44
18 39
33 39
27 33
10 23
28 40
23 28
29 41
5 12
21 41
13 23
22 36
12 23
1 41
20 35
19 34
5 39
16 29
0 13
3 12
41 43
25 37
3 28
12 28
5 34
5 44
18 31
12 37
31 37
40 44
5 20
12 27
20 23
3 19
39 44
37 40
30 38
13 15
13 31
3 17
13 37
15 29
20 44
13 28
4 7
22 35
20 34
5 13
1 16
19 27
13 30
24 29
3 25
1 20
33 34
0 30
17 34
13 44
19 33
9 24
13 39
26 30
0 33
17 20
18 20
12 34
2 36
0 24
13 34
17 23
12 33
25 36
13 20
12 19
2 24
25 33
34 39
5 33
13 18
27 40
27 31
13 27
24 41
29 35
21 29
13 33
12 13
5 28
12 42
13 26
35 36
28 34
11 43
0 3
12 20
2 29
17 33
3 23
10 19
36 40
17 44
21 23
9 29
7 21
19 23
2 7
20 39
20 40
2 15
27 39
13 40
29 30
0 41
17 27
23 39
12 35
12 40
8 26
20 27
0 27
17 39
0 35
5 40
0 20
12 44
3 13
27 28
23 33
30 41
31 33
5 18
18 28
18 33
0 34
37 44
27 44
11 35
17 18
12 18
2 21
20 30
5 31
35 37
34 40
18 19
33 44
18 27
31 34
23 30
11 42
19 44
17 37
25 40
21 36
5 27
0 28
28 39
19 20
3 33
10 21
31 40
12 31
33 37
36 44
20 33
3 20
12 39
18 40
9 22
33 40
24 34
28 33
12 17
3 27
2 40
25 34
27 34
21 22
31 44
3 40
19 40
39 40
13 17
17 40
23 27
20 28
25 30
3 34
