15 43
18 40
5 39
27 33
24 25
28 40
17 39
9 30
20 39
0 20
13 17
7 19
30 40
28 39
13 39
31 37
5 20
21 34
5 23
1 24
28 34
0 28
17 28
12 29
0 40
10 42
27 44
19 35
13 29
40 44
35 36
12 27
3 18
17 18
23 39
23 40
28 44
5 12
5 13
3 40
27 37
23 33
3 27
15 24
35 39
23 34
0 27
19 20
20 41
30 44
13 44
12 34
28 37
30 34
33 34
13 31
13 30
13 34
27 34
21 24
22 26
2 27
29 40
27 30
2 42
17 20
20 28
0 21
35 41
17 29
12 33
22 24
13 20
9 31
20 37
13 21
27 39
0 29
23 31
27 40
33 39
12 37
28 29
17 23
18 35
13 33
3 33
2 22
20 34
19 21
12 28
2 4
31 41
12 23
12 20
13 19
12 17
18 44
3 44
15 35
33 44
20 44
36 37
3 17
25 26
0 33
17 44
20 40
21 33
12 25
13 40
1 19
19 36
1 25
16 36
31 36
12 40
13 27
20 27
29 33
3 34
18 20
5 40
16 24
20 23
17 34
5 27
23 27
3 5
18 33
18 31
3 20
19 25
19 34
18 27
3 13
21 40
13 18
18 30
2 26
0 12
9 37
3 39
34 40
10 29
27 31
2 25
12 44
13 23
5 33
41 44
7 8
17 33
13 28
19 33
3 12
2 10
11 43
11 22
36 41
29 30
3 28
5 35
0 34
20 33
5 37
12 39
0 23
20 36
33 40
5 34
21 23
28 33
12 18
11 38
31 44
33 35
30 41
12 31
34 39
37 41
39 40
12 13
19 40
17 40
0 13
7 25
23 44
