8 52
20 30
27 35
28 33
29 36
9 45
12 21
10 45
12 49
3 8
6 27
16 55
23 35
48 49
30 44
12 52
8 13
14 35
11 21
27 41
10 55
1 27
22 43
0 50
24 25
3 48
33 49
9 10
29 55
50 55
27 30
29 54
2 9
12 35
8 46
51 54
35 36
27 34
35 37
43 54
33 45
3 12
27 54
41 43
4 50
6 28
18 24
11 23
36 45
2 43
8 35
36 48
7 34
6 54
1 3
48 50
12 43
30 35
0 52
35 50
10 43
24 32
35 48
4 46
12 48
1 36
48 55
10 11
24 41
18 50
10 24
11 36
14 43
32 56
6 20
8 43
8 9
36 46
35 49
12 50
28 35
2 32
18 48
20 32
27 51
4 24
20 33
1 33
30 55
1 30
39 51
0 32
11 52
10 20
32 55
24 33
27 52
41 46
2 39
1 13
10 52
9 35
11 35
22 39
29 32
24 35
12 29
8 34
43 52
36 56
8 26
41 48
14 20
8 20
44 54
18 19
39 43
1 17
3 32
18 41
28 52
29 50
10 36
52 54
28 39
9 50
17 21
11 56
10 18
18 27
4 27
10 35
48 53
11 54
35 46
50 52
14 48
33 54
20 27
39 41
8 49
0 1
21 55
2 20
4 55
13 36
24 56
33 35
33 36
48 52
1 21
8 56
13 27
43 50
4 9
9 41
27 43
32 51
0 43
3 51
22 52
9 12
2 28
44 55
4 13
32 38
12 54
6 43
30 49
0 54
24 53
43 46
23 50
23 24
6 56
5 35
1 51
16 24
43 55
24 43
9 18
7 17
18 55
9 11
35 54
49 52
46 54
9 27
48 54
12 32
45 50
9 49
3 9
41 51
39 54
12 18
6 32
18 21
32 50
18 32
43 48
7 32
49 50
3 16
17 39
29 34
3 27
4 29
4 18
24 27
28 29
32 39
39 48
12 34
20 48
35 39
9 48
35 41
35 43
13 39
21 27
32 46
21 35
34 51
3 43
35 51
4 31
4 43
24 52
24 46
13 48
31 39
43 44
9 32
19 38
45 52
9 56
36 52
23 43
9 24
6 50
32 36
20 35
14 55
3 50
1 50
0 2
35 55
4 21
21 52
18 44
30 32
13 24
4 11
12 30
25 54
4 56
10 30
24 36
9 36
51 52
5 21
52 56
8 54
27 48
9 34
16 29
27 36
11 18
30 46
13 52
0 35
1 16
5 9
11 16
1 35
1 18
41 54
9 30
18 39
35 52
24 54
3 7
32 34
21 32
4 32
3 49
16 51
33 50
47 55
9 21
20 39
27 56
2 55
1 52
3 55
10 48
21 43
11 50
11 48
14 54
1 48
10 32
29 43
20 43
9 54
11 30
30 54
27 46
28 43
27 45
1 44
34 36
39 50
41 50
6 55
28 51
11 20
10 27
36 41
24 34
43 51
34 54
18 28
12 20
9 26
28 41
21 33
43 49
11 41
18 49
51 56
27 50
18 33
2 3
32 43
2 48
11 34
1 12
37 43
1 9
30 43
17 48
25 43
12 46
28 50
12 27
11 40
54 55
12 24
9 43
9 38
1 32
17 51
17 32
17 55
11 43
3 21
50 51
4 48
39 55
2 50
3 6
33 43
43 56
13 50
20 41
29 33
6 33
4 35
6 48
30 48
50 54
9 33
12 23
21 54
1 24
24 44
1 28
6 18
36 49
2 18
36 43
27 33
30 56
17 50
11 27
1 20
17 43
9 53
12 13
18 20
0 45
14 36
8 39
46 50
14 29
13 43
1 41
29 30
32 49
27 32
32 52
1 43
16 43
10 41
