27 38
2 9
8 21
36 55
43 48
43 54
24 41
35 36
1 56
50 54
11 33
13 55
21 52
36 54
6 9
43 52
6 18
28 54
29 56
35 41
24 45
18 50
24 27
20 52
39 55
48 52
1 22
44 55
20 33
18 46
18 32
33 52
23 43
52 54
9 10
11 20
0 30
13 35
35 50
23 50
11 48
43 45
9 33
1 18
18 20
7 43
41 45
41 54
28 48
20 43
1 36
28 43
4 27
43 50
30 51
7 30
35 56
30 35
32 54
39 53
35 53
14 24
51 55
9 32
3 43
34 52
8 10
27 36
46 55
30 43
1 41
0 1
11 12
44 52
48 49
48 55
32 51
19 33
3 11
9 18
20 32
4 18
7 29
10 36
12 35
1 50
0 52
38 43
29 49
4 52
27 29
43 53
4 24
28 34
29 43
10 11
17 29
16 32
33 54
3 56
12 18
18 55
34 56
3 39
2 13
25 48
33 36
16 50
22 43
18 24
5 43
11 51
18 54
31 48
8 16
33 43
8 50
39 51
6 28
24 43
27 49
8 55
0 32
27 33
11 41
2 36
8 12
8 54
12 56
9 11
9 30
4 6
21 55
43 49
19 35
1 43
9 43
29 33
35 54
26 27
8 9
1 35
24 55
7 49
11 30
0 49
32 43
2 10
1 46
50 52
13 18
21 35
20 27
32 46
2 30
12 20
6 43
1 32
6 34
20 24
45 48
35 55
10 50
27 35
1 28
21 43
39 41
27 41
13 51
11 55
5 46
9 56
17 18
16 54
49 50
1 48
12 36
33 39
27 50
41 52
20 45
4 35
1 16
6 27
20 35
30 48
3 36
17 48
6 26
10 30
6 32
30 54
29 30
18 48
14 52
49 52
28 32
27 55
4 21
9 35
12 39
13 30
0 43
1 10
4 54
9 34
46 48
9 24
11 35
50 56
34 43
32 48
25 43
9 48
11 50
24 51
12 14
23 56
2 35
6 54
9 36
1 2
2 27
21 51
29 44
2 54
4 34
3 10
35 39
12 33
1 52
3 28
21 27
3 51
1 13
12 24
24 54
11 34
14 50
36 52
17 43
12 44
37 46
10 48
5 48
3 50
43 46
30 46
3 21
32 36
1 33
32 34
24 29
27 43
32 55
8 56
9 55
11 13
20 36
32 47
9 49
33 41
39 49
43 51
12 30
9 28
3 35
20 49
9 21
0 20
32 49
33 46
12 43
36 43
17 21
14 27
1 44
11 27
50 51
16 43
29 39
32 35
2 11
29 50
27 45
27 39
10 35
24 48
23 41
6 21
17 50
44 54
8 24
8 18
8 39
13 49
39 43
21 50
11 24
8 48
1 39
13 43
10 32
2 50
9 41
24 38
0 55
39 54
14 29
1 51
48 50
4 9
23 24
32 50
27 54
11 54
28 39
9 52
10 12
20 41
22 52
21 32
35 46
34 48
9 12
6 55
0 9
28 35
3 41
30 36
9 50
32 33
28 45
12 54
30 32
24 32
3 9
24 44
10 45
34 54
21 41
4 41
23 51
12 50
43 55
4 36
32 41
1 55
1 9
4 39
25 50
9 20
3 54
28 49
41 48
27 30
35 43
4 14
18 52
8 52
39 48
18 43
24 35
3 32
3 27
14 43
18 51
46 50
27 48
34 35
20 54
40 51
13 32
18 33
12 32
4 43
16 18
32 52
21 48
4 17
4 50
18 35
29 35
54 56
9 27
16 35
36 56
10 17
31 52
24 36
1 27
12 37
12 27
51 56
12 17
50 55
46 52
13 21
36 48
20 50
11 36
10 43
17 27
2 3
6 24
11 18
