1 53
0 2
10 11
9 18
4 51
43 54
34 50
36 50
12 55
4 35
27 30
27 56
7 12
39 55
41 43
43 52
48 55
13 54
9 12
17 52
24 52
32 49
14 18
4 33
9 13
5 12
4 9
43 48
12 30
13 39
1 27
6 8
1 52
45 48
1 18
49 54
9 17
6 28
39 51
37 49
27 51
1 41
18 56
28 35
36 44
43 46
29 48
1 20
10 18
43 53
24 56
28 54
6 46
43 50
20 29
24 55
2 24
17 24
24 32
30 33
48 51
9 48
1 48
12 36
14 35
23 46
33 46
6 48
46 52
9 55
29 55
1 3
0 36
11 18
16 32
3 18
21 35
1 8
36 54
29 35
32 34
41 54
25 49
8 54
30 34
10 39
21 52
1 56
18 39
23 41
28 32
28 43
9 32
3 36
35 43
11 34
13 43
12 35
14 50
9 50
20 50
5 43
3 24
1 4
30 45
2 27
12 18
36 49
4 48
24 43
0 43
39 48
3 30
8 21
49 50
23 55
13 18
7 11
11 24
8 24
2 11
32 36
48 49
44 54
27 34
12 43
11 43
14 34
0 33
3 27
10 43
27 29
6 27
22 29
3 45
16 39
21 43
34 36
30 32
12 49
50 55
43 56
32 33
38 43
18 48
30 49
27 36
9 56
49 52
12 50
52 54
29 56
10 24
9 49
18 21
4 20
11 21
19 32
36 52
51 54
28 50
27 41
8 43
14 52
39 54
25 32
21 41
23 27
3 21
3 54
27 35
11 54
28 51
8 35
3 35
1 43
10 55
32 51
13 33
4 55
10 36
21 50
20 26
20 48
35 52
32 39
24 50
17 48
35 53
9 37
16 29
34 46
21 24
18 52
27 50
29 54
27 28
1 28
9 35
3 11
18 28
17 35
31 48
1 55
16 36
2 39
51 52
14 56
9 41
10 51
9 54
9 10
52 56
43 51
17 32
50 56
35 56
11 46
18 35
6 17
4 41
1 46
18 20
0 6
0 12
1 36
1 32
24 33
35 48
33 43
50 51
48 54
33 48
43 49
12 31
1 2
24 45
29 36
35 39
20 43
23 43
32 41
11 20
12 21
6 51
44 50
12 33
11 12
10 32
1 9
8 38
11 39
24 36
21 54
3 50
18 55
30 39
16 20
33 54
8 12
8 32
20 35
35 41
2 43
20 56
3 39
21 38
19 21
0 10
24 48
11 30
1 35
34 43
39 43
18 27
0 49
11 17
4 54
16 35
43 55
27 52
32 35
6 43
12 32
39 41
48 50
35 55
9 24
18 50
0 18
16 46
2 9
2 32
27 39
48 52
13 41
4 17
28 48
29 50
10 35
24 35
4 50
27 43
10 41
43 44
3 20
1 45
4 12
8 9
10 52
9 27
27 32
44 55
24 30
9 22
6 55
30 52
8 46
32 52
10 33
40 48
18 54
43 47
9 46
9 43
11 50
45 51
24 54
3 23
27 46
41 56
2 50
4 24
12 27
9 33
50 52
21 36
7 48
6 9
22 51
6 52
36 41
1 10
11 35
32 43
28 55
4 16
14 20
5 32
20 27
2 35
35 50
50 54
27 55
30 43
13 36
20 24
43 45
1 50
8 33
29 43
18 43
30 54
28 33
8 27
9 51
20 36
11 52
3 55
21 32
1 12
21 29
4 32
30 50
9 30
13 29
27 48
32 48
12 54
32 55
25 39
9 11
26 43
6 50
20 34
24 41
13 32
3 33
33 52
51 55
27 44
34 35
11 48
7 44
2 34
30 35
14 54
13 27
36 46
17 54
41 50
4 43
9 45
18 30
41 49
1 13
