3 14
13 14
14 50
4 24
6 55
11 19
16 56
36 55
12 29
6 29
10 30
30 36
11 35
24 39
1 41
9 13
32 46
33 49
32 54
40 50
46 49
43 50
54 55
20 39
24 27
43 51
28 50
22 33
1 21
14 51
50 53
46 50
11 51
16 35
6 41
41 51
36 54
1 18
10 52
12 43
35 43
27 46
7 18
6 33
4 10
16 54
3 29
38 43
12 51
6 54
1 10
1 38
8 52
17 50
3 43
9 54
12 35
6 52
21 28
1 11
12 30
5 16
20 28
2 54
1 9
27 44
36 48
9 49
24 33
48 51
20 55
6 35
4 48
9 39
49 50
2 48
30 43
4 18
0 45
12 21
7 26
6 51
6 30
3 27
11 36
10 20
27 29
1 36
10 32
9 27
1 43
12 32
8 11
1 24
20 54
32 43
13 43
4 34
0 52
3 41
27 36
2 51
11 21
37 48
11 17
34 35
48 50
27 32
23 50
32 36
3 52
12 27
2 9
8 9
13 45
4 35
8 35
9 43
18 43
3 18
35 52
3 51
9 12
10 43
41 50
10 35
18 20
24 46
9 11
1 3
11 48
32 44
24 36
33 46
9 28
21 36
11 24
8 27
9 35
8 24
11 30
36 56
9 53
35 41
0 35
1 51
31 41
18 32
4 13
24 48
32 35
18 50
3 49
9 41
41 55
20 33
4 49
24 49
22 43
29 54
17 18
11 32
43 56
16 27
30 37
3 35
43 49
1 54
32 52
13 46
29 33
34 50
1 46
27 48
18 46
6 43
30 46
2 18
36 50
9 48
20 27
1 56
25 35
3 32
34 48
24 55
35 39
27 56
41 43
1 2
10 16
29 32
27 34
9 33
29 41
0 30
1 48
20 24
9 24
27 39
1 52
26 50
1 5
20 56
39 54
33 50
49 51
24 35
9 45
36 39
39 43
48 55
23 30
8 50
27 41
0 43
0 12
18 27
9 55
6 56
12 13
29 39
18 55
27 28
52 55
34 39
29 30
23 48
21 50
1 29
4 33
4 51
4 32
3 33
18 48
3 54
13 55
43 45
35 50
35 56
36 43
45 50
9 44
28 46
0 9
14 55
0 50
27 35
20 41
12 44
16 47
43 52
23 27
36 41
43 48
28 49
39 55
23 32
21 32
18 35
2 32
9 46
12 39
21 54
32 49
43 55
30 52
24 34
48 52
35 55
18 21
10 27
2 21
14 49
33 54
35 51
32 56
4 30
17 28
10 44
39 48
8 20
3 39
20 43
11 43
18 34
35 49
33 34
12 54
2 43
34 43
49 54
8 32
13 21
8 43
31 35
11 54
50 54
3 17
18 24
11 52
1 27
21 55
34 36
10 11
18 30
17 43
28 43
4 20
24 43
11 23
13 50
50 52
9 52
9 14
25 39
24 32
12 18
21 35
33 43
41 48
17 39
36 51
8 25
16 43
11 50
1 35
24 54
9 10
21 39
11 55
7 32
9 36
0 55
50 56
32 51
30 32
24 51
18 54
2 20
27 43
27 30
5 10
1 12
12 52
12 56
4 27
8 45
12 33
2 41
21 52
39 50
44 48
28 36
21 33
32 45
32 48
2 27
28 32
28 52
3 21
28 54
14 43
1 4
35 36
41 53
17 35
13 32
48 56
43 46
24 30
8 55
12 48
24 50
12 22
7 54
1 32
9 17
35 48
17 48
27 54
43 54
4 12
9 30
50 55
18 52
33 41
44 45
20 48
19 43
29 43
11 56
6 8
29 55
52 54
24 52
34 52
4 43
9 20
13 48
10 54
10 38
18 29
20 52
6 36
27 50
