33 48
20 32
1 14
1 24
5 35
44 54
9 50
36 55
44 52
6 11
11 17
2 29
18 35
27 30
24 41
13 16
43 44
20 39
32 54
38 50
11 39
35 51
12 55
18 55
11 27
24 43
14 27
20 22
21 41
27 51
2 27
12 48
3 51
10 35
30 46
29 54
18 48
8 50
28 34
30 50
35 43
37 46
7 32
2 33
10 50
33 41
3 34
27 35
12 33
35 54
1 11
1 50
16 27
4 50
13 45
51 54
11 28
29 30
21 43
3 6
12 29
14 55
20 28
2 52
4 9
35 44
12 20
43 49
24 33
1 51
1 8
6 35
46 48
9 39
7 10
43 47
30 43
4 34
5 56
12 21
35 39
12 18
4 27
0 30
11 36
13 52
3 29
1 45
32 39
9 13
4 43
4 46
8 12
24 49
20 41
32 43
13 43
39 52
11 18
2 20
27 55
4 36
16 35
3 48
11 35
9 21
48 50
27 32
20 46
32 36
35 48
12 27
18 34
0 32
23 33
1 54
8 35
9 43
20 52
18 37
7 43
24 51
9 14
10 43
11 20
3 10
12 30
16 40
2 24
3 27
18 30
32 44
8 24
12 32
10 28
24 36
12 24
1 27
9 35
8 27
11 30
10 36
3 9
35 45
11 29
1 30
33 46
9 24
4 39
21 48
2 32
0 50
6 48
9 41
30 55
32 33
4 33
52 55
22 43
24 26
17 36
21 33
39 56
16 43
29 43
2 21
9 49
48 54
32 52
13 54
29 33
34 50
39 49
27 48
0 24
33 43
31 56
41 50
35 53
9 48
8 13
1 6
35 55
9 32
48 55
48 52
3 12
24 27
1 41
2 48
6 10
9 38
27 34
4 51
29 41
34 52
21 36
13 41
9 34
6 39
1 52
27 50
1 29
27 56
43 46
11 50
4 21
24 35
9 51
36 51
4 54
18 49
18 21
20 55
18 22
0 43
0 11
3 18
9 55
43 56
12 28
32 41
11 55
28 50
11 52
27 52
20 35
25 41
21 29
1 46
38 54
4 48
4 32
3 55
30 48
20 24
18 24
27 45
35 50
28 43
36 43
12 35
7 9
3 32
9 27
14 56
1 36
50 56
24 54
43 48
14 39
43 52
23 27
36 41
25 48
46 50
49 55
23 43
32 45
28 35
2 43
9 46
39 48
0 54
28 32
43 55
9 30
13 30
16 48
0 46
10 48
21 27
13 50
12 14
6 54
3 54
32 56
30 52
49 51
10 46
51 56
18 56
39 51
20 49
11 43
23 54
35 49
29 35
12 17
21 54
34 43
49 54
32 50
9 10
8 43
21 49
1 18
50 54
17 20
18 31
4 16
19 27
2 55
36 49
16 50
10 52
41 54
9 28
50 51
6 24
9 56
50 55
29 52
17 30
26 34
39 50
41 56
18 45
25 43
28 30
48 49
8 52
32 51
8 32
17 43
10 11
1 10
8 54
3 41
21 39
10 32
12 50
9 36
8 10
20 56
6 32
18 32
18 43
18 54
12 43
20 43
9 52
1 43
1 12
18 36
11 53
27 43
29 36
4 23
33 35
21 51
33 50
27 44
36 39
36 52
33 45
32 48
2 35
1 35
28 54
13 24
1 28
32 53
1 33
35 36
4 41
6 17
24 32
17 27
5 43
3 30
24 55
11 48
24 50
0 55
34 36
1 32
9 17
23 48
17 54
18 27
43 54
3 43
6 9
1 55
18 50
21 35
6 41
14 35
19 43
20 50
11 51
3 8
8 39
52 54
24 52
34 55
39 43
33 44
13 48
45 54
41 52
9 12
46 52
12 36
49 50
