36 56
39 52
24 41
17 55
10 55
11 41
24 50
30 46
4 50
35 44
30 44
2 41
18 35
2 39
10 54
18 24
43 49
13 30
18 28
8 21
33 43
24 32
43 54
18 41
12 48
1 21
28 50
34 35
27 50
53 54
26 32
32 43
13 23
33 54
21 48
0 43
35 48
11 52
1 18
8 50
24 48
11 39
36 52
0 27
10 35
8 54
24 43
13 36
1 55
35 54
19 29
21 24
16 32
3 12
7 41
46 51
3 35
2 50
36 41
32 54
6 18
1 35
43 55
2 54
27 45
9 46
18 43
14 43
23 49
2 9
12 34
0 35
28 43
28 31
35 55
9 34
18 20
18 50
20 30
10 33
1 48
27 30
0 51
51 55
12 41
22 35
3 9
32 44
0 39
1 3
1 49
1 45
18 21
4 48
4 27
24 27
33 46
1 4
30 41
10 39
12 29
12 24
6 33
41 55
32 41
4 24
27 29
6 9
8 39
20 49
8 35
6 13
0 30
9 55
32 50
5 20
30 55
29 43
1 39
10 24
8 24
32 55
35 39
38 43
35 56
24 39
10 43
9 29
9 43
10 27
21 41
1 32
12 28
10 30
27 37
9 24
0 50
32 48
12 43
14 24
5 21
32 52
13 20
54 55
25 50
6 41
3 28
47 54
12 18
1 27
27 52
11 46
36 51
17 54
12 55
17 39
20 34
16 56
39 43
32 35
50 56
4 35
34 51
28 32
4 56
30 54
12 56
0 48
1 40
11 56
27 32
34 36
12 23
4 9
24 33
13 41
13 18
49 55
5 11
8 18
30 49
21 32
9 50
38 52
35 46
2 43
12 54
20 27
1 52
11 27
33 48
20 21
36 50
13 52
1 51
2 35
12 36
12 27
6 46
1 33
48 52
36 48
18 33
36 49
43 46
29 35
2 48
4 33
8 48
21 53
18 30
32 46
32 56
18 48
52 56
11 55
1 24
24 44
17 35
6 51
4 18
11 54
9 52
4 12
6 43
20 22
9 23
19 32
18 29
16 54
6 14
9 39
34 52
44 48
50 51
43 51
3 18
21 29
11 22
10 36
20 55
20 50
13 56
27 54
18 27
11 43
32 51
34 50
1 54
43 48
27 36
43 52
35 50
9 56
7 11
20 54
11 13
34 43
31 48
48 50
39 50
3 32
48 55
9 11
12 32
43 44
3 4
2 17
9 21
27 48
0 52
41 54
3 10
30 35
16 34
29 50
11 45
51 52
29 52
3 39
36 46
17 32
21 43
24 34
24 35
4 52
1 20
21 27
9 35
27 41
8 9
28 35
46 50
3 54
4 28
49 50
20 32
8 25
10 29
14 27
3 43
3 48
43 56
1 36
32 49
27 51
3 24
27 46
43 45
24 28
35 36
48 49
29 48
9 33
36 43
3 55
12 50
32 33
20 36
3 52
9 36
2 4
35 43
9 18
3 33
11 32
33 52
39 46
11 49
1 50
21 52
14 20
10 16
9 51
24 52
9 10
33 39
30 43
9 54
13 43
8 55
44 45
1 43
7 9
35 41
23 43
27 43
30 38
1 9
28 45
21 54
9 30
11 50
4 32
27 33
14 54
6 35
17 49
1 16
1 28
41 43
30 50
29 49
36 45
27 35
11 48
39 54
8 20
18 52
6 32
2 12
50 52
14 48
33 55
17 48
20 43
18 53
10 11
16 48
24 36
7 43
26 50
8 43
2 11
12 35
25 34
6 50
39 55
23 27
14 56
16 55
41 51
9 13
12 30
49 51
8 12
17 43
43 50
29 51
4 17
21 45
9 37
10 32
6 27
36 54
28 54
