39 41
10 45
13 43
4 21
49 56
41 46
7 8
27 55
36 54
17 44
16 29
31 36
3 34
46 52
9 18
0 21
43 49
10 20
3 24
20 52
33 43
3 32
43 54
50 55
9 28
24 52
13 54
17 20
28 45
32 33
26 32
32 43
32 52
54 55
36 48
24 28
29 43
11 52
13 21
46 50
24 36
10 41
34 50
23 34
10 21
34 36
43 48
36 39
2 36
16 35
6 52
24 33
11 16
9 12
37 55
13 49
13 27
24 50
11 41
24 45
3 9
45 50
43 55
13 28
45 54
9 24
18 43
14 43
28 32
48 49
28 30
19 28
30 41
1 52
24 35
4 13
18 24
2 27
6 39
36 38
5 54
27 30
48 51
18 35
17 30
20 27
30 56
35 53
9 30
27 34
0 24
14 24
1 41
35 50
1 35
36 52
13 24
12 51
49 52
11 55
29 35
20 50
20 54
20 33
32 39
1 43
18 23
26 43
11 30
20 29
28 34
28 39
34 46
6 27
9 46
41 52
43 56
14 52
1 51
12 24
9 54
4 18
30 54
38 43
10 56
32 35
10 43
11 35
9 43
8 27
18 20
32 41
1 18
35 52
10 24
17 32
2 50
20 48
12 43
14 32
10 29
50 52
8 12
1 55
16 50
9 41
11 27
1 6
41 55
9 27
35 54
11 18
36 41
7 32
1 19
6 12
10 32
1 48
12 39
4 55
14 50
35 48
1 11
11 12
33 48
7 9
50 56
33 54
6 48
3 29
27 50
9 44
18 52
2 4
8 52
16 48
14 34
9 55
1 9
16 34
24 32
1 29
9 50
25 32
2 11
31 43
3 21
3 12
18 51
8 18
33 46
3 20
9 35
52 54
20 51
33 49
18 39
12 27
11 36
28 35
48 52
21 50
12 41
35 39
43 46
12 35
27 56
6 22
25 33
11 51
3 46
9 51
11 13
9 49
4 35
44 48
36 43
32 51
17 29
35 55
18 56
9 36
9 52
17 50
4 43
11 24
20 55
35 46
4 54
16 27
6 8
0 11
32 54
30 32
18 50
39 43
18 55
12 49
11 32
10 33
20 32
21 55
2 48
27 54
18 29
11 43
27 51
35 41
18 53
29 48
4 29
43 52
8 35
7 54
17 33
20 44
49 54
34 43
8 21
21 49
1 39
2 23
48 55
10 11
9 39
43 44
27 46
1 54
39 48
27 35
12 32
41 43
3 54
12 30
1 21
50 54
18 36
1 37
39 52
8 28
1 36
16 43
2 43
9 29
33 35
10 34
24 54
21 27
5 35
10 27
5 8
6 35
36 46
9 32
36 51
12 48
1 3
4 24
9 20
27 39
3 43
6 9
49 50
0 1
0 43
3 35
22 43
3 39
6 43
2 6
4 50
18 44
10 50
4 56
28 43
12 18
27 28
1 30
4 11
35 49
12 36
18 21
21 43
18 48
27 33
43 51
27 52
29 50
33 55
49 55
13 39
27 48
0 27
1 2
23 52
12 53
33 41
30 43
11 54
43 50
13 50
12 17
1 8
30 35
38 50
41 54
27 43
48 54
9 47
3 51
48 56
9 10
41 50
4 32
0 32
2 56
24 51
0 55
1 49
9 33
21 54
6 21
14 21
51 52
20 35
48 50
3 13
1 50
32 55
32 45
32 46
8 32
40 48
29 56
17 35
24 55
20 56
10 48
30 48
24 30
44 46
3 50
8 43
0 22
32 56
4 41
45 48
30 39
24 27
4 34
23 51
36 50
8 51
21 30
4 9
33 36
17 43
24 43
14 55
30 36
2 12
35 45
32 48
25 39
23 27
12 54
