4 24
7 30
12 51
3 52
4 41
10 13
6 21
1 51
46 50
3 8
20 33
27 32
18 43
36 39
27 35
4 10
20 32
9 48
6 9
12 50
27 51
10 12
11 22
11 52
38 43
9 32
18 50
24 35
52 54
13 33
35 43
54 55
1 43
43 48
4 52
48 54
34 43
10 33
0 29
50 52
49 50
34 52
41 50
29 32
6 50
20 49
3 11
10 11
17 20
2 27
33 49
21 56
21 54
48 56
21 48
21 39
6 27
12 43
7 43
9 12
20 54
17 43
35 46
48 50
30 36
12 21
22 35
2 48
21 44
40 43
9 25
24 36
3 9
28 43
11 24
30 55
16 27
41 54
29 55
8 54
16 55
23 39
9 54
1 54
43 56
30 43
11 13
39 44
32 43
1 14
33 41
21 24
9 10
41 56
27 55
1 36
21 32
1 32
20 51
12 28
24 44
24 39
9 49
32 39
18 51
2 3
9 52
18 32
9 55
27 29
28 55
3 18
17 34
3 13
10 24
16 49
8 43
10 35
4 30
10 50
12 48
12 18
9 50
33 43
3 49
10 54
9 43
43 49
36 55
27 45
11 17
9 30
24 29
24 41
2 11
14 32
8 50
12 24
8 12
1 30
49 54
9 39
32 51
20 43
37 43
6 54
36 52
21 46
0 55
1 27
35 56
6 43
11 43
18 52
0 8
18 48
32 36
17 29
1 35
0 32
16 32
4 50
1 20
45 48
24 52
9 27
8 14
4 44
31 50
17 32
7 35
29 51
31 32
3 54
2 24
1 9
49 52
2 43
32 46
11 32
8 11
1 22
7 9
23 43
32 50
36 50
28 52
25 48
3 35
4 46
27 41
30 41
30 52
9 35
10 18
27 54
12 52
45 52
32 34
1 8
1 41
9 56
3 27
14 54
8 30
12 35
6 49
4 14
53 54
6 29
20 55
44 48
27 48
18 35
25 54
11 44
18 27
13 43
13 34
10 27
1 34
2 54
17 28
8 48
6 32
18 39
27 56
11 41
3 43
23 33
11 35
24 32
39 49
12 49
3 55
54 56
4 43
9 20
10 39
51 52
17 55
18 36
4 19
43 52
18 38
14 36
9 28
41 46
43 55
24 51
10 45
11 45
0 48
11 27
20 23
39 41
21 36
5 43
27 50
16 48
27 36
4 27
34 53
27 43
35 45
35 54
23 48
9 51
18 33
18 49
35 55
26 43
14 23
33 35
1 6
24 54
46 51
20 50
20 35
27 34
50 54
24 50
29 45
24 27
52 55
13 20
20 27
2 32
52 56
28 35
3 39
21 41
3 24
35 50
35 51
32 35
30 35
32 52
5 18
32 55
9 11
34 48
24 34
43 54
50 51
1 12
8 24
28 33
1 49
13 36
12 33
1 56
3 48
4 48
18 41
12 27
1 52
29 48
39 46
8 39
0 52
18 55
9 29
29 43
45 50
2 35
32 56
18 21
10 20
35 41
46 55
10 26
6 20
24 48
24 55
30 51
35 39
36 47
21 43
43 44
27 30
17 46
0 50
21 28
18 30
13 27
36 43
30 50
55 56
28 36
14 43
36 46
4 54
5 34
36 48
6 35
9 33
29 50
35 36
13 50
28 48
35 48
11 39
1 16
30 33
34 35
0 6
36 37
9 41
33 54
0 30
12 46
50 53
11 12
2 50
9 46
11 55
33 50
1 2
24 43
19 43
12 20
1 33
32 38
13 52
29 54
1 18
4 39
11 33
16 41
1 21
48 51
4 12
16 56
8 18
9 21
28 30
43 51
2 28
3 36
39 48
17 41
12 32
4 32
9 13
43 50
