32 50
11 12
18 48
1 30
1 10
18 27
10 11
30 51
0 50
2 12
1 28
6 9
41 51
2 21
20 56
11 41
4 8
1 39
8 54
10 39
1 24
8 35
10 29
30 35
27 44
27 32
1 48
43 56
36 43
39 51
35 43
12 52
1 43
18 50
3 41
32 44
33 49
9 20
39 48
12 33
18 49
29 39
5 48
0 10
30 34
1 13
3 27
35 56
35 52
41 50
24 56
0 3
6 33
20 41
1 35
16 27
29 52
12 43
7 43
4 51
16 48
9 43
0 53
41 52
0 35
43 51
12 36
2 27
20 43
12 41
30 33
35 49
10 52
43 44
32 39
9 23
43 48
3 12
9 48
1 3
5 36
1 51
32 48
9 21
11 48
33 43
34 35
33 56
32 43
23 49
13 35
21 30
13 32
35 54
29 43
1 9
10 17
24 43
39 54
13 50
32 46
18 21
9 34
44 50
21 43
32 51
17 43
1 32
1 20
48 52
18 34
18 29
14 24
0 8
7 14
12 17
24 46
9 50
14 48
38 43
17 41
41 46
12 49
28 33
9 18
12 24
12 54
12 23
26 43
18 55
18 35
6 27
13 24
49 54
37 43
24 39
20 28
35 36
6 30
34 43
21 54
29 51
9 54
33 54
5 9
30 52
32 33
55 56
41 56
22 41
8 48
30 32
30 36
36 54
6 32
6 52
29 34
19 24
11 32
2 24
29 35
14 41
20 50
34 39
20 22
11 54
32 52
2 35
26 50
1 36
9 45
3 29
41 43
31 50
3 18
23 36
14 46
20 39
27 48
4 50
8 30
18 54
28 43
7 48
4 55
18 44
9 14
46 54
20 36
18 20
9 25
2 13
21 36
9 36
35 37
36 41
33 50
2 6
9 30
4 28
9 52
9 13
25 27
2 48
2 40
20 24
11 13
45 50
29 32
11 50
43 46
1 12
49 50
3 11
8 34
30 46
7 39
39 43
30 49
27 52
20 52
16 43
48 55
10 48
34 55
9 27
41 54
32 56
19 27
9 39
1 55
27 30
8 20
11 21
3 10
28 39
4 43
17 27
43 55
24 27
12 28
2 17
8 50
8 11
6 24
17 36
33 48
11 36
32 54
28 48
3 36
11 33
10 14
6 11
0 43
9 24
17 50
24 33
32 55
2 54
11 20
1 52
43 54
27 54
8 43
9 46
4 49
21 24
27 43
9 12
32 36
1 8
46 52
11 35
29 46
17 21
16 55
27 53
10 35
27 33
1 11
10 55
45 48
18 41
51 56
4 27
0 27
34 52
18 52
3 35
36 55
24 41
29 44
11 52
2 43
32 49
24 30
12 32
10 32
18 51
1 17
32 45
25 43
8 52
13 34
27 35
10 18
48 51
30 54
4 32
4 38
1 33
11 47
9 55
6 55
20 49
12 21
35 48
21 27
44 48
9 41
1 18
33 35
9 51
10 50
14 54
9 28
10 24
12 45
4 9
3 45
31 43
27 50
6 43
1 27
16 32
27 39
18 32
21 50
16 39
24 48
21 35
4 21
52 56
18 43
34 54
18 38
45 55
23 54
6 20
16 33
3 6
22 36
12 39
13 55
13 43
48 50
35 50
35 55
13 28
9 35
27 55
21 28
49 56
21 48
11 16
3 43
49 55
50 56
46 55
27 29
4 12
4 52
35 46
24 50
3 32
27 51
12 18
35 45
36 39
23 43
4 36
3 50
24 54
43 52
4 54
52 55
28 50
4 56
29 50
3 49
0 46
1 54
51 55
50 51
48 54
11 24
28 30
24 35
20 53
35 51
36 52
32 35
8 32
50 54
43 50
