43 48
4 6
39 52
29 32
34 56
11 39
11 16
30 32
27 48
11 28
28 49
9 45
10 35
0 54
9 56
39 48
52 53
40 54
5 30
27 29
10 32
3 30
1 41
17 46
20 35
27 32
8 18
0 41
8 43
51 52
11 43
9 55
33 52
18 50
24 28
6 9
12 18
49 53
6 20
18 44
13 51
8 21
17 52
49 50
0 43
12 33
36 51
22 43
35 52
4 27
11 56
24 48
3 11
20 32
1 35
6 32
43 51
12 43
7 43
8 50
3 9
9 43
36 41
24 50
12 56
20 43
17 50
18 51
43 49
1 18
18 30
33 50
27 52
27 30
28 48
3 18
34 48
8 13
16 29
1 24
28 54
28 35
32 48
2 27
27 45
21 55
18 20
0 27
8 32
7 20
1 30
4 10
13 24
11 50
29 43
9 44
1 44
24 43
10 39
14 39
32 45
8 24
39 50
27 46
21 43
16 32
17 43
1 9
46 49
44 56
32 52
29 48
9 21
23 50
11 48
24 49
41 51
9 48
11 18
21 33
52 55
34 43
9 52
35 48
9 20
18 37
18 33
12 36
26 43
12 51
35 51
3 6
12 50
24 46
2 14
0 35
35 36
13 43
6 50
36 43
2 10
27 49
9 54
11 45
39 51
52 54
33 43
3 7
3 16
28 34
18 36
29 34
23 51
1 29
3 29
29 53
33 34
4 36
20 48
1 10
12 13
19 20
3 48
32 34
41 48
17 41
36 52
2 43
39 55
1 32
1 45
33 55
37 41
1 52
18 24
20 33
43 46
12 32
17 48
17 32
10 50
20 27
21 38
32 33
51 55
6 46
9 49
6 22
4 39
17 20
50 52
23 55
11 35
9 34
23 36
21 41
4 50
10 55
2 55
1 12
43 52
10 18
39 54
9 50
0 30
4 9
13 35
8 20
49 55
14 45
41 43
12 39
0 50
27 50
13 55
30 43
4 13
39 43
35 49
12 35
11 54
18 34
10 30
7 13
8 12
9 27
12 54
6 11
11 32
32 39
24 56
36 49
4 38
21 46
21 48
35 50
4 43
12 52
35 55
41 55
13 48
20 30
1 20
4 28
9 32
36 48
30 52
30 36
44 50
10 27
9 36
0 56
9 14
2 48
21 52
9 33
14 29
24 25
22 39
36 54
20 41
43 56
43 54
9 13
8 30
50 56
1 4
24 39
27 43
18 52
9 11
32 55
36 50
1 43
35 46
36 47
30 39
6 12
1 21
33 54
1 56
6 35
32 49
28 43
2 3
51 54
11 13
10 46
16 41
2 11
3 49
12 41
18 54
1 6
35 44
50 55
24 41
9 12
32 36
3 12
30 49
14 54
29 45
38 52
18 43
18 35
41 54
30 46
36 44
32 43
4 35
1 33
5 12
3 25
2 32
16 55
8 31
12 27
28 32
24 51
9 24
4 48
16 33
16 54
1 8
30 41
9 51
10 24
1 11
17 27
19 36
31 43
27 28
6 43
1 46
17 54
0 32
18 32
2 9
33 35
21 24
35 54
4 20
46 54
10 43
20 54
21 50
54 55
27 33
24 52
33 48
24 55
35 56
27 54
24 27
5 43
48 50
18 27
32 41
3 50
9 39
27 55
27 56
3 43
10 48
3 14
35 43
43 55
21 29
27 39
3 56
25 50
8 41
9 35
11 26
1 54
21 27
48 52
8 27
11 36
29 36
21 35
12 30
45 54
23 32
18 48
32 50
27 35
21 28
29 35
10 23
28 50
50 54
4 55
2 34
48 54
11 24
14 52
24 35
4 24
48 51
1 34
34 35
46 51
2 35
43 50
