41 54
5 43
24 41
35 55
41 46
0 34
31 34
1 50
20 46
23 41
1 43
32 55
36 48
12 39
16 45
0 43
50 55
32 47
1 36
43 46
10 35
4 51
20 32
21 53
35 36
32 45
10 50
8 38
49 51
11 20
49 55
11 38
20 29
24 33
29 48
12 43
32 52
46 52
18 50
25 35
9 52
1 13
1 34
3 35
43 48
30 37
54 56
9 16
33 35
51 52
33 54
20 56
49 52
32 39
3 28
20 27
43 51
2 24
33 36
0 1
24 43
9 27
4 34
20 41
45 50
33 43
16 43
17 55
4 18
27 28
10 49
17 45
45 52
41 43
39 54
43 53
9 48
2 55
13 29
34 55
1 9
21 46
22 27
26 43
50 51
11 32
27 52
14 32
50 54
51 54
28 43
4 56
33 52
10 28
21 50
24 45
32 48
18 27
9 36
4 54
9 55
2 52
48 52
10 18
20 43
43 56
17 43
9 50
1 54
33 44
30 48
12 36
32 49
1 20
1 3
11 24
21 35
10 27
3 32
2 54
4 14
20 49
11 34
17 36
12 32
0 48
12 46
18 30
39 46
12 21
36 50
4 29
18 20
9 14
21 27
12 52
24 52
43 45
27 48
36 43
9 35
29 51
6 7
8 24
49 50
11 13
24 54
27 33
48 54
21 56
1 48
3 24
13 54
30 32
39 55
17 50
34 43
9 33
39 48
27 54
18 36
10 32
1 33
18 56
18 51
24 48
12 28
12 16
35 46
39 51
27 29
12 29
2 18
37 40
3 52
5 12
13 43
17 54
18 21
27 51
17 46
1 4
23 43
55 56
32 41
10 54
3 8
6 28
12 24
30 35
0 54
48 56
25 39
20 35
11 36
20 24
10 43
8 9
27 44
4 48
34 54
32 54
11 54
17 19
1 21
34 50
10 13
0 50
3 43
48 50
1 30
16 27
11 29
43 54
0 51
16 55
13 51
39 43
43 49
29 43
32 36
39 50
1 32
6 43
3 18
8 51
18 52
20 48
1 7
30 50
9 34
27 49
41 50
4 12
6 24
20 33
8 21
30 43
1 23
43 44
19 54
3 33
4 35
8 10
9 32
3 10
2 27
33 50
32 50
4 24
54 55
8 49
24 55
27 55
0 20
25 54
27 39
35 52
16 30
51 55
21 52
9 11
2 32
12 48
0 30
36 51
13 35
18 55
27 43
12 27
32 46
6 50
2 28
6 36
22 36
1 41
11 52
3 36
14 35
41 55
11 56
9 12
30 41
35 43
3 7
5 49
11 27
52 55
28 35
9 30
3 6
28 30
20 21
4 21
26 35
11 50
8 11
28 39
16 50
23 56
9 31
28 33
2 50
3 27
18 43
28 48
24 32
10 55
2 43
1 8
9 18
24 36
36 45
22 43
24 27
11 12
23 29
35 39
13 32
39 41
18 48
29 35
1 39
4 33
52 54
12 33
6 17
3 48
11 18
41 52
6 35
21 43
18 46
8 32
32 35
9 23
10 56
27 41
9 29
32 53
14 55
8 30
4 49
18 32
21 29
9 21
12 35
12 54
1 44
30 55
8 50
18 35
1 35
24 50
11 49
44 52
21 48
1 24
13 56
30 36
2 35
17 35
30 52
34 52
36 41
29 32
32 43
24 49
7 9
4 50
6 48
9 38
14 43
3 30
9 28
48 51
34 46
9 44
35 54
2 6
27 36
9 46
6 20
24 56
13 27
6 18
12 14
9 10
11 35
13 50
10 12
4 43
9 43
8 27
41 48
39 44
11 48
35 50
11 33
35 48
24 39
1 27
18 41
14 39
9 41
43 50
