1 21
82 95
67 87
40 52
27 60
38 97
31 88
42 65
14 59
21 34
23 34
19 30
19 31
5 33
45 54
2 96
2 83
2 97
2 51
2 62
2 61
2 35
2 57
2 56
2 53
2 33
2 59
2 18
2 5
56 62
1 10
2 38
2 14
36 66
42 58
55 67
40 45
64 73
1 25
24 48
0 9
41 71
16 63
5 56
5 62
5 97
5 61
5 35
43 48
2 77
6 96
18 38
35 53
57 73
53 83
91 95
53 96
31 40
40 50
6 61
53 62
9 43
33 59
48 68
11 15
11 92
25 71
25 64
67 73
30 49
48 69
81 86
5 53
63 84
17 54
16 57
10 63
63 75
10 79
49 79
17 84
4 90
64 71
21 57
10 86
13 73
61 73
21 31
32 84
60 90
71 97
10 68
13 34
31 95
14 96
14 83
14 97
51 62
14 62
14 61
14 35
14 57
14 56
41 61
14 33
51 59
6 97
24 32
49 76
52 88
31 85
48 79
41 64
52 82
28 30
10 78
63 81
44 87
63 86
25 76
42 57
5 96
59 96
18 97
17 30
14 18
18 61
18 35
18 57
48 86
70 72
18 56
30 36
42 54
32 48
20 21
77 80
3 66
50 87
18 96
52 87
45 91
22 81
36 61
51 57
19 26
50 55
50 95
10 43
0 49
67 77
17 49
24 77
67 72
57 86
10 25
81 90
22 58
60 69
30 81
72 95
68 84
75 86
50 88
44 72
1 71
0 22
70 88
3 36
44 70
10 77
19 52
19 85
82 91
45 72
33 38
72 82
24 63
0 66
1 20
31 67
15 42
31 70
54 66
9 79
48 84
31 82
31 91
37 97
57 94
31 87
31 52
31 50
32 63
31 45
1 76
18 33
40 44
67 96
47 90
25 61
33 96
33 83
33 97
38 83
33 62
33 61
33 35
33 57
33 56
6 83
5 83
6 18
4 25
35 96
35 83
35 97
4 92
35 62
35 61
35 57
35 56
35 59
10 32
1 78
35 38
87 91
24 79
18 62
43 84
38 96
22 32
5 18
59 97
38 62
38 61
57 83
64 69
18 83
0 15
43 86
31 55
87 88
9 66
16 32
29 78
42 66
44 67
31 44
75 84
44 91
76 94
0 80
44 52
44 50
4 32
45 67
55 91
63 79
9 10
70 95
63 90
67 85
45 52
43 63
45 50
13 75
14 38
36 80
43 75
40 67
7 57
23 92
9 63
44 82
19 66
38 57
50 67
44 88
50 70
50 72
63 68
68 75
7 61
50 91
51 96
58 92
50 52
51 56
77 98
51 61
35 51
38 56
18 53
52 67
50 82
52 70
52 72
87 95
45 95
22 29
52 91
10 84
88 91
5 14
31 72
53 97
19 50
53 61
53 57
53 56
52 55
13 86
48 75
0 48
6 35
45 88
43 68
15 55
56 96
56 83
56 97
71 98
56 61
56 57
56 59
45 87
57 96
78 90
57 97
33 51
57 62
57 61
5 57
57 59
6 57
15 26
26 71
70 82
6 59
59 61
26 98
26 65
7 16
61 96
61 83
61 97
61 62
62 96
62 83
62 97
20 78
70 87
21 96
9 68
20 76
23 76
40 87
48 63
47 81
9 84
14 53
67 70
58 60
67 88
67 95
67 82
32 75
67 91
33 53
94 98
4 52
69 98
22 49
36 92
0 77
25 69
45 82
3 39
70 91
4 47
58 73
2 6
52 95
51 97
72 91
40 70
10 69
10 24
68 79
9 75
8 52
9 48
6 56
17 20
10 75
10 48
83 96
83 97
27 54
36 41
42 73
45 70
44 45
23 26
41 80
20 37
4 81
96 97
