80 97
67 78
67 87
40 52
0 9
38 97
13 41
0 58
14 51
31 57
66 77
86 98
19 61
5 33
63 75
2 96
2 83
2 97
2 51
2 62
2 61
2 35
2 57
2 56
2 53
2 33
2 59
2 18
2 5
56 62
27 64
2 38
2 14
25 81
28 71
20 76
40 91
26 69
81 90
10 49
0 84
21 68
61 71
5 56
5 62
5 97
5 61
5 35
43 48
19 24
6 96
18 38
35 53
25 42
53 83
91 95
53 96
31 40
40 50
6 61
59 62
9 43
33 59
48 68
64 84
32 63
31 88
23 61
73 80
17 66
19 21
26 71
5 53
30 66
25 65
27 54
10 63
43 63
36 63
4 20
15 71
29 37
48 49
19 54
30 77
71 79
73 78
10 25
1 32
22 36
63 86
10 68
4 29
31 95
14 96
14 83
14 97
18 59
14 62
14 61
14 35
14 57
14 56
73 77
14 33
51 62
6 97
3 54
61 81
52 88
24 57
48 79
1 25
52 82
1 41
13 98
47 66
44 87
75 84
57 66
42 80
5 96
59 96
18 97
32 79
14 18
18 61
18 35
18 57
48 86
70 72
18 56
49 94
9 79
32 48
22 42
67 72
65 76
50 87
18 96
52 87
45 91
54 64
47 85
51 57
15 24
4 76
50 95
10 43
11 58
52 72
36 60
10 58
15 23
10 86
22 52
24 92
13 47
2 63
0 10
72 95
43 84
75 86
50 88
44 72
7 11
32 43
67 88
45 73
44 70
7 20
21 30
25 63
82 91
45 72
33 38
41 69
17 26
66 85
3 50
31 67
82 95
31 70
4 37
60 69
48 84
31 82
31 91
23 71
21 36
31 87
31 52
31 50
0 63
31 45
15 55
18 33
40 44
24 69
36 68
34 49
33 96
33 83
33 97
38 83
33 62
33 61
33 35
33 57
33 56
6 83
5 83
6 62
55 92
35 96
35 83
35 97
63 79
35 62
35 61
35 57
35 56
35 59
10 79
1 15
35 38
87 91
1 69
18 62
25 32
38 96
36 79
5 18
59 97
38 53
38 61
57 83
50 73
18 83
43 86
9 86
25 31
87 88
10 32
9 32
17 77
16 61
44 67
31 44
9 84
44 91
52 75
42 67
44 52
44 50
30 55
45 67
16 81
16 92
9 10
90 94
22 34
66 96
45 52
7 76
45 50
8 26
14 38
16 71
43 75
40 67
42 98
41 81
9 63
44 82
76 92
38 57
50 67
67 73
50 70
50 72
20 90
0 75
20 52
50 91
51 96
24 55
50 52
51 56
54 88
51 61
35 51
38 56
18 53
52 67
50 82
52 70
52 78
72 87
45 95
22 77
52 91
10 84
88 91
5 14
31 72
53 97
22 90
53 61
53 57
53 56
77 96
17 48
48 75
0 48
6 35
45 88
68 86
4 90
56 96
56 83
56 97
3 67
56 61
56 57
56 59
45 87
57 96
26 42
57 97
33 51
57 62
57 61
5 57
57 59
6 57
67 80
49 68
70 82
6 59
59 61
63 68
13 92
1 81
61 96
61 83
61 97
61 62
62 96
62 83
62 97
10 98
70 87
34 94
55 68
31 73
57 78
40 87
48 63
60 90
63 84
14 53
67 70
1 31
82 88
67 95
67 82
32 75
67 91
33 53
42 78
57 81
20 41
4 39
10 36
21 49
44 95
45 82
19 57
70 91
0 64
57 77
2 6
52 95
51 97
72 91
40 70
60 76
23 97
45 55
9 75
70 95
9 48
6 56
21 84
10 75
10 48
83 96
83 97
17 85
30 58
19 64
45 70
44 45
4 30
26 98
58 70
19 69
96 97
