61 69
27 64
67 87
40 45
41 66
38 97
10 76
13 23
14 51
0 49
67 81
13 41
19 55
5 33
63 75
2 96
2 83
2 97
2 51
2 62
2 61
2 35
2 57
2 56
2 53
2 33
2 59
2 18
2 5
56 62
68 75
2 38
2 14
37 48
52 76
11 77
76 98
10 36
87 88
61 66
16 54
9 84
0 90
5 56
5 62
5 97
5 61
5 35
19 64
26 58
6 96
18 38
35 53
13 48
6 83
73 91
53 96
0 1
7 24
6 61
59 62
9 10
33 38
3 19
30 54
32 63
31 88
16 86
49 54
52 73
4 64
48 68
5 53
75 77
36 77
0 3
10 63
21 26
1 60
42 76
26 90
47 96
41 49
22 69
48 77
4 60
42 92
52 84
42 94
27 91
43 57
63 84
61 63
31 87
14 96
14 83
14 97
53 59
14 62
14 61
14 35
14 57
14 56
60 86
14 33
38 83
6 97
30 86
36 75
52 88
20 54
67 78
58 71
52 82
48 84
23 76
22 65
44 87
20 25
43 96
36 84
5 96
59 96
18 97
34 54
14 18
18 61
18 35
18 57
2 43
70 72
18 56
60 78
32 79
77 84
26 71
67 72
19 49
50 87
18 96
52 87
45 91
66 71
24 94
51 57
4 39
75 84
50 95
43 97
17 23
52 72
0 17
81 92
49 65
1 41
55 79
25 92
9 75
24 50
21 90
72 95
81 88
57 85
50 88
44 72
10 68
48 79
67 88
9 36
44 70
34 85
22 58
73 82
82 91
45 72
6 33
25 31
49 55
61 86
43 66
31 67
40 52
31 70
10 17
4 25
20 97
31 82
31 91
32 36
9 77
58 69
31 52
31 50
44 95
31 45
19 67
18 33
40 70
48 80
9 58
16 30
33 96
33 83
33 97
51 83
33 62
33 61
33 35
33 57
33 56
5 18
5 83
62 83
81 86
35 96
35 83
35 97
24 32
35 62
35 61
35 57
35 56
35 59
25 98
10 84
35 38
87 91
68 79
18 62
32 48
38 96
28 47
5 59
59 97
38 62
38 61
57 83
0 19
18 83
42 47
24 48
50 73
24 79
42 90
9 32
55 76
10 15
44 67
31 44
4 20
44 91
1 29
8 80
44 52
44 50
31 40
45 67
37 63
66 94
9 68
90 92
10 57
72 82
45 52
21 29
45 50
34 98
14 38
26 30
7 15
40 67
4 86
0 64
9 63
44 82
17 19
38 57
50 67
45 73
50 70
50 72
20 30
1 13
0 63
50 91
51 96
31 81
50 52
51 56
15 26
51 61
35 51
38 56
18 53
52 67
50 82
52 70
57 79
10 80
45 95
4 42
52 91
20 57
31 95
6 14
31 72
53 97
21 67
53 61
53 57
53 56
43 91
22 85
48 75
41 71
6 35
70 88
32 68
21 31
56 96
56 83
56 97
22 23
56 61
56 57
56 59
45 87
57 96
15 63
57 97
33 51
57 62
57 61
5 57
57 59
6 57
31 73
25 88
70 82
18 59
59 61
68 84
21 78
7 22
61 96
61 83
61 97
61 62
62 96
53 62
62 97
55 98
70 87
43 61
11 16
57 63
25 67
63 68
48 63
1 92
32 75
14 53
67 70
40 87
45 88
67 95
67 82
10 64
67 91
33 53
10 77
10 32
43 69
63 79
1 3
15 71
40 95
45 82
75 80
70 91
66 69
57 66
2 6
52 95
51 97
72 91
44 73
42 86
25 81
69 71
78 86
70 95
9 48
6 56
40 50
10 75
10 48
83 96
83 97
90 98
36 63
78 81
45 70
44 45
17 52
30 71
87 95
10 55
96 97
