0 36
31 88
67 87
87 95
36 81
38 97
28 81
32 75
5 14
54 63
68 94
43 63
19 21
5 33
61 71
2 96
2 83
2 97
2 51
2 62
2 61
2 35
2 57
2 56
2 53
2 33
2 59
2 18
2 5
56 62
36 49
2 38
2 14
37 69
78 84
22 42
24 65
31 57
87 88
27 98
47 90
63 86
44 90
5 56
5 62
5 97
5 61
5 35
30 60
9 68
6 96
14 38
35 53
27 85
6 33
87 91
53 96
45 73
43 98
6 61
59 62
9 78
38 83
55 61
63 68
32 63
70 88
66 78
10 19
48 64
67 92
9 84
14 51
63 75
4 31
19 64
10 63
13 24
4 9
15 25
75 84
4 45
71 96
43 73
16 64
45 95
29 43
41 57
9 32
21 86
52 73
63 84
55 97
31 87
14 96
14 83
14 97
18 38
14 62
14 61
14 35
14 57
14 56
49 81
14 33
59 83
6 97
22 30
19 24
52 88
75 86
23 76
0 63
52 82
48 84
10 42
19 90
23 81
17 23
57 80
21 96
5 96
59 96
18 97
40 67
14 18
18 61
18 35
18 57
26 29
70 72
18 56
32 79
32 84
15 57
2 25
67 72
0 22
50 87
18 96
52 87
45 91
19 48
63 69
51 57
31 73
22 58
50 95
25 71
69 76
52 72
58 86
42 67
26 54
60 67
13 81
75 79
9 75
54 90
7 49
40 82
67 73
48 68
50 88
44 72
10 68
48 79
67 88
4 69
44 70
31 75
30 42
25 57
82 91
45 72
33 59
41 55
39 42
50 73
88 95
31 67
21 49
31 70
9 10
0 71
34 80
31 82
31 91
1 22
17 98
20 69
31 52
31 50
16 71
31 45
76 77
18 33
40 91
48 78
4 52
84 92
33 96
33 83
33 97
53 83
33 62
33 61
33 35
33 57
33 56
5 18
5 83
62 83
31 40
35 96
35 83
35 97
8 21
35 62
35 61
35 57
35 56
35 59
22 36
10 84
35 38
52 66
55 60
18 62
32 48
38 96
25 98
53 59
59 97
38 62
38 61
57 83
30 77
18 83
20 24
49 60
1 10
10 30
10 34
25 61
10 32
4 77
44 67
31 44
48 58
44 91
16 47
73 82
44 52
44 50
23 98
45 67
10 86
68 79
15 76
26 66
41 71
72 95
45 52
25 41
45 50
20 86
38 51
9 79
17 36
40 52
1 42
3 20
9 63
44 82
1 19
38 57
50 67
1 34
50 70
50 72
0 26
10 78
63 79
50 91
51 96
49 66
50 52
51 56
21 77
51 61
35 51
38 56
18 53
52 67
50 82
52 70
41 61
20 36
15 81
43 76
52 91
43 54
31 95
5 6
31 72
53 97
55 57
53 61
53 57
53 56
13 85
11 47
48 75
0 61
6 35
37 43
40 70
24 90
56 96
56 83
56 97
58 63
56 61
56 57
56 59
45 87
57 96
87 92
57 97
6 18
57 62
57 61
5 57
57 59
6 57
3 44
91 95
70 82
33 51
59 61
43 69
52 92
50 77
61 96
61 83
61 97
61 62
62 96
53 62
62 97
7 77
70 87
84 90
20 64
36 66
40 44
17 94
48 63
0 25
7 26
14 53
67 70
72 87
45 88
67 95
67 82
64 86
67 91
33 53
10 79
11 85
66 67
1 30
10 58
48 86
16 26
45 82
76 81
70 91
32 68
4 24
2 6
52 95
51 97
72 91
0 54
15 80
13 55
77 97
68 75
70 95
9 48
6 56
40 50
10 75
10 48
83 96
83 97
1 80
57 71
17 65
45 70
44 45
32 94
3 66
88 91
42 92
96 97
