26 30
31 88
67 87
55 98
13 37
38 97
45 73
17 52
38 59
23 25
22 47
63 64
40 86
5 33
10 36
2 96
2 83
2 97
2 51
2 62
2 61
2 35
2 57
2 56
2 53
2 33
2 59
2 18
2 5
56 62
9 68
2 38
2 14
0 61
11 22
20 92
11 77
57 86
23 49
77 86
13 80
19 81
24 77
5 56
5 62
5 97
5 61
5 35
16 19
9 79
6 96
14 38
35 53
73 91
6 33
87 91
53 96
50 73
22 52
6 61
59 62
68 79
18 83
19 26
63 68
32 63
70 88
10 24
81 86
10 43
48 86
9 84
18 51
63 75
7 21
54 85
10 63
8 66
4 67
61 81
75 84
42 92
41 76
69 98
58 77
45 95
1 9
36 60
41 55
31 42
13 19
63 84
26 81
31 87
14 96
14 83
14 97
18 38
14 62
14 61
14 35
14 57
14 56
9 32
14 33
51 83
6 97
30 67
32 75
47 80
61 85
58 65
42 76
52 82
48 84
0 57
15 49
15 23
25 64
24 36
34 81
5 96
59 96
18 97
40 67
14 18
18 61
18 35
18 57
36 55
70 72
18 56
75 79
42 49
57 65
55 58
67 72
19 76
50 87
18 96
45 87
45 91
30 98
48 64
51 57
67 88
49 92
50 95
10 25
26 76
52 72
10 16
31 57
42 87
60 90
20 27
31 40
9 75
55 73
0 96
82 95
1 63
48 68
50 88
67 73
10 68
43 77
25 63
78 80
44 70
1 48
9 21
7 15
45 82
44 72
33 38
48 77
57 66
36 44
88 95
31 67
60 71
31 70
9 10
1 84
1 10
31 82
31 91
54 61
4 31
61 78
31 52
31 50
26 69
31 45
1 75
18 33
4 91
17 43
17 22
71 92
33 96
33 83
33 97
53 83
33 62
33 61
33 35
33 57
33 56
51 53
5 83
62 83
31 73
35 96
35 83
35 97
81 97
35 62
35 61
35 57
35 56
35 59
86 96
10 84
35 38
41 86
66 92
18 62
32 48
38 96
41 58
14 59
59 97
38 62
38 61
57 83
71 97
6 83
25 71
36 78
0 66
10 29
17 47
13 16
10 32
21 94
44 67
31 44
42 67
44 91
30 76
40 52
44 52
44 50
4 45
45 67
28 90
32 68
19 27
45 72
16 41
40 72
45 52
67 71
45 50
23 71
5 18
69 90
45 88
4 52
32 84
52 73
9 63
44 95
3 63
38 57
50 67
0 54
50 70
50 72
69 76
1 32
52 88
50 91
51 96
57 81
50 52
51 56
20 98
51 61
35 51
38 56
5 53
52 67
50 82
52 70
19 20
40 87
0 2
25 49
52 91
3 10
31 95
18 53
31 72
53 97
24 26
53 61
53 57
53 56
25 42
30 43
48 75
77 94
6 35
54 60
15 66
22 29
56 96
56 83
56 97
80 84
56 61
56 57
56 59
52 87
57 96
25 85
57 97
6 14
57 62
57 61
5 57
57 59
6 57
0 39
82 91
70 82
33 59
59 61
44 87
48 79
4 50
61 96
61 83
61 97
61 62
62 96
53 62
62 97
17 32
70 87
20 69
0 7
34 69
44 82
24 71
48 63
43 90
43 63
5 14
67 70
72 87
21 95
67 95
67 82
10 79
67 91
33 53
43 64
20 58
3 86
21 63
34 98
64 75
4 94
82 88
24 48
70 91
68 84
40 70
2 6
52 95
51 97
72 91
49 54
63 79
66 78
37 78
68 75
70 95
9 48
6 56
40 50
10 75
10 48
83 96
83 97
43 66
30 79
36 90
45 70
44 45
15 21
22 57
88 91
55 90
96 97
