0 70
52 88
67 87
9 84
3 15
38 97
55 69
57 63
53 62
49 90
19 22
41 77
4 55
5 33
0 67
2 96
2 83
2 97
2 51
2 62
2 61
2 35
2 57
2 56
2 53
2 33
2 59
2 18
2 5
56 62
48 68
2 38
2 14
63 84
11 92
50 82
0 52
7 32
66 97
25 26
25 43
23 48
1 73
5 56
62 83
5 97
5 61
5 35
42 77
32 63
6 96
5 62
35 53
52 95
6 33
37 76
53 96
32 75
9 25
6 61
5 38
31 81
18 83
47 80
30 57
42 98
70 95
21 79
3 85
43 75
73 92
81 86
18 59
63 75
26 75
24 48
10 63
24 26
25 75
16 19
58 73
31 78
44 72
27 58
0 20
10 43
26 63
8 63
49 80
10 26
55 86
21 68
20 22
31 87
14 96
5 83
14 97
38 83
14 62
14 61
14 35
14 57
14 56
67 73
14 33
14 53
6 97
44 70
16 68
67 81
20 86
54 90
64 86
52 82
40 48
31 72
21 39
58 94
24 63
1 17
13 15
5 96
59 96
18 97
17 76
14 18
18 61
18 35
18 57
27 94
0 45
18 56
7 81
32 40
60 71
17 98
42 45
28 71
36 50
18 96
45 87
45 91
22 42
64 78
51 57
31 60
1 76
36 87
50 73
10 69
32 84
87 91
85 88
9 43
48 73
66 78
23 55
87 88
10 57
88 91
41 55
71 85
24 40
47 66
44 95
15 54
25 84
71 78
13 21
32 43
19 42
0 50
9 75
82 87
30 49
33 38
4 40
31 82
0 95
91 95
31 67
68 69
31 70
9 10
66 71
31 88
10 40
31 91
41 42
54 79
50 87
31 52
31 50
17 49
31 45
10 61
18 33
82 91
9 26
36 67
70 87
33 96
33 83
33 97
6 14
33 62
33 61
33 35
33 57
33 56
14 83
38 62
6 62
69 71
35 96
35 83
35 97
22 80
35 62
35 61
35 57
35 56
35 59
11 34
10 84
35 38
4 97
36 44
18 62
32 48
38 96
4 63
14 59
59 97
14 38
38 61
57 83
70 88
51 53
1 47
48 75
61 66
40 75
19 86
23 69
10 32
2 66
44 67
31 44
10 68
44 91
45 72
68 77
44 52
44 50
22 54
45 67
13 30
21 49
71 80
13 73
67 82
25 48
45 52
1 4
45 50
77 98
5 18
0 61
34 92
29 58
40 63
48 84
9 63
50 95
36 52
38 57
50 67
70 72
50 70
30 90
19 96
4 96
86 94
50 91
51 96
25 63
50 52
51 56
4 76
51 61
35 51
38 56
18 53
52 67
45 82
52 70
50 72
72 88
36 72
31 79
52 91
9 65
31 95
33 53
15 20
53 97
10 25
53 61
53 57
53 56
52 72
79 81
20 81
7 86
6 35
41 98
30 64
45 88
56 96
56 83
56 97
40 57
56 61
56 57
56 59
52 87
57 96
57 66
57 97
33 59
57 62
57 61
5 57
57 59
6 57
43 63
45 95
43 48
53 83
59 61
67 79
75 84
60 67
61 96
61 83
61 97
61 62
62 96
59 83
62 97
41 57
70 82
55 68
1 60
29 77
44 82
67 72
48 63
67 88
65 78
5 51
67 70
21 92
23 68
67 95
52 61
9 48
67 91
18 51
54 57
79 91
58 77
10 24
31 36
82 95
42 81
72 91
16 34
70 91
10 52
1 37
2 6
77 90
51 97
15 61
22 69
64 79
24 84
49 76
50 86
44 87
19 64
6 56
9 32
10 75
10 48
83 96
83 97
17 90
3 98
30 92
45 70
44 45
43 84
76 90
16 52
19 20
96 97
