13 63
10 88
49 91
31 86
40 63
38 97
21 75
28 79
53 62
52 88
24 69
8 20
43 81
6 33
16 86
2 96
2 83
2 97
2 51
2 62
2 61
2 35
2 57
2 56
2 53
2 33
2 59
2 18
2 5
56 62
73 76
2 38
2 14
19 68
10 52
41 85
24 57
70 88
0 73
1 9
15 90
3 48
70 72
5 56
62 83
5 97
5 61
5 35
4 48
32 63
6 96
5 83
35 53
52 95
5 33
44 88
53 96
17 41
73 94
6 61
38 62
26 47
18 83
63 66
30 61
2 42
66 68
17 54
54 73
19 25
9 84
9 43
59 83
20 55
4 69
49 67
19 66
71 75
26 49
32 84
1 63
25 98
57 94
63 84
19 42
75 80
0 80
1 32
10 45
4 32
20 60
10 16
34 58
31 87
14 96
6 62
14 97
33 38
14 62
14 61
14 35
14 57
14 56
30 79
14 33
14 53
6 97
44 70
50 82
0 75
40 73
23 48
79 85
52 82
40 48
31 72
31 95
10 67
43 63
67 87
71 76
5 96
59 96
18 97
7 90
14 18
18 61
18 35
18 57
10 31
22 26
18 56
66 78
32 40
7 30
64 90
55 67
36 86
16 81
18 96
87 95
45 91
4 63
25 64
51 57
48 77
1 48
11 95
13 25
24 55
26 64
88 91
27 81
81 84
17 20
61 71
20 98
50 88
24 77
36 45
25 92
25 42
29 41
52 72
31 88
15 64
3 37
40 84
45 72
32 43
86 91
17 30
9 32
57 75
32 77
18 38
21 98
82 95
87 94
29 71
31 67
22 27
31 70
81 90
36 52
45 88
63 79
31 91
26 31
15 37
50 87
31 52
31 50
17 60
31 45
24 68
18 33
31 36
16 96
15 30
70 87
33 96
33 83
33 97
14 51
33 62
33 61
33 35
33 57
33 56
14 83
5 62
6 51
45 87
35 96
35 83
35 97
63 82
35 62
35 61
35 57
35 56
35 59
55 77
10 44
35 38
22 49
0 97
18 62
32 48
38 96
49 55
14 59
59 97
18 51
38 61
57 83
54 66
33 53
21 47
3 42
10 91
52 98
69 90
24 79
52 86
39 67
44 67
31 44
77 90
44 91
44 72
42 81
44 52
44 50
10 72
45 67
21 25
22 65
26 60
19 63
10 86
73 80
45 52
71 81
45 50
52 58
5 18
13 66
0 71
4 9
7 75
48 84
9 63
45 98
9 11
38 57
50 67
70 95
50 70
63 77
68 92
40 43
25 68
50 91
51 96
54 76
50 52
51 56
42 71
51 61
35 51
38 56
18 53
52 67
31 82
52 70
50 72
21 67
22 91
22 75
52 91
50 86
67 95
53 83
1 4
53 97
23 58
53 61
53 57
53 56
57 80
10 50
0 61
1 40
6 35
0 57
20 21
4 84
56 96
56 83
56 97
10 87
56 61
56 57
56 59
52 87
57 96
23 60
57 97
38 59
57 62
57 61
5 57
57 59
6 57
43 48
10 36
36 67
5 53
59 61
57 66
65 69
13 43
61 96
61 83
61 97
61 62
62 96
38 83
62 97
48 79
70 82
47 85
67 82
68 78
82 87
67 72
48 63
67 88
0 76
5 14
67 70
30 42
10 82
50 95
61 75
9 48
67 91
33 59
41 92
41 78
23 79
48 78
72 82
54 78
34 68
72 91
15 58
70 91
9 61
19 92
2 6
1 84
51 97
75 92
10 95
19 75
45 86
34 64
9 40
44 87
31 49
6 56
58 69
76 96
10 70
83 96
83 97
44 95
36 50
76 97
45 70
44 45
55 68
57 73
43 84
69 77
96 97
