32 84
72 95
67 87
40 52
2 76
38 97
67 88
26 71
18 51
0 63
34 97
63 68
57 60
33 51
19 63
2 96
2 83
2 97
2 51
2 62
2 61
2 35
2 57
2 56
2 53
2 33
2 59
2 18
2 5
56 62
71 77
2 38
2 14
4 55
45 49
55 68
67 81
10 69
84 86
10 84
30 63
9 32
1 42
5 56
5 62
5 97
5 61
5 35
61 76
54 77
6 96
59 83
35 53
21 92
53 83
40 72
53 96
10 57
9 66
6 61
53 62
13 19
33 59
4 85
10 42
48 94
43 65
63 81
10 32
9 84
9 63
58 94
18 38
13 30
43 80
68 84
10 63
63 75
8 21
73 79
76 96
54 57
21 90
13 43
16 64
39 81
30 58
1 92
48 84
7 77
36 50
23 79
3 37
31 95
14 96
14 83
14 97
5 38
14 62
14 61
14 35
14 57
14 56
49 52
14 33
14 18
6 97
60 98
0 48
87 88
31 40
24 43
19 47
52 82
0 9
0 10
22 58
92 98
25 26
48 80
61 71
5 96
59 96
18 97
31 88
18 62
18 61
18 35
18 57
25 78
70 82
18 56
75 86
36 52
81 86
19 75
10 19
4 17
50 87
18 96
52 87
45 91
36 67
4 15
51 57
70 88
32 69
50 95
30 66
44 87
1 75
54 71
67 73
67 72
16 34
61 78
17 90
1 7
41 47
54 61
40 70
9 68
48 86
50 88
22 24
72 87
48 77
70 72
25 71
44 70
40 95
1 80
34 64
82 91
45 72
33 38
40 44
76 97
20 73
32 66
31 67
25 77
31 70
10 86
24 65
11 64
31 82
31 91
44 95
31 36
31 87
31 52
31 50
47 79
31 45
16 67
18 33
26 60
82 87
3 20
19 73
33 96
33 83
33 97
6 83
33 62
33 61
33 35
33 57
33 56
38 62
5 83
6 59
10 30
35 96
35 83
35 97
66 68
35 62
35 61
35 57
35 56
35 59
32 86
43 96
35 38
87 91
71 73
6 62
41 79
38 96
40 50
51 53
59 97
5 18
38 61
57 83
15 55
18 83
10 68
43 91
57 77
79 92
1 10
29 31
69 75
43 90
44 67
31 44
25 27
44 91
31 98
0 16
44 52
44 50
91 95
45 67
44 82
20 22
25 61
70 95
10 24
90 92
45 52
4 42
45 50
68 98
14 59
17 64
15 67
28 85
26 57
26 43
63 69
36 44
3 11
38 57
50 67
42 75
50 70
50 72
32 63
42 55
9 75
50 91
51 96
57 76
50 52
51 56
0 23
51 61
35 51
38 56
18 53
52 67
50 82
52 70
52 72
52 95
45 95
27 52
52 91
49 79
23 42
5 14
31 72
53 97
36 45
53 61
53 57
53 56
4 73
55 80
48 75
21 22
6 35
45 88
77 78
22 76
56 96
56 83
56 97
58 78
56 61
56 57
56 59
45 87
57 96
37 94
57 97
5 33
57 62
57 61
5 57
57 59
6 57
20 79
66 98
45 82
14 38
59 61
57 71
63 66
15 21
61 96
61 83
61 97
61 62
62 96
62 83
62 97
60 78
70 87
4 23
82 88
48 66
21 81
15 17
48 63
20 24
17 85
14 53
67 70
1 24
63 86
67 95
67 82
9 86
67 91
33 53
36 41
29 41
48 69
32 48
58 90
22 64
41 52
81 90
81 84
70 91
75 84
7 25
2 6
52 88
51 97
72 91
88 91
40 67
25 30
9 10
26 49
13 55
9 48
6 56
50 73
10 75
10 48
83 96
83 97
0 19
31 49
20 54
45 70
44 45
63 84
0 68
42 69
32 49
96 97
