12 17
32 46
3 43
21 49
12 26
3 57
8 51
48 60
6 58
15 42
12 21
0 21
32 50
3 30
32 57
42 56
20 52
6 7
11 45
0 16
33 42
33 56
12 58
21 43
8 44
33 34
43 59
38 58
3 39
12 52
40 47
28 49
18 47
13 16
30 49
27 44
12 56
20 44
22 42
7 25
40 57
52 56
15 56
11 56
12 27
14 44
3 8
21 23
0 30
37 54
4 59
31 48
1 28
44 51
29 31
38 46
10 29
30 43
13 60
7 11
25 58
45 48
19 22
44 54
6 28
23 59
12 33
14 32
16 17
47 49
9 42
15 59
25 32
11 32
30 48
12 30
44 58
44 48
43 45
3 32
39 48
18 57
32 53
9 40
4 32
27 49
12 15
0 59
26 51
10 38
19 55
0 56
42 44
3 45
32 52
12 32
14 22
4 60
17 45
20 31
13 28
30 35
9 12
15 46
1 29
2 9
12 42
13 23
26 53
44 53
23 51
11 15
21 37
17 27
13 14
12 14
13 45
16 44
17 43
18 34
28 45
36 40
25 43
0 57
11 21
35 42
7 26
8 19
3 17
15 25
47 51
49 51
15 32
33 52
32 55
21 47
16 31
9 31
6 41
15 30
43 44
25 31
5 31
49 52
15 16
14 47
22 25
0 14
30 56
43 58
4 21
24 40
2 20
25 59
10 27
12 48
26 49
43 47
23 44
3 20
17 22
16 45
32 44
19 32
35 37
11 29
26 59
15 23
1 32
17 56
9 49
48 58
15 17
45 49
16 27
38 47
9 59
4 16
21 33
11 33
6 52
42 49
12 20
9 17
18 46
21 48
0 35
42 48
34 50
16 56
11 50
8 31
15 52
45 46
26 58
5 23
22 32
23 58
6 8
13 27
14 26
12 46
4 28
8 32
0 52
16 42
12 43
27 32
23 52
13 42
14 15
48 52
20 34
7 56
17 33
32 58
29 30
21 32
9 32
46 59
22 56
0 49
17 52
45 59
32 51
16 30
32 49
21 25
37 47
26 31
25 54
14 48
3 15
14 30
32 56
32 45
14 43
28 32
32 43
15 48
32 42
9 27
32 33
2 60
9 33
14 33
12 23
33 49
7 32
0 32
7 47
9 43
30 33
1 22
45 56
44 45
13 29
33 48
30 45
15 31
0 7
23 56
32 47
21 45
32 39
41 48
15 33
47 52
25 26
7 43
16 43
26 46
14 21
27 59
11 17
30 38
26 39
21 42
19 23
0 44
31 44
21 30
11 14
16 59
48 56
4 5
30 47
3 11
26 48
15 47
3 21
10 41
11 26
32 48
17 58
16 32
33 44
17 32
0 43
25 47
52 58
30 31
15 45
