14 18
26 33
16 58
9 23
7 22
13 42
47 59
12 47
48 56
8 26
12 55
1 32
27 49
26 38
43 44
35 39
12 21
12 32
8 47
3 58
42 56
9 12
15 56
7 8
20 56
32 52
0 25
12 59
15 59
18 20
12 14
14 41
38 48
29 30
30 32
7 52
16 48
1 57
46 47
13 36
30 58
2 20
16 44
20 32
14 59
37 47
5 56
23 48
6 49
11 37
17 23
11 21
9 56
26 54
3 14
26 31
27 32
13 15
23 40
14 25
44 47
40 42
3 15
37 60
7 21
16 49
25 45
14 32
29 40
3 31
52 53
33 44
9 33
11 32
16 31
28 56
33 60
17 30
21 59
9 32
3 7
29 57
16 19
3 50
26 34
8 44
32 42
16 43
44 49
31 32
3 51
26 32
0 43
21 35
27 46
27 30
15 52
9 21
27 42
9 48
12 52
19 50
32 40
25 26
42 52
0 33
48 52
11 25
0 34
30 47
31 42
32 48
17 58
20 34
43 49
30 45
14 28
8 56
17 26
32 49
0 32
43 52
8 25
25 28
12 51
9 43
25 30
47 56
25 52
38 49
15 43
9 30
15 32
43 58
30 44
22 32
10 44
45 58
12 27
2 6
21 55
7 32
14 34
16 59
15 58
11 16
11 47
11 56
17 44
30 59
44 56
21 32
11 23
10 48
4 19
40 51
46 48
1 43
30 48
13 33
15 33
4 12
14 44
44 45
27 29
10 51
26 52
31 33
16 46
15 21
22 47
22 33
22 59
5 19
4 23
23 59
43 54
12 20
32 39
13 16
21 45
11 30
18 28
26 30
28 58
15 26
7 46
11 22
23 37
3 21
17 31
43 46
29 54
25 32
30 42
28 51
13 21
7 15
20 33
52 59
6 31
12 43
17 47
0 45
12 48
26 45
6 41
29 51
0 16
19 46
5 57
9 44
17 39
48 49
15 25
25 33
4 42
42 45
3 32
13 35
1 52
4 31
32 45
39 43
48 60
21 33
12 42
32 59
3 56
9 24
15 31
16 17
12 31
8 13
32 56
32 43
42 48
32 38
33 46
14 47
27 45
23 49
32 33
0 57
28 45
0 14
30 56
43 53
0 60
9 52
14 49
21 57
0 21
6 18
13 32
17 53
44 58
22 49
45 48
12 17
15 45
4 49
32 47
11 48
23 33
26 49
30 33
3 52
12 15
27 51
21 50
32 44
3 43
2 27
4 47
11 41
22 23
15 49
35 58
15 48
23 32
14 56
31 58
21 44
15 30
0 17
7 45
11 38
16 21
45 47
17 48
42 59
12 45
0 6
17 56
16 32
42 44
17 32
14 15
0 44
43 45
10 32
32 58
