20 49
3 23
44 52
27 60
17 38
30 43
27 34
33 58
14 45
51 58
21 56
11 12
26 47
31 49
24 46
14 22
20 43
12 32
52 56
41 57
9 46
14 31
39 46
23 53
23 60
32 52
6 25
9 49
10 47
20 47
11 43
7 33
31 52
31 43
30 32
30 52
44 48
0 15
47 48
0 21
0 43
3 52
12 48
26 44
9 48
4 32
40 56
0 49
20 31
27 45
26 33
14 48
3 45
12 25
37 59
28 45
27 32
42 46
20 48
0 44
12 47
15 58
43 56
28 33
21 26
4 31
35 45
14 32
12 15
12 16
12 14
32 40
12 21
11 32
19 52
11 17
30 56
22 58
3 34
9 32
16 30
45 47
32 34
3 15
15 49
35 49
32 42
11 25
29 59
31 32
2 40
26 32
11 19
12 49
28 44
22 44
33 42
8 50
16 44
11 38
42 45
18 41
13 19
11 42
8 35
9 60
6 14
9 42
21 53
48 59
44 47
32 48
15 56
16 25
50 51
7 42
14 44
23 27
9 15
32 49
0 32
7 21
27 59
26 40
8 33
25 26
30 58
44 56
22 32
3 11
15 43
42 54
15 32
14 33
8 12
26 48
12 44
11 30
15 16
22 48
30 48
7 32
28 38
50 55
13 26
21 49
30 47
9 23
0 31
27 48
16 21
21 32
21 54
4 33
21 51
2 29
3 16
25 36
0 23
1 43
17 43
22 28
27 39
21 33
10 19
3 59
3 43
22 51
6 7
4 44
18 30
21 58
16 47
14 47
12 40
12 53
18 56
17 23
25 27
15 30
52 55
12 45
45 49
6 48
9 11
16 17
29 56
4 43
0 3
42 48
12 13
12 52
33 44
25 32
4 14
7 48
14 26
8 51
1 32
58 59
51 60
0 25
25 41
11 15
1 46
14 19
33 56
0 13
1 2
16 51
5 43
26 52
15 44
27 56
11 44
42 59
31 56
30 35
3 32
7 15
30 57
8 47
32 45
15 20
23 37
47 56
0 9
32 59
28 58
23 59
25 42
29 47
30 49
7 16
32 56
32 43
0 14
26 58
42 47
13 33
48 57
21 30
32 33
9 45
15 45
49 54
30 44
13 37
32 39
43 52
15 21
23 45
30 45
42 52
13 32
32 38
39 44
15 42
21 59
49 59
17 31
12 17
32 47
5 8
13 17
16 20
3 5
6 57
26 45
10 13
17 28
32 44
0 17
7 37
33 43
25 58
14 46
22 56
29 49
18 48
23 32
33 59
17 46
9 33
29 38
15 17
6 34
16 46
31 58
21 43
17 56
21 45
26 43
48 52
4 52
16 32
23 31
17 32
12 57
17 30
10 15
16 45
32 58
