29 52
6 48
56 58
12 45
44 58
51 53
32 35
27 43
9 55
42 45
7 11
3 4
7 45
15 47
15 48
16 45
12 54
12 32
17 59
11 59
27 30
12 31
35 52
9 44
21 33
32 52
17 48
12 16
22 56
7 17
23 42
7 48
21 29
15 33
30 32
13 46
12 43
16 54
31 47
14 57
3 52
18 27
3 56
20 26
4 47
23 49
35 41
4 13
36 45
30 48
4 32
26 33
21 48
8 43
4 30
17 45
27 32
48 59
20 56
38 52
0 56
21 30
28 46
13 49
3 59
14 49
11 47
14 32
12 15
12 34
20 21
17 22
0 25
11 32
15 59
0 6
30 50
22 51
18 29
9 32
21 31
11 12
23 31
3 40
33 45
7 33
32 42
22 44
43 52
31 32
51 52
26 32
23 45
38 50
31 58
7 16
15 45
3 51
21 43
26 43
8 32
9 51
26 49
0 10
21 45
15 18
4 56
44 47
45 49
0 21
44 45
32 48
15 56
13 52
9 21
2 25
32 38
17 20
5 28
32 49
0 32
0 42
12 20
43 58
10 60
43 45
21 59
12 50
29 46
37 55
15 43
0 15
15 32
15 25
47 59
53 54
14 60
25 49
52 56
13 15
13 41
7 32
34 46
24 46
14 47
44 57
44 49
19 34
23 25
2 31
6 11
21 32
28 48
7 37
17 42
33 48
17 49
20 38
26 31
44 48
33 53
16 51
12 42
12 21
16 22
16 43
3 9
31 44
3 10
27 39
25 26
23 48
8 14
9 16
17 47
19 21
5 29
14 56
25 40
3 28
29 30
15 52
15 30
0 35
30 47
40 56
14 42
26 57
14 18
12 33
17 43
1 44
9 12
25 32
11 15
25 48
2 17
19 27
9 31
15 28
26 45
23 44
0 11
47 58
0 59
5 49
11 39
30 33
20 48
30 56
47 56
22 32
13 47
45 48
52 58
30 44
33 49
17 23
3 32
3 16
8 57
6 19
32 45
42 44
28 42
30 51
32 60
32 59
14 21
25 57
11 16
12 30
23 26
45 58
32 56
32 43
15 21
14 43
6 8
39 52
30 31
21 25
32 33
10 27
7 12
19 56
30 49
14 26
27 31
48 56
9 43
12 17
40 58
1 26
13 32
4 58
43 49
8 16
46 56
23 58
14 15
30 42
32 47
6 37
1 59
8 22
48 49
16 33
33 42
15 16
43 47
32 44
21 44
9 23
16 59
42 43
9 28
17 34
11 58
12 44
23 32
0 52
33 44
27 44
1 25
11 46
11 38
42 59
14 39
22 33
14 48
33 37
32 41
26 40
47 52
16 32
30 60
17 32
13 42
0 27
0 26
3 46
32 58
