17 47
13 42
12 25
9 45
7 16
5 33
6 45
1 29
0 23
43 44
15 49
9 26
45 56
33 57
47 49
23 35
12 43
12 32
7 17
22 32
13 16
4 44
6 32
6 55
11 21
32 52
4 16
8 49
19 26
14 44
31 55
26 30
2 58
22 48
30 32
4 27
44 45
42 48
22 49
12 47
11 12
24 33
8 32
0 52
46 49
16 26
31 58
34 44
32 40
44 59
43 56
18 43
3 23
23 45
5 60
9 15
27 32
12 45
30 48
21 59
17 49
43 48
20 30
45 51
25 60
0 35
26 46
14 32
12 15
43 49
15 52
13 51
0 8
11 32
43 52
27 30
7 44
25 56
14 43
9 32
8 59
9 34
33 43
33 46
17 21
31 38
32 42
18 60
48 59
31 32
44 46
26 32
48 52
31 48
2 7
12 52
21 22
21 52
20 58
30 43
48 53
16 28
20 40
4 11
11 52
6 44
43 45
32 54
21 38
33 58
12 44
32 48
20 26
15 47
14 42
18 39
0 16
34 59
43 54
32 49
0 32
21 30
11 33
28 32
26 45
16 21
3 52
17 45
12 56
17 51
15 17
6 41
15 32
42 58
44 48
42 57
26 47
11 42
7 13
15 48
15 30
7 32
30 44
47 56
40 56
7 10
31 42
3 30
28 44
27 42
16 23
21 32
21 51
13 22
17 56
0 56
4 18
16 31
23 50
15 51
15 56
14 30
0 60
47 57
25 45
15 42
12 21
15 33
4 14
21 29
46 52
13 49
9 23
17 48
21 42
28 29
11 16
0 15
3 4
8 11
31 40
3 11
45 48
3 5
0 17
14 40
42 50
14 25
21 33
23 48
20 53
19 43
30 58
25 32
47 48
33 45
12 48
0 12
25 28
22 37
14 27
13 38
14 57
16 49
0 1
30 38
9 14
26 43
17 44
20 44
16 54
51 59
9 12
25 46
22 36
12 37
10 33
27 29
3 32
17 28
26 59
22 23
32 45
19 53
42 59
33 41
7 58
32 59
29 51
26 56
9 48
35 57
27 28
33 48
32 56
32 43
3 26
30 46
39 56
30 47
25 31
19 52
32 33
25 58
14 56
31 43
23 59
12 35
49 58
7 30
3 17
19 21
29 45
25 33
13 32
15 31
9 52
14 47
11 17
47 59
34 52
13 20
32 47
21 49
3 10
6 15
9 47
1 42
33 44
11 49
11 25
32 44
56 59
31 44
27 39
23 58
0 47
12 14
16 30
16 58
23 32
32 46
15 21
0 21
1 10
12 27
37 47
27 45
3 15
15 45
8 37
2 56
41 56
15 43
3 38
16 32
8 39
17 32
14 52
26 49
12 50
9 30
32 58
