37 59
2 13
7 17
42 57
33 43
16 26
3 31
15 16
29 34
43 58
0 52
9 11
33 48
13 47
11 31
30 47
22 58
12 32
14 41
22 32
26 48
4 38
11 45
8 31
4 6
32 52
17 45
15 39
45 50
15 51
42 59
25 52
20 22
15 25
30 32
42 44
17 44
1 48
12 21
30 49
7 12
30 44
14 43
7 21
4 47
9 41
29 58
12 33
17 40
47 52
6 35
23 27
53 59
3 10
14 28
50 54
27 32
14 17
30 42
7 29
26 56
21 22
13 23
4 54
7 19
2 16
11 44
14 32
0 43
21 49
28 32
25 48
12 52
11 32
5 57
49 52
12 15
24 39
26 30
9 32
29 48
8 21
37 42
11 47
12 17
40 48
32 42
12 49
48 49
31 32
15 45
26 32
47 56
45 49
22 33
17 47
52 59
26 43
12 23
49 58
3 33
15 58
47 57
27 41
15 52
33 34
23 30
17 21
17 42
16 21
14 23
32 48
0 21
30 48
1 23
42 53
14 30
34 43
25 43
32 49
0 32
20 53
11 48
15 20
12 31
34 39
18 60
1 28
43 46
52 57
51 60
32 54
15 32
9 44
6 8
12 51
15 43
14 48
13 33
17 59
18 55
7 32
14 44
14 40
0 12
8 52
13 31
56 59
21 43
32 40
13 17
21 32
0 48
46 49
20 33
0 29
13 45
15 22
21 31
16 38
37 45
10 26
42 47
6 32
0 19
11 21
47 58
28 44
21 30
3 26
4 48
28 39
8 43
51 56
11 49
42 58
5 25
0 17
16 48
15 30
15 38
9 58
43 56
14 33
26 27
38 47
11 16
20 59
3 23
35 58
3 43
27 46
15 49
25 32
22 30
13 16
45 59
27 29
12 16
30 33
44 56
33 45
25 55
35 44
12 26
40 59
12 30
9 15
5 56
16 49
44 49
43 51
21 25
25 45
9 26
10 59
21 48
9 25
3 32
21 46
16 44
18 43
32 45
20 27
0 51
20 51
44 46
32 59
14 16
23 31
31 35
9 46
9 27
7 44
32 56
32 43
15 26
0 42
3 19
3 12
0 22
31 56
32 33
15 60
16 45
14 45
3 21
52 56
3 28
4 56
6 11
12 45
30 56
14 21
13 32
18 56
6 15
30 58
36 46
8 32
4 19
7 56
32 47
27 49
9 60
28 30
1 38
23 45
9 47
12 48
26 33
32 44
27 52
25 56
19 25
33 56
16 52
10 33
0 59
0 44
23 32
32 46
14 31
11 30
11 42
17 43
48 57
17 23
8 44
2 45
37 50
42 45
26 31
23 47
44 52
16 32
44 47
17 32
33 42
12 58
7 15
3 48
32 58
