33 56
33 48
1 31
12 42
33 57
29 34
55 57
22 52
14 48
49 56
46 48
11 12
9 44
44 51
3 52
16 47
49 51
12 32
1 15
22 32
26 33
0 43
16 56
6 20
12 56
32 52
12 30
26 42
16 40
43 47
12 58
14 17
26 49
44 49
30 32
0 16
19 45
10 29
13 25
35 58
30 45
14 21
42 48
42 45
48 59
26 39
2 5
18 58
8 11
15 58
7 15
21 48
33 60
0 40
30 56
23 47
27 32
28 52
20 33
4 9
31 45
20 43
8 32
12 13
3 9
3 47
15 30
14 32
0 21
12 59
11 48
11 17
14 58
11 32
13 15
17 22
0 12
15 59
0 48
9 32
16 53
32 35
15 48
18 31
16 55
1 52
32 42
22 51
0 14
31 32
30 59
26 32
13 48
0 56
30 52
42 43
8 47
57 59
47 49
47 56
15 25
18 30
12 25
26 31
15 27
38 42
7 31
0 46
30 46
20 46
4 58
32 48
43 49
2 22
21 28
17 26
3 13
1 10
30 44
32 49
0 32
39 47
33 46
29 46
16 26
23 44
3 41
39 59
3 14
12 46
14 16
3 43
15 32
12 21
11 28
51 56
6 28
30 38
44 48
35 42
11 39
7 32
33 47
9 19
40 59
28 44
20 24
25 43
11 31
26 52
14 23
21 32
43 48
0 45
12 45
33 34
3 17
27 31
12 14
51 54
28 30
6 32
21 56
17 49
13 16
6 38
23 59
16 45
5 43
8 44
45 47
14 26
9 33
17 58
40 44
25 27
17 38
17 45
13 33
44 52
4 32
14 31
22 25
3 58
2 11
11 30
25 44
26 45
23 45
28 45
21 45
34 57
31 44
25 32
23 27
27 57
4 27
0 30
10 16
12 48
30 42
17 25
12 33
6 33
34 44
23 43
14 37
16 43
15 22
7 52
21 38
20 32
23 42
11 56
43 52
0 4
21 47
9 17
3 32
58 59
7 21
3 29
32 45
11 14
37 51
50 60
27 45
32 59
29 59
15 60
15 42
11 26
21 27
30 31
32 56
32 43
9 21
16 21
7 43
8 49
23 60
6 29
32 33
45 51
48 58
37 41
0 25
19 50
16 52
15 21
17 47
48 56
9 15
44 56
13 32
10 30
21 52
18 53
27 30
49 53
19 43
26 56
32 47
8 13
7 33
31 56
15 49
23 25
42 44
23 56
9 49
32 44
4 7
14 15
36 52
47 54
12 49
9 47
42 59
35 48
23 32
32 46
15 45
19 54
37 49
12 44
17 21
5 26
9 20
8 43
42 52
7 50
25 58
21 22
12 40
16 32
15 17
17 32
15 43
3 4
33 44
41 48
32 58
