26 56
18 52
9 48
23 44
3 52
21 52
11 14
4 27
30 48
16 28
15 19
21 39
2 25
46 49
19 26
3 44
23 47
12 32
17 47
22 32
20 23
15 52
0 33
14 34
27 56
32 52
14 58
21 33
15 53
0 52
11 47
0 47
9 52
22 45
30 32
45 56
44 48
25 52
4 32
14 26
28 38
11 45
45 52
0 57
26 52
16 58
22 51
31 43
33 42
15 44
16 43
28 48
15 16
17 56
30 56
15 30
27 32
3 9
15 47
5 45
13 49
20 42
20 56
8 26
12 16
11 12
19 49
14 32
41 60
9 11
3 49
26 50
42 46
11 32
30 45
21 45
30 43
33 52
12 56
9 32
0 26
45 47
13 14
9 59
34 44
33 34
32 42
13 16
25 49
31 32
49 52
26 32
22 35
11 43
45 59
11 17
21 49
18 42
17 58
17 45
15 48
25 29
28 43
27 51
3 15
42 51
30 49
12 33
31 44
21 56
16 23
32 48
21 42
33 57
21 22
20 31
8 12
30 44
47 57
32 49
0 32
13 47
12 20
11 25
14 16
0 15
3 54
29 60
8 53
9 17
15 33
31 51
15 32
26 38
0 12
17 22
42 45
1 23
5 55
18 21
22 56
7 32
4 48
0 51
42 59
55 57
50 59
10 39
23 33
8 48
48 58
21 32
21 43
10 43
21 30
57 58
40 49
12 39
31 42
1 41
47 48
56 58
33 46
2 52
20 48
4 43
9 12
8 11
0 56
3 30
10 12
14 46
14 35
22 48
4 47
9 38
3 53
44 45
12 42
17 40
6 11
2 58
13 20
0 11
25 59
43 44
26 43
6 59
30 33
12 17
45 48
33 59
18 40
25 32
28 42
30 46
50 56
33 58
44 47
28 56
7 37
25 48
11 30
23 43
33 43
37 54
21 44
1 17
42 56
23 25
12 21
6 23
40 43
17 38
16 47
23 56
13 29
26 28
3 32
14 44
6 58
17 30
32 45
15 26
0 44
38 40
16 17
32 59
12 15
26 49
27 54
32 51
15 25
7 59
32 56
32 43
31 49
13 25
44 59
7 12
15 46
14 17
32 33
3 37
31 36
0 14
4 41
9 33
5 16
27 37
16 48
9 15
27 46
15 43
13 32
21 26
9 29
29 32
8 16
32 60
14 31
42 48
32 47
3 12
30 31
15 60
14 49
30 52
7 27
10 19
21 47
32 44
12 44
45 51
7 47
4 24
8 30
1 32
6 21
34 39
23 32
32 46
27 59
12 25
6 7
16 31
30 58
43 48
27 44
23 35
7 44
13 45
0 45
3 59
35 48
16 32
14 19
17 32
29 49
43 58
7 31
15 21
32 58
