8 16
3 58
31 45
51 57
27 58
15 30
12 30
5 28
25 59
21 23
30 35
26 47
13 15
17 58
28 49
43 48
12 25
12 32
31 56
23 56
8 22
0 59
23 47
7 46
1 40
32 52
31 51
3 4
33 44
31 38
33 53
40 50
16 29
11 30
30 32
20 37
7 59
33 35
20 47
21 53
44 57
42 54
2 12
11 12
15 41
15 22
11 15
21 25
3 42
9 12
47 48
38 49
36 46
47 58
45 56
3 25
27 32
7 33
17 39
12 31
9 44
15 16
15 23
7 14
12 20
30 44
52 59
14 32
12 48
20 34
15 18
14 48
11 23
11 32
12 15
9 14
25 45
3 45
21 51
9 32
33 49
0 25
21 48
31 46
25 49
6 45
32 42
21 22
19 56
31 32
10 42
26 32
33 45
42 58
12 59
21 30
10 22
29 49
2 43
12 33
38 56
9 33
9 29
27 55
20 59
17 52
25 33
8 55
27 59
47 56
1 58
32 48
4 12
15 56
17 48
11 43
30 48
16 56
22 30
32 49
0 32
31 48
14 46
17 21
4 50
42 56
23 40
0 45
56 58
31 34
32 60
35 48
15 32
25 52
32 53
0 31
42 52
28 57
10 45
13 19
19 48
7 32
22 26
19 27
14 44
16 60
6 54
43 47
20 32
14 26
6 42
21 32
16 52
45 49
14 16
22 32
16 49
23 43
30 33
38 54
40 48
21 44
7 18
11 45
30 59
11 21
43 52
6 14
7 30
30 52
4 32
11 22
26 60
0 44
17 30
26 33
23 49
3 44
47 59
52 56
16 21
15 21
9 16
17 57
49 56
51 60
35 49
0 39
17 28
13 18
46 50
23 44
8 48
25 32
29 48
33 43
3 11
5 45
16 27
32 51
1 13
13 14
14 45
26 49
43 44
15 17
17 49
0 17
25 26
2 26
43 58
42 46
9 17
43 45
13 26
28 32
0 12
19 24
3 32
37 58
29 39
16 45
32 45
11 40
3 43
9 42
8 11
32 59
33 42
12 21
27 39
14 33
3 15
37 43
32 56
32 43
15 48
8 26
48 56
38 41
31 52
6 27
32 33
51 52
12 28
15 27
44 58
8 44
34 52
7 34
25 27
11 44
7 44
1 4
13 32
14 56
10 47
14 47
3 26
12 47
20 58
43 57
32 47
43 56
15 52
44 47
21 29
0 3
26 43
30 42
4 59
32 44
15 59
16 48
21 42
0 15
14 30
28 51
15 43
0 21
23 32
9 45
13 30
23 52
0 48
6 12
0 26
45 47
12 44
18 37
9 30
17 47
4 44
21 41
13 49
16 32
16 42
17 32
23 33
9 46
5 31
17 46
32 58
