31 51
6 32
15 42
21 33
31 33
22 50
12 44
31 44
5 58
0 26
12 58
5 20
38 48
15 17
0 33
11 28
3 31
12 32
41 48
0 3
13 17
12 14
18 57
17 59
1 60
32 52
10 48
3 43
23 25
17 41
9 22
1 13
0 52
12 45
30 32
27 57
42 56
12 48
14 54
7 49
16 23
22 35
11 17
1 44
16 45
3 26
29 56
9 20
6 7
33 45
27 33
11 49
33 48
19 30
39 45
31 52
27 32
26 27
30 43
12 28
14 45
3 9
4 52
30 48
0 21
44 59
19 46
14 32
44 56
4 7
19 49
23 47
32 38
11 32
21 30
15 30
12 56
14 53
47 59
9 32
5 43
44 45
12 46
8 59
16 39
33 49
32 42
26 42
3 16
31 32
49 54
26 32
29 51
21 43
13 45
3 33
39 54
28 36
47 56
23 56
4 32
14 49
9 58
40 53
40 42
13 56
20 50
30 40
0 16
9 48
3 29
32 48
42 44
25 28
22 45
14 38
11 59
12 52
20 33
32 49
0 32
12 47
21 42
9 52
20 58
17 26
12 23
8 32
37 41
4 40
12 15
46 52
15 32
25 26
9 44
15 43
29 47
33 52
9 30
44 47
7 42
7 32
21 25
17 57
43 47
20 49
16 21
44 58
4 21
7 52
37 58
21 32
23 26
25 29
8 44
9 57
2 43
8 14
13 22
7 11
42 47
38 49
31 53
45 55
30 37
12 42
33 44
31 50
51 55
0 15
35 59
25 60
9 15
12 30
3 11
30 59
12 43
43 56
19 52
10 25
14 48
26 30
27 38
11 26
31 47
15 39
17 33
15 16
21 56
6 33
13 51
35 49
34 51
25 32
46 56
4 23
8 11
7 45
26 44
0 10
3 34
8 48
15 21
33 56
1 21
6 18
30 47
26 58
14 22
15 45
11 47
43 44
4 45
8 43
43 60
45 52
0 56
3 28
3 32
16 47
48 58
17 25
32 45
13 42
42 52
14 16
28 31
32 59
14 43
16 46
15 18
17 58
11 43
34 59
32 56
32 43
17 48
23 24
32 51
12 13
23 44
49 51
32 33
0 49
12 17
15 27
30 44
12 59
21 22
11 16
28 32
23 27
18 23
6 17
13 32
2 31
14 42
21 48
49 59
26 46
15 59
19 37
32 47
14 30
2 15
15 58
57 60
21 27
48 56
0 20
15 44
32 44
43 48
26 48
45 49
27 56
21 45
22 30
25 52
15 35
23 32
0 48
0 31
16 25
10 32
14 47
17 40
11 34
30 52
21 58
46 47
7 16
33 43
16 48
9 21
16 32
15 56
17 32
25 45
27 30
42 46
6 29
32 58
