7 42
47 59
13 16
15 16
26 53
3 42
4 51
25 58
42 58
2 45
35 45
29 49
33 45
34 38
13 23
7 37
8 31
12 32
52 59
12 49
15 43
12 19
48 60
8 51
9 31
32 52
11 58
16 21
50 58
17 25
20 45
8 41
0 9
11 43
30 32
9 29
9 57
17 20
30 54
15 42
42 59
4 32
22 23
47 60
18 60
0 44
49 58
16 26
8 47
28 40
31 51
13 52
21 44
17 33
7 21
13 33
27 32
45 57
7 52
12 21
44 48
11 59
30 56
18 59
33 50
14 28
10 53
14 32
14 17
32 46
14 38
33 58
17 30
11 32
19 44
7 59
15 55
44 56
12 28
9 32
35 42
15 21
31 37
14 45
26 49
11 30
32 42
13 56
20 32
31 32
38 54
26 32
17 44
29 48
26 55
12 25
44 45
6 8
16 48
19 45
32 57
38 50
15 40
15 17
26 34
9 12
13 32
31 56
17 21
25 46
14 30
32 48
44 58
40 43
16 33
18 31
12 30
16 45
21 43
32 49
0 32
9 22
17 49
48 56
12 22
30 46
20 47
32 37
12 46
6 10
15 30
0 51
15 32
26 30
15 58
15 44
1 41
6 26
12 27
4 27
28 30
6 14
7 32
21 25
43 47
21 26
33 57
48 59
28 43
21 56
49 56
21 32
0 43
0 17
4 52
22 47
28 44
31 42
7 47
27 33
11 45
23 52
42 43
32 51
19 27
22 31
7 22
13 42
14 57
17 23
43 46
51 52
15 48
47 49
12 43
13 18
3 15
22 24
21 48
11 44
3 44
9 43
25 39
27 59
3 27
16 59
31 52
5 27
12 47
43 44
3 48
23 25
44 49
25 32
4 23
6 20
10 26
0 6
16 42
11 16
11 51
15 60
21 52
43 45
21 23
2 48
13 15
0 47
30 33
15 49
25 48
11 53
23 28
48 52
16 34
30 52
37 56
12 56
3 32
8 36
12 40
47 48
32 45
14 33
4 14
15 47
0 14
32 59
17 56
1 45
9 56
25 47
21 30
0 48
32 56
32 43
3 11
45 52
15 29
56 59
54 56
0 2
32 33
9 11
22 46
19 32
16 30
3 26
20 40
29 30
4 39
33 56
7 16
35 39
17 46
48 49
33 44
3 21
12 42
39 59
16 49
14 43
32 47
42 45
23 41
14 49
5 52
0 15
31 44
1 25
33 48
32 44
43 56
9 26
30 44
3 12
12 14
3 47
12 33
34 52
23 32
20 27
3 33
8 25
23 27
17 38
1 58
9 21
46 58
30 42
5 29
43 48
45 58
0 11
10 31
16 32
15 26
17 32
0 21
45 49
14 23
26 35
32 58
