49 59
24 53
3 16
11 49
12 20
33 43
30 47
55 58
9 41
26 45
0 31
13 48
18 19
12 46
43 48
44 52
22 48
12 32
14 29
3 10
1 35
16 58
0 23
0 30
18 27
32 52
7 43
52 59
31 42
15 25
19 50
15 52
25 40
29 42
30 32
44 56
30 59
12 25
12 14
28 32
9 49
21 42
35 60
15 38
11 26
3 45
12 13
0 19
17 47
9 58
14 59
34 54
8 49
3 53
15 31
0 35
27 32
9 18
48 56
27 46
30 56
7 11
20 52
1 30
14 45
33 56
22 44
14 32
26 59
39 42
26 37
33 42
6 19
11 32
6 13
21 26
26 49
21 43
33 45
9 32
11 56
9 47
3 44
16 56
15 26
31 33
32 42
12 52
11 21
31 32
47 56
26 32
34 52
9 44
38 42
13 28
15 34
12 45
14 23
14 22
45 48
32 57
7 42
27 30
44 48
21 58
13 32
22 60
38 59
15 33
3 57
32 48
26 27
23 46
16 47
21 33
10 34
27 48
6 20
32 49
0 32
8 15
9 22
21 47
21 25
23 58
41 52
8 28
1 12
10 17
29 40
4 28
15 32
30 42
46 52
17 22
26 39
22 51
15 27
0 51
13 31
11 48
7 32
51 57
17 33
30 33
2 46
4 14
31 47
26 44
44 45
21 32
13 56
5 46
22 49
33 44
11 36
16 21
17 54
3 4
8 11
9 31
0 15
23 48
39 56
4 55
40 59
10 52
6 48
15 50
3 15
3 58
13 38
0 43
11 35
44 49
5 45
7 14
4 18
28 47
42 45
17 30
45 54
45 52
14 15
43 44
49 56
11 23
14 52
33 48
12 15
45 58
16 42
25 32
25 46
13 58
48 49
43 47
33 47
37 56
17 48
29 43
16 31
26 42
23 60
25 33
32 51
38 45
31 37
28 30
20 47
52 56
44 53
23 47
21 49
21 29
40 43
17 44
3 32
14 50
29 45
9 59
32 45
8 30
0 56
0 27
3 43
32 59
2 25
25 42
43 49
16 25
0 20
17 28
32 56
32 43
12 51
8 32
7 21
16 17
21 23
15 20
32 33
21 48
0 25
11 33
11 30
33 51
20 31
14 27
0 6
17 27
48 59
26 58
6 23
26 30
3 39
12 56
31 43
7 48
16 44
12 17
32 47
15 48
14 30
7 60
41 46
1 32
23 44
4 42
7 16
32 44
16 19
12 44
12 21
8 21
43 58
17 43
5 25
14 37
23 32
17 21
30 52
4 32
12 47
30 45
2 57
15 51
30 44
47 59
9 16
12 43
9 56
12 49
57 59
16 32
15 16
17 32
15 49
43 45
12 58
32 40
32 58
