13 58
8 9
9 19
21 42
2 40
9 45
14 33
14 21
43 59
10 14
22 48
8 39
7 47
2 28
0 27
10 37
11 52
12 32
47 57
14 44
23 45
12 56
3 47
4 26
27 46
32 52
26 47
6 30
21 38
25 57
1 32
19 56
12 21
12 39
30 32
14 43
49 58
4 41
38 52
48 52
21 33
30 49
15 33
16 43
12 14
0 15
13 41
8 27
11 27
37 48
0 3
3 48
13 48
47 55
23 42
4 45
27 32
12 58
26 42
17 56
23 43
30 48
42 54
11 15
13 33
31 57
12 42
14 32
16 45
16 26
20 37
1 19
30 46
11 32
29 48
3 42
42 44
11 44
9 21
9 32
25 60
13 32
14 49
33 43
20 32
25 44
32 42
31 60
1 46
31 32
30 51
26 32
30 42
16 30
5 28
12 52
22 53
7 27
34 35
21 45
42 51
13 44
42 59
3 34
15 26
33 44
39 51
44 52
12 27
40 48
22 32
32 48
6 53
5 11
14 15
3 56
3 44
19 32
11 23
32 49
0 32
36 49
30 56
51 59
17 49
3 13
29 49
21 35
17 52
26 45
11 45
20 31
15 32
0 16
9 39
56 59
0 17
47 48
11 18
7 15
16 27
23 59
51 56
30 33
23 52
0 12
28 31
30 50
33 52
15 44
19 22
21 32
14 47
20 42
23 58
26 52
13 57
30 44
27 47
15 43
13 43
3 21
12 45
43 52
7 45
0 25
21 43
7 44
42 48
4 16
53 58
11 14
0 22
12 51
8 15
21 47
0 59
18 25
16 48
3 41
15 34
0 47
6 34
17 42
45 49
46 59
14 25
17 27
18 45
5 43
30 59
21 30
0 33
25 32
33 58
7 58
9 10
33 56
29 56
9 16
17 59
32 38
17 20
47 56
15 20
8 33
15 30
10 29
12 49
32 46
23 26
7 51
25 49
17 47
26 44
4 15
21 23
12 30
3 32
30 31
12 26
16 46
32 45
31 48
8 60
45 47
7 25
32 59
21 48
25 59
26 57
40 50
6 11
4 17
32 56
32 43
7 14
2 49
9 33
21 31
31 58
28 45
32 33
1 40
48 58
12 16
28 48
15 46
31 43
12 48
44 45
22 35
17 25
38 58
15 59
11 56
26 40
0 45
12 22
20 43
33 35
9 47
32 47
43 45
14 16
4 32
43 58
8 49
21 52
15 49
0 26
32 44
37 52
16 60
9 31
31 52
6 50
24 43
17 33
17 30
23 32
11 28
23 56
3 15
12 23
38 44
29 44
25 54
18 22
43 48
28 32
14 55
29 46
9 17
49 54
16 32
15 21
17 32
15 56
6 44
44 56
16 56
32 58
