5 42
14 59
25 45
9 56
6 8
25 40
9 48
0 10
27 45
13 42
27 30
15 33
15 43
17 30
34 49
26 48
10 59
12 32
7 45
21 37
23 32
25 31
4 44
12 30
18 32
32 52
14 28
31 32
16 48
3 48
15 42
25 43
16 45
17 56
30 32
0 15
12 17
32 58
1 12
13 14
16 26
26 45
21 44
19 21
18 51
2 12
6 56
17 49
30 59
22 23
13 32
17 23
21 33
44 51
45 54
20 44
27 32
47 56
3 32
8 46
33 53
16 47
25 59
17 43
3 11
16 43
16 30
14 32
3 35
16 31
11 43
21 30
48 59
11 32
32 59
44 52
13 39
26 56
16 28
15 17
31 34
32 51
33 58
3 60
12 52
23 56
32 42
3 9
33 48
23 45
9 16
26 32
33 56
0 44
11 15
17 44
38 47
26 46
2 52
11 12
25 48
0 19
13 19
0 33
29 31
16 59
42 43
20 52
0 47
42 44
22 32
32 48
26 38
17 47
3 46
46 57
48 57
13 49
8 60
32 49
0 32
11 22
21 56
15 52
52 59
0 43
12 48
21 45
16 49
1 6
11 16
41 59
15 32
0 56
5 26
8 27
1 2
33 43
4 45
33 52
21 22
7 38
18 56
42 48
45 58
21 26
3 26
14 54
48 58
21 43
22 48
21 32
26 42
19 58
38 58
26 30
12 20
0 30
28 49
27 40
4 31
16 20
0 31
12 15
11 30
44 48
28 30
36 45
15 49
15 25
14 60
12 43
1 14
23 42
26 58
8 32
3 15
15 40
25 33
9 44
11 47
19 22
10 31
30 48
0 23
27 51
9 17
5 38
12 56
27 42
21 47
10 47
44 47
30 49
7 26
4 43
57 58
7 16
39 52
8 52
17 57
12 21
47 51
12 13
52 53
4 14
12 49
6 9
3 41
32 46
9 58
9 11
7 23
6 32
35 58
30 43
29 45
30 52
21 48
3 49
25 56
20 50
32 45
33 44
4 54
56 60
6 22
22 55
15 21
23 48
46 51
33 45
30 42
7 40
32 56
32 43
14 31
11 52
11 20
9 23
29 32
9 20
32 33
0 49
28 42
33 47
15 55
14 44
4 32
30 44
15 56
12 46
14 33
25 49
25 32
13 57
48 53
12 35
24 51
25 47
28 32
43 56
32 47
11 35
31 59
29 46
44 49
12 29
17 27
0 45
23 27
32 44
21 27
37 52
13 50
18 40
23 39
15 45
34 44
17 33
37 42
21 58
7 49
9 15
7 31
17 37
8 47
28 34
31 43
14 42
3 7
14 21
15 44
15 30
29 50
16 32
58 59
17 32
43 45
39 41
12 59
14 43
14 47
