42 55
36 43
20 32
9 11
9 15
31 47
12 33
21 42
7 48
30 45
20 47
25 32
12 47
39 47
26 48
7 26
6 58
12 32
15 20
11 58
30 48
27 49
16 25
51 58
15 60
12 21
18 50
42 60
26 40
31 32
44 46
10 16
32 57
26 49
30 32
15 59
26 54
43 44
38 56
33 39
42 49
44 56
21 49
3 26
51 54
12 31
26 44
17 43
0 48
23 48
20 58
4 33
6 23
8 40
2 33
13 56
27 32
42 44
47 52
14 16
0 31
4 30
33 48
46 56
14 52
45 56
11 27
13 32
9 14
4 58
13 38
32 47
3 5
11 32
29 57
23 52
3 21
8 32
14 43
21 31
19 30
15 25
30 59
21 25
4 17
21 45
15 30
12 44
14 35
31 49
14 42
26 43
34 51
8 27
40 56
2 4
23 49
23 32
13 22
25 44
12 30
9 32
22 30
25 30
45 52
30 49
32 41
35 42
32 52
3 7
0 26
32 48
29 43
0 23
22 45
28 52
45 48
7 47
9 12
43 58
14 47
32 42
21 51
16 32
25 45
21 30
15 43
21 46
15 48
7 56
43 56
20 41
15 32
21 33
15 17
10 46
17 44
29 32
16 29
43 45
44 45
18 33
6 60
0 45
11 49
28 43
17 48
19 53
2 35
16 42
0 32
21 32
22 52
32 58
9 17
9 39
30 42
17 33
1 13
6 30
15 22
16 59
34 46
20 44
29 59
0 17
47 59
44 59
1 37
22 28
11 52
28 32
0 12
12 52
26 52
23 56
30 31
32 54
3 33
4 52
8 31
15 21
22 32
17 58
13 28
14 45
3 55
21 44
21 48
1 12
12 23
45 49
7 27
32 49
19 42
12 45
21 27
23 33
15 45
46 51
11 39
12 48
35 59
19 38
10 21
9 45
15 33
44 49
7 37
17 56
16 56
38 49
25 58
28 44
9 52
15 16
14 25
15 19
3 37
11 12
28 50
47 49
32 45
11 44
0 34
48 57
24 29
1 23
11 47
40 53
12 58
27 58
5 47
3 17
32 56
32 43
46 49
14 46
16 18
47 57
3 14
27 38
32 33
25 53
33 56
3 32
0 59
20 45
32 59
11 15
9 30
13 42
17 27
0 21
11 43
8 34
48 56
43 48
31 33
7 8
13 31
14 56
11 40
5 22
13 52
18 57
12 15
16 51
14 50
26 32
32 37
32 44
0 47
26 56
17 26
14 30
0 8
15 23
33 59
4 43
23 43
12 43
27 59
6 12
6 44
16 17
3 48
33 58
31 60
25 48
15 26
9 51
25 59
10 41
30 44
16 31
42 52
17 32
7 14
0 3
16 48
16 47
9 42
