14 57
14 32
17 32
40 59
26 43
54 57
12 56
15 48
30 56
16 56
8 17
25 32
28 52
11 37
30 44
0 38
7 32
12 32
25 54
14 49
12 25
1 10
27 49
19 59
3 11
30 48
21 44
1 4
25 27
31 32
0 49
21 49
7 30
15 26
30 32
52 56
12 23
4 7
3 45
7 54
6 56
4 33
29 35
19 28
6 20
31 44
48 58
33 49
3 20
16 23
23 28
28 46
11 44
16 46
15 47
31 40
27 32
33 48
4 48
9 56
0 48
15 59
7 13
6 48
17 56
3 17
3 52
6 9
10 37
44 49
33 42
13 31
23 31
11 32
21 45
17 22
22 30
31 43
30 31
16 39
27 59
18 33
44 56
15 21
26 35
43 48
14 25
9 47
18 21
0 23
12 39
9 42
11 43
42 48
29 42
5 43
38 41
23 32
14 15
11 13
15 57
9 32
6 42
31 50
11 59
40 44
4 31
22 23
32 52
5 23
29 36
32 48
17 59
25 44
0 59
26 46
12 52
21 56
48 59
12 44
16 30
32 42
35 47
15 23
47 52
43 59
16 50
21 27
21 42
53 59
15 58
0 11
15 32
32 51
43 58
17 46
0 50
18 41
45 56
12 15
30 40
12 30
14 46
16 58
32 47
30 47
0 43
9 57
33 43
26 53
0 32
21 32
22 58
32 58
1 34
15 30
3 59
25 49
17 48
4 8
7 29
42 52
11 33
15 46
26 56
23 43
17 45
12 51
3 51
14 43
3 58
17 49
9 30
32 38
14 21
26 52
43 47
15 42
9 15
42 45
20 44
11 30
26 41
0 45
14 16
19 46
27 44
2 33
30 33
8 21
16 21
26 44
45 51
32 49
10 52
48 51
0 55
12 43
25 43
11 12
0 15
14 48
33 34
44 58
22 47
27 30
0 52
32 35
9 16
49 60
13 30
31 45
8 34
15 44
34 37
14 45
21 33
32 46
45 47
14 44
15 39
5 21
32 45
0 58
31 56
17 44
18 58
17 58
9 12
4 13
16 26
9 25
20 30
8 11
25 45
32 43
15 56
7 33
3 53
33 58
6 32
2 23
3 38
2 44
14 51
3 32
55 60
26 42
32 59
43 52
17 27
27 47
42 49
7 49
11 51
39 52
28 32
8 28
13 52
16 60
3 43
37 40
32 33
45 48
20 32
12 14
47 48
33 45
20 22
26 32
13 15
32 44
1 32
7 47
12 47
21 29
42 47
16 32
12 21
17 24
17 21
56 60
19 57
45 49
10 27
13 47
19 38
25 56
22 25
45 52
33 56
26 29
8 32
21 31
14 28
23 45
13 20
12 48
12 26
48 49
16 42
9 22
12 16
