15 58
14 32
17 32
40 46
48 51
40 58
8 19
1 13
42 59
11 45
12 23
32 59
16 41
9 25
30 31
31 53
17 52
12 32
11 59
20 47
26 49
9 12
0 8
12 56
10 43
9 56
42 46
7 32
25 43
0 44
14 30
44 58
14 49
2 15
30 32
17 49
26 60
17 33
21 59
26 52
3 39
32 33
9 32
21 42
12 58
30 52
4 44
25 47
28 44
18 51
32 57
15 59
21 30
23 44
32 42
45 48
27 32
25 27
0 30
14 27
25 45
0 32
11 57
0 49
15 50
1 17
7 43
17 25
14 21
0 29
8 38
35 60
6 45
11 32
32 37
58 60
33 44
30 56
9 44
20 34
12 30
14 56
19 45
2 29
15 30
22 34
16 47
9 22
12 21
17 50
27 51
42 48
39 42
33 48
12 15
5 46
16 58
48 54
31 45
32 39
49 56
17 18
3 32
11 43
31 44
26 32
8 42
12 16
32 52
11 48
11 21
32 48
23 31
18 59
23 47
4 14
14 58
7 19
33 59
48 52
35 58
28 57
21 43
12 60
23 27
13 49
47 49
9 37
12 43
15 45
15 31
22 32
15 32
30 43
17 44
15 43
26 33
48 59
13 52
7 50
3 14
52 58
3 57
11 33
32 47
0 9
38 46
3 44
0 21
11 47
22 26
21 32
12 22
21 28
7 33
47 56
26 48
37 52
3 30
15 16
5 53
23 51
7 44
7 59
46 56
33 54
32 58
26 45
6 18
32 40
33 37
12 31
3 56
27 56
16 38
14 47
26 56
0 10
32 56
46 52
0 23
0 47
17 20
30 45
52 56
30 59
16 56
4 56
12 14
43 45
29 43
14 23
23 25
15 48
47 59
21 48
12 33
35 55
10 59
9 31
23 30
17 22
9 33
0 25
7 41
21 56
13 30
15 54
20 44
15 27
21 52
25 31
12 42
0 42
4 32
38 40
11 25
13 44
11 13
5 31
42 58
12 45
32 45
21 27
17 26
32 51
15 46
3 45
17 39
11 16
16 27
6 47
28 43
4 13
44 56
32 43
51 55
21 45
16 45
9 48
11 40
30 48
6 43
1 3
14 51
14 42
30 47
3 22
43 44
8 32
48 58
35 42
4 49
33 42
12 49
15 25
25 32
2 6
15 26
19 49
27 38
13 28
8 10
49 52
22 43
24 28
23 32
3 19
34 43
17 28
34 49
32 44
8 21
15 33
31 32
44 52
42 45
16 32
21 29
21 33
0 7
9 29
15 20
16 52
3 46
16 26
1 20
14 48
16 48
13 47
16 31
44 48
4 6
29 57
36 41
17 23
12 26
20 32
15 49
43 47
26 30
33 49
45 53
