18 52
14 32
17 32
20 31
31 40
31 47
11 56
30 43
14 38
25 43
12 16
32 59
51 59
10 48
6 52
13 44
39 47
12 32
23 51
43 45
26 32
23 26
25 33
17 52
1 6
33 56
4 55
15 16
20 43
15 56
18 48
5 55
4 32
3 47
30 32
22 27
2 7
24 38
45 48
48 49
25 35
32 33
9 32
30 45
6 27
15 35
25 48
11 44
12 42
6 30
16 47
11 43
4 45
47 60
12 48
23 56
12 44
45 47
0 48
20 51
16 59
9 26
14 17
20 57
23 49
17 56
53 59
6 37
10 47
0 33
0 17
12 46
27 46
11 32
28 42
17 23
23 36
12 30
20 32
8 28
44 48
38 44
3 11
32 60
28 49
30 56
30 42
22 25
2 40
42 49
8 51
3 43
7 26
19 35
12 15
5 31
0 43
25 29
7 42
13 34
28 53
16 30
3 32
21 48
0 1
12 21
6 14
9 23
17 30
25 45
30 54
32 48
27 49
43 59
14 23
17 37
15 58
11 27
0 32
43 47
7 32
23 50
31 38
0 31
16 45
27 34
17 59
30 57
10 34
27 44
21 58
43 58
15 32
34 35
40 60
52 57
12 54
29 57
26 52
0 56
52 59
32 42
44 56
22 41
32 47
1 59
9 51
33 42
12 56
49 58
7 17
21 32
13 43
44 59
3 15
32 51
15 43
12 14
32 37
8 45
15 29
26 48
21 59
33 58
0 21
3 20
32 58
2 52
4 28
8 15
16 26
8 49
0 15
15 17
42 48
47 56
9 48
12 33
32 56
16 58
23 40
12 47
31 44
11 45
48 58
49 56
21 47
46 59
21 28
21 33
0 49
26 56
15 26
13 32
33 44
10 58
13 15
11 14
9 15
26 43
8 14
16 21
22 42
15 44
4 29
9 44
13 14
11 60
16 51
12 58
30 52
21 56
4 33
42 52
22 49
42 46
16 31
19 46
3 33
17 49
16 39
23 30
32 45
21 25
3 39
19 47
38 46
5 22
14 33
26 50
33 49
4 13
12 18
9 14
26 44
32 43
21 42
3 27
20 33
21 26
7 14
48 56
33 45
14 47
17 40
3 16
18 47
0 44
48 59
28 32
9 30
14 45
32 57
30 53
7 15
3 21
25 32
25 31
15 42
0 12
11 30
22 31
31 43
3 12
29 44
15 45
23 32
30 33
15 54
21 44
52 58
32 44
21 45
17 50
31 32
27 43
25 26
16 32
14 52
32 49
11 42
27 52
11 22
7 21
48 52
8 12
9 17
46 58
41 43
32 46
32 39
13 37
44 45
30 49
9 45
52 56
1 41
13 25
9 19
16 29
0 45
11 48
7 19
