23 54
7 16
15 21
8 43
31 39
26 30
9 17
11 27
27 35
42 48
3 30
32 59
0 5
28 32
29 59
12 43
11 53
12 32
14 26
12 46
21 35
6 26
3 26
28 31
0 47
45 46
15 30
12 17
17 39
15 44
31 42
5 38
8 20
50 51
30 32
3 49
43 47
21 47
30 42
23 40
14 52
32 33
9 32
1 25
27 38
17 44
21 23
12 16
30 59
32 51
14 43
0 21
2 15
28 35
11 17
23 51
0 44
16 43
9 33
36 57
13 38
49 59
0 52
34 44
5 46
21 30
11 31
29 42
31 48
47 56
15 60
39 41
32 42
11 32
43 55
16 25
44 56
33 45
0 29
31 34
9 59
26 60
32 39
22 59
14 33
49 51
22 42
12 51
15 22
40 52
4 57
15 34
12 13
3 9
43 48
23 60
12 52
14 21
3 31
7 58
16 49
20 37
3 32
10 19
12 15
32 52
3 33
30 44
3 15
0 45
4 30
32 48
14 28
26 58
15 17
26 32
13 33
27 32
45 49
33 48
7 32
49 50
4 32
17 58
41 43
48 59
8 30
4 15
52 56
7 48
44 47
45 59
15 32
23 47
11 22
12 48
2 4
37 45
16 42
22 47
7 38
28 34
9 19
40 44
0 32
15 19
47 48
17 46
27 49
16 31
33 42
21 32
10 25
20 33
13 48
14 23
41 52
15 26
14 49
43 44
22 37
6 43
18 45
30 33
16 23
26 59
32 58
3 45
6 32
32 47
0 22
21 56
14 47
22 44
26 56
10 30
17 45
31 33
32 56
1 9
33 47
24 53
21 59
9 44
12 26
7 47
11 43
56 58
15 16
27 56
50 55
13 52
47 57
25 56
13 32
45 48
16 19
4 9
48 52
21 25
27 33
6 27
20 44
9 43
16 26
14 44
21 44
28 60
12 30
21 48
17 32
15 43
14 56
8 48
0 17
32 49
30 46
43 45
23 42
10 21
0 42
6 21
32 45
12 56
14 32
21 52
1 33
14 17
12 31
18 38
45 58
4 13
13 53
30 31
16 47
32 43
17 25
13 43
14 48
32 57
16 56
15 46
25 49
3 59
14 15
2 46
8 9
25 45
27 42
51 52
11 20
48 58
0 16
8 19
40 56
12 33
25 32
18 57
44 58
12 23
47 49
17 33
30 54
48 56
29 49
21 58
23 32
7 26
8 29
42 43
15 56
32 44
11 45
11 25
31 32
11 30
20 32
9 42
30 51
11 56
18 25
7 20
25 48
3 54
0 28
0 12
44 45
15 58
3 42
32 46
49 52
1 27
26 44
6 11
7 35
12 21
23 45
17 37
40 59
29 52
49 58
16 52
12 58
