26 43
32 60
17 45
31 45
12 59
21 40
25 46
14 58
20 47
15 45
26 27
14 43
9 33
11 31
45 47
4 19
30 56
12 32
9 60
14 56
14 21
23 56
33 45
10 50
32 51
32 52
11 58
15 25
34 51
39 43
3 15
32 58
18 25
15 22
30 32
30 47
9 32
6 15
38 53
11 42
20 46
0 1
14 15
8 44
36 49
45 46
1 13
6 45
32 37
11 26
17 57
30 52
8 32
19 59
42 46
4 8
27 32
3 58
7 13
7 56
3 27
14 23
21 41
27 42
17 21
21 48
25 40
14 32
7 55
20 32
0 56
12 33
14 52
11 32
5 10
16 58
29 52
43 52
40 56
25 26
9 14
43 44
14 48
3 16
42 59
33 44
32 42
15 47
43 56
35 42
14 42
26 32
2 60
12 34
52 60
12 58
16 47
33 49
6 27
45 57
18 20
17 38
42 52
7 33
0 35
24 59
47 49
13 44
12 21
23 35
12 45
32 48
7 16
3 25
7 43
17 20
19 52
31 48
13 52
32 49
0 32
43 48
28 47
13 32
15 26
20 26
5 21
2 8
15 28
12 15
30 49
25 51
15 32
57 59
21 43
11 39
22 31
12 22
12 14
39 49
21 45
3 20
3 7
30 31
16 54
40 47
26 48
5 33
25 44
8 54
21 33
21 32
49 59
0 52
9 26
25 32
6 10
29 38
48 49
3 46
48 56
15 42
16 49
4 32
15 16
26 56
9 45
11 51
18 56
15 23
30 48
44 56
30 42
12 43
0 30
0 25
15 49
17 56
21 26
10 29
4 41
27 31
51 56
7 47
19 40
13 16
16 50
29 44
15 21
13 56
22 58
31 42
32 57
26 49
45 48
0 58
4 7
12 31
18 53
17 52
2 32
23 47
21 49
33 52
11 48
3 12
31 57
30 45
47 48
9 22
8 15
11 43
27 46
28 51
14 59
9 13
16 30
9 52
16 31
12 16
32 59
15 43
32 45
34 53
42 44
12 29
9 59
31 32
44 46
3 14
26 58
17 51
34 43
21 44
32 56
32 43
30 44
23 55
23 44
4 21
30 38
9 49
32 33
17 33
48 58
39 46
43 45
0 47
3 48
16 59
12 44
1 45
6 30
11 52
33 59
22 48
0 22
23 32
1 54
15 30
28 30
27 30
32 47
19 37
23 27
0 12
25 27
45 59
4 11
11 21
16 17
32 44
12 47
22 28
17 44
33 43
28 58
37 42
14 44
32 50
23 28
33 41
12 48
3 17
25 56
17 48
0 11
0 49
26 44
29 42
33 47
15 17
23 31
0 8
33 58
16 32
6 23
17 32
21 37
30 43
13 35
38 44
9 48
