16 71
18 96
18 71
82 96
90 96
44 54
56 90
18 91
10 28
45 57
55 67
45 67
2 51
10 97
59 75
30 62
35 88
38 42
14 70
6 87
70 98
43 57
54 77
48 61
33 59
81 91
76 88
16 72
14 57
2 58
52 80
57 71
2 56
1 38
95 96
50 72
14 45
27 82
4 67
36 42
56 65
56 61
91 95
83 96
9 53
25 66
6 73
86 96
94 97
61 77
60 87
26 91
2 15
79 84
3 73
2 19
18 35
25 45
62 90
14 38
40 48
10 43
83 92
15 50
48 67
61 67
45 69
67 96
62 66
57 70
25 53
33 43
18 83
84 92
31 52
36 63
13 31
20 62
35 50
61 73
61 81
34 47
51 96
38 62
10 52
36 98
20 45
2 21
26 53
10 55
84 85
67 84
67 72
24 85
1 97
61 88
29 62
22 53
56 59
10 21
32 50
13 16
38 61
57 97
67 69
33 83
32 53
22 31
32 94
13 72
73 95
23 97
10 33
18 57
14 44
35 40
81 87
31 63
50 82
56 78
22 59
4 37
2 44
3 40
0 33
66 80
41 96
41 97
14 20
67 79
9 97
62 63
18 38
2 33
18 67
5 95
36 38
15 57
35 98
52 56
9 59
32 63
52 57
19 75
22 25
35 36
25 82
49 78
67 70
45 64
11 29
35 52
23 58
70 83
13 19
19 87
25 57
6 15
2 86
63 68
38 87
67 83
11 61
4 66
33 96
41 91
48 52
10 82
9 36
8 87
0 42
90 97
30 91
26 71
20 25
58 62
10 95
90 91
57 95
83 88
43 68
56 68
78 86
2 61
3 48
26 97
35 61
57 84
10 53
31 96
21 40
31 92
6 67
33 62
76 97
17 59
33 68
6 23
50 61
36 48
73 96
31 40
34 35
35 45
9 38
48 75
31 57
40 57
17 95
33 48
6 7
84 97
0 64
52 77
4 63
35 72
10 57
35 96
76 77
0 14
63 88
83 87
49 83
9 72
2 79
0 62
19 42
2 75
5 43
18 75
17 84
61 79
14 26
6 62
65 77
14 52
68 83
82 91
14 32
4 79
5 77
30 52
50 71
45 48
53 62
14 51
21 96
18 70
56 75
0 5
18 72
52 53
48 53
57 64
32 35
33 97
35 62
58 63
31 41
5 59
2 24
33 50
21 51
38 90
10 54
81 83
47 91
35 83
20 78
7 61
52 67
30 33
44 96
57 87
14 18
20 97
52 88
1 56
41 84
61 83
45 56
17 57
31 51
40 56
51 91
7 34
5 86
38 44
0 86
4 96
31 35
5 53
24 97
50 51
33 56
14 81
5 70
61 66
44 67
42 45
16 82
2 45
61 96
27 75
60 98
2 22
50 56
9 31
1 9
55 63
10 81
52 76
1 2
78 87
24 91
40 82
5 44
44 57
50 53
14 79
14 43
75 91
60 68
54 75
55 83
63 87
44 95
56 97
61 64
18 86
61 85
24 79
32 33
69 96
49 50
44 61
49 72
37 43
6 61
19 32
6 75
32 91
2 70
31 70
1 48
63 86
10 60
10 77
59 73
18 63
70 95
68 82
31 88
2 87
23 26
9 81
59 61
57 88
44 56
57 68
19 67
4 50
31 48
15 59
48 55
55 58
50 66
42 44
70 76
45 52
71 97
17 45
70 86
38 84
92 95
9 56
53 72
5 82
31 66
80 97
21 22
5 42
69 83
30 57
18 33
30 92
54 62
51 80
64 70
6 52
0 71
49 97
63 96
24 63
62 69
5 47
51 73
50 88
1 67
31 69
39 49
43 51
76 98
5 94
25 52
57 72
10 35
53 97
57 59
