45 72
48 52
53 70
23 30
67 87
35 66
31 76
44 87
21 32
9 96
55 98
6 55
79 86
13 38
20 73
83 97
14 77
33 97
25 72
31 70
86 92
68 82
31 42
62 71
4 95
13 67
2 59
62 95
57 75
5 31
87 97
38 61
32 70
15 61
33 50
10 97
52 53
1 95
41 97
15 96
18 56
5 96
50 69
25 78
36 76
88 95
62 97
10 24
34 61
6 70
6 83
10 18
86 91
81 95
0 83
15 84
59 62
36 50
33 61
10 29
57 65
14 58
67 97
16 61
0 43
2 94
50 66
21 33
6 82
3 9
1 21
49 97
63 69
5 73
70 79
7 33
49 62
4 35
27 50
16 71
35 70
2 55
67 95
16 19
30 50
14 97
35 61
57 97
18 71
38 90
18 59
52 84
31 67
5 41
33 56
14 38
24 72
33 62
9 75
6 88
14 82
2 97
5 69
6 61
31 44
1 86
68 84
94 96
40 97
63 77
55 96
52 78
51 67
32 40
53 61
9 78
48 84
2 98
57 76
45 68
51 77
18 51
45 78
45 79
43 96
45 57
22 83
35 42
56 87
35 52
4 91
3 58
37 69
31 82
23 64
62 73
38 75
50 60
50 63
82 83
44 56
53 97
1 5
14 40
96 97
70 83
32 95
38 56
21 35
42 88
52 67
66 71
23 45
50 52
59 61
0 42
17 97
72 95
5 62
57 63
52 72
30 55
70 77
43 73
15 91
20 52
25 57
63 76
22 95
38 68
4 14
63 97
49 90
38 44
53 57
9 80
67 83
80 82
83 91
13 50
59 90
45 52
14 91
18 69
38 86
61 79
42 61
2 10
56 67
4 33
63 80
44 76
32 68
48 56
2 52
20 61
38 57
59 97
1 6
33 53
11 57
30 36
0 19
31 96
59 64
76 83
73 97
10 17
17 51
75 98
43 79
9 35
53 81
0 81
42 52
66 96
31 57
0 94
31 56
19 66
2 85
32 96
53 68
65 70
81 88
4 51
33 36
24 48
6 57
22 87
45 48
87 96
14 25
40 75
54 55
31 90
31 83
64 82
57 62
52 87
18 47
10 36
43 87
61 88
48 53
59 86
26 34
57 70
72 96
33 92
0 52
25 96
49 67
61 81
61 63
14 47
83 86
26 45
62 67
56 84
2 45
39 61
22 96
18 67
49 56
28 96
44 47
62 75
31 52
31 48
20 57
19 96
44 97
75 96
10 27
5 48
2 26
71 84
54 63
24 40
19 63
35 67
0 9
18 41
71 79
5 17
35 83
33 82
1 45
78 92
33 91
2 18
2 6
32 83
67 88
54 77
19 52
10 59
33 68
9 25
54 59
10 62
84 87
35 43
4 80
60 98
88 98
56 91
52 60
53 96
56 61
2 48
25 58
10 67
53 90
72 77
44 48
5 56
5 63
7 18
3 26
44 82
36 54
35 37
57 87
50 87
11 69
10 38
40 48
20 21
44 84
14 35
10 77
44 57
2 5
31 68
2 35
24 61
16 70
61 73
31 66
51 79
18 86
53 62
20 91
90 92
22 61
5 21
73 83
45 63
67 92
8 40
25 42
10 33
56 57
17 67
66 91
2 31
30 57
50 51
15 64
41 56
72 75
40 91
14 72
14 44
70 84
9 34
30 33
24 57
9 23
51 85
45 91
10 51
32 85
26 50
1 26
14 61
56 62
43 57
48 88
14 83
48 58
32 35
64 81
43 51
13 41
50 91
35 91
45 67
29 96
35 53
6 10
50 58
2 75
18 82
22 62
18 61
57 60
49 63
70 72
36 59
7 88
38 95
2 63
56 75
19 57
18 57
71 81
