21 91
25 35
48 56
33 83
76 80
16 56
1 45
24 36
35 86
41 61
22 69
49 79
14 76
51 95
19 53
80 87
59 87
81 97
5 61
57 82
82 95
45 52
31 65
10 33
2 98
2 77
2 16
18 38
26 35
18 20
14 57
2 70
38 84
15 60
29 72
31 45
34 72
27 83
10 44
54 82
15 56
35 85
35 47
16 62
66 97
35 44
2 36
82 86
5 45
30 95
11 40
67 70
96 98
48 90
33 87
62 97
18 77
88 91
71 98
38 52
43 64
22 53
44 57
31 84
61 83
17 92
45 57
49 97
48 77
48 87
31 83
10 39
2 88
69 70
13 57
2 5
10 63
20 24
33 67
55 69
18 79
18 40
49 98
71 88
56 75
26 48
45 56
18 56
30 71
35 50
44 45
2 83
57 95
61 65
43 44
35 96
53 81
44 97
15 72
42 97
23 50
25 53
38 55
57 58
4 90
25 71
5 59
51 57
10 61
31 63
14 63
35 97
57 61
69 92
10 75
24 97
45 97
19 63
10 76
53 86
55 70
43 51
6 85
44 58
90 97
61 68
31 76
58 61
6 25
1 96
23 70
19 83
20 77
1 14
6 50
52 90
61 88
5 10
55 67
72 76
31 40
6 53
53 54
23 96
33 52
31 75
56 67
56 57
5 54
2 69
4 51
63 96
51 97
49 52
0 91
7 97
2 4
26 91
7 77
25 51
52 92
13 68
61 64
30 96
6 83
63 95
23 42
5 97
52 97
9 10
53 63
24 83
22 28
22 71
14 66
14 35
33 72
36 91
67 87
10 52
83 96
9 48
21 31
14 96
57 96
14 69
17 48
38 53
38 82
24 59
84 97
33 94
61 67
18 53
48 72
50 61
30 64
5 77
73 84
6 33
40 44
35 81
20 75
14 33
59 73
56 90
13 67
53 56
55 62
5 30
18 62
30 50
52 58
19 24
33 36
83 95
9 62
45 63
1 63
27 63
1 32
21 66
52 95
67 72
33 70
42 56
21 56
56 60
3 78
35 61
16 50
9 68
34 92
32 70
33 59
6 81
14 68
31 61
9 57
4 38
6 62
51 61
52 87
33 96
9 71
36 57
1 51
44 62
32 97
41 49
45 81
57 62
44 68
0 34
43 67
17 45
45 90
7 45
0 31
40 57
38 66
82 92
36 78
50 73
38 75
66 75
29 50
83 91
60 82
10 48
18 31
3 10
14 62
59 79
5 96
18 83
1 57
38 59
38 62
2 31
2 52
47 67
19 62
0 18
77 91
61 84
57 59
21 44
14 48
26 42
63 73
57 70
56 62
4 50
10 84
18 35
11 54
35 62
31 52
67 84
18 96
83 86
2 57
0 57
63 87
37 78
18 59
50 86
53 87
5 13
71 91
42 62
37 67
10 25
17 70
64 70
57 94
8 67
32 53
22 31
5 17
67 86
15 97
72 84
9 83
2 80
32 51
73 98
41 78
75 78
73 96
20 67
48 52
50 91
68 96
40 81
33 97
2 43
9 96
35 79
86 87
19 95
82 91
36 41
75 88
20 79
76 84
61 70
31 32
6 73
42 95
43 72
26 49
40 67
14 40
56 88
61 96
38 96
3 43
70 91
43 63
19 31
14 80
51 91
48 68
56 59
35 48
42 52
63 81
45 50
33 57
0 70
0 50
2 87
25 79
67 88
75 86
9 95
14 52
18 44
6 54
2 9
21 61
41 67
50 79
10 32
0 52
82 88
47 62
22 57
4 26
4 32
87 94
66 83
2 35
82 96
60 72
32 75
55 58
56 61
50 59
68 97
88 96
15 64
10 57
33 85
5 66
61 91
25 61
