83 95
45 61
1 67
9 35
73 87
20 80
27 45
18 57
63 79
0 60
65 70
7 25
55 75
62 79
59 63
49 62
36 97
3 57
62 70
0 52
10 48
32 92
43 82
4 68
5 67
14 31
30 53
26 52
59 62
18 83
63 65
0 78
14 97
14 50
55 79
41 66
45 96
63 70
38 58
5 57
44 59
42 56
82 98
15 82
77 90
36 55
2 56
61 96
70 79
10 42
44 69
68 96
22 24
18 55
4 97
53 88
87 95
50 83
3 14
3 87
6 84
38 50
18 78
19 61
10 87
39 52
34 83
51 83
32 42
5 88
52 59
31 35
34 97
26 63
2 72
57 84
61 76
66 79
63 67
22 62
66 80
10 15
38 91
18 87
37 61
5 82
18 52
50 94
31 68
59 66
0 18
23 57
5 73
20 67
11 53
52 56
10 83
17 36
32 52
48 97
25 52
14 30
2 69
60 67
17 50
43 87
81 91
35 59
31 45
45 81
21 97
22 59
47 84
26 83
16 33
14 25
33 97
2 32
38 64
15 83
10 57
5 72
62 96
45 75
52 61
6 45
10 38
61 68
33 96
31 53
6 43
45 91
13 87
14 54
9 96
50 98
67 84
31 82
75 86
14 91
0 4
50 71
53 90
2 96
84 86
50 53
35 63
35 50
40 45
9 57
61 95
14 41
5 35
48 51
35 97
48 52
57 81
40 41
5 64
33 48
66 83
9 91
33 44
21 67
20 42
13 33
32 33
2 95
72 94
9 75
44 49
14 77
1 80
33 45
2 86
19 42
18 44
62 83
51 70
2 31
69 82
9 51
2 19
31 85
21 33
21 50
38 95
7 69
57 83
86 97
67 76
1 47
24 75
17 91
38 54
75 96
50 73
30 83
31 72
11 18
5 9
1 14
35 67
22 63
51 72
36 44
8 67
81 95
88 95
1 57
6 52
2 53
35 69
76 84
51 62
82 97
30 75
33 61
53 85
62 72
45 56
31 81
48 57
38 90
24 95
2 43
32 91
4 37
10 45
61 80
75 92
86 96
56 57
2 52
73 91
68 88
35 36
24 45
36 88
52 96
71 77
10 25
53 78
25 96
57 87
40 86
53 61
43 83
76 95
18 48
56 61
33 56
53 60
19 38
6 96
15 32
23 43
43 47
5 30
18 63
17 35
54 55
44 79
82 96
10 19
10 67
63 87
16 18
20 78
57 90
57 61
6 62
62 78
13 41
57 68
57 92
10 52
40 92
58 70
18 33
28 31
19 88
18 61
70 72
49 52
21 61
2 84
29 63
67 87
38 45
10 98
34 62
35 57
61 72
4 40
31 62
54 67
48 90
58 61
56 86
25 62
1 41
77 91
50 79
49 94
31 49
44 48
4 6
58 64
87 96
6 60
50 63
2 15
59 96
57 97
22 82
56 69
2 75
31 73
16 56
56 85
49 98
86 92
57 88
50 88
61 97
24 82
67 75
43 73
10 70
44 91
48 59
14 52
20 81
48 63
36 57
81 97
40 59
24 68
73 96
7 27
44 76
25 97
54 98
18 56
32 63
51 53
66 72
2 9
25 29
19 62
14 42
35 51
55 90
57 59
9 23
0 35
13 56
35 77
96 97
16 61
26 84
23 96
17 38
70 97
48 56
30 77
1 70
56 67
0 96
83 97
4 50
5 61
31 56
31 71
9 76
0 91
57 95
67 71
26 77
5 58
10 97
21 64
20 72
64 91
35 42
44 68
33 70
61 70
40 52
26 32
14 33
71 91
51 97
5 14
67 88
44 56
2 38
40 70
57 67
48 84
2 10
31 83
22 33
35 61
6 53
66 71
6 33
51 71
