10 19
13 61
63 70
2 86
81 83
36 87
22 52
87 97
38 76
0 41
14 20
40 50
13 68
2 68
87 90
20 95
62 82
25 98
31 75
50 53
5 98
40 78
48 82
14 31
2 62
16 35
14 15
23 90
48 69
62 86
87 88
45 67
48 56
0 43
36 51
18 66
78 91
17 53
26 90
45 80
10 71
94 96
31 64
7 57
42 75
80 81
39 59
2 36
32 59
31 63
38 63
1 40
6 52
70 82
45 71
33 83
33 57
54 56
72 83
50 67
64 81
8 16
2 58
57 62
5 33
67 73
32 61
85 91
18 87
73 96
26 50
50 72
86 96
68 98
31 96
44 88
2 31
70 71
40 41
57 67
18 22
45 72
9 59
51 52
10 33
24 31
31 97
75 96
56 70
35 40
62 84
6 92
30 75
64 87
25 32
4 38
53 66
59 97
19 57
5 70
76 84
31 50
7 96
41 52
18 70
44 61
57 73
57 63
3 23
61 81
22 60
44 95
5 86
53 87
5 58
11 88
33 56
21 49
22 61
2 91
45 57
36 94
9 26
18 50
9 95
1 14
5 95
6 53
9 57
33 87
63 82
50 77
4 35
57 68
57 61
33 51
70 91
9 61
82 83
66 79
24 41
48 62
52 70
61 84
47 97
45 69
25 75
25 53
55 68
61 67
18 73
14 97
36 95
48 94
21 65
1 44
4 43
37 63
24 61
9 30
42 52
31 35
53 75
90 97
23 63
34 55
33 67
83 97
83 88
30 70
52 88
56 67
33 50
53 55
31 98
10 14
56 91
17 52
48 72
66 96
31 34
5 19
67 70
14 91
58 96
33 91
14 86
19 78
35 81
62 87
20 25
27 67
38 96
6 59
38 42
26 43
61 71
63 83
19 75
2 5
29 85
2 95
71 95
10 79
15 67
0 18
52 71
18 76
14 72
31 55
54 58
13 50
32 77
70 97
2 97
42 61
48 86
60 61
11 44
32 62
35 80
10 84
38 48
50 62
10 97
51 91
45 52
45 59
5 96
24 76
33 70
14 88
4 17
2 43
45 97
35 59
4 56
14 54
0 56
38 44
59 78
33 82
20 26
14 52
61 62
76 97
50 84
20 42
6 40
32 67
49 97
43 95
3 24
53 71
61 64
5 29
35 55
2 35
43 44
9 20
6 25
31 91
9 67
1 75
10 68
53 84
44 51
35 68
25 90
6 38
6 45
44 98
61 73
18 57
56 63
48 57
10 86
18 91
35 87
22 84
91 96
43 69
4 84
57 80
36 47
32 96
15 77
82 96
17 97
19 38
5 21
30 61
73 82
1 31
33 79
56 79
56 59
7 88
67 95
72 77
18 63
48 83
82 87
33 61
57 70
10 83
5 97
35 66
62 76
81 97
38 51
35 36
41 82
45 78
10 61
32 57
10 92
49 57
27 62
22 55
0 63
49 52
2 61
45 60
14 38
10 18
44 50
18 96
6 50
49 83
59 63
14 79
52 72
0 72
2 50
10 96
48 51
21 51
10 88
63 95
31 83
25 91
52 66
79 88
57 72
56 97
1 35
30 62
64 90
62 97
15 18
52 53
49 92
57 66
2 83
57 83
48 68
18 26
56 57
30 54
69 77
19 62
15 75
44 86
9 33
51 57
28 37
35 72
0 17
35 60
3 77
69 92
42 63
32 47
42 83
56 65
5 9
2 96
58 73
53 67
6 79
56 61
61 96
35 48
21 45
59 96
69 97
24 45
44 84
31 92
13 34
23 56
53 96
10 77
38 67
81 91
21 75
16 43
14 51
2 56
0 67
52 67
40 57
54 83
16 52
40 85
2 57
1 33
4 67
