4 21
41 83
59 62
38 53
2 67
53 71
15 49
2 10
50 57
31 38
31 83
1 95
62 81
44 45
35 38
14 19
5 70
33 57
2 96
15 75
4 24
50 76
36 75
26 73
59 95
44 97
2 35
14 67
48 96
73 91
16 40
5 53
66 85
2 52
58 86
24 43
9 71
63 71
22 97
52 75
7 77
45 78
18 97
18 35
33 61
8 76
67 96
43 95
4 61
40 52
48 57
50 82
87 90
82 92
42 51
5 72
3 11
31 81
25 98
40 78
63 67
9 48
71 82
55 96
36 79
42 70
48 52
10 61
31 96
50 62
5 56
42 61
20 90
63 83
13 23
17 65
47 70
45 50
10 83
4 23
49 68
55 62
32 33
60 68
2 70
33 96
61 75
15 19
62 79
57 83
31 57
14 61
22 57
38 54
1 69
14 82
25 75
24 34
32 97
40 54
61 73
21 57
18 84
18 57
5 90
2 50
50 87
6 19
34 60
13 80
30 61
24 77
70 86
48 58
52 91
36 97
35 40
14 59
26 69
1 56
82 96
35 88
49 50
18 96
5 67
2 19
68 97
45 70
21 83
32 60
45 67
54 57
33 35
16 30
23 37
69 96
66 98
14 96
2 97
62 67
7 57
57 91
50 56
11 48
18 91
31 50
50 67
9 64
44 57
10 33
43 78
56 68
57 67
30 62
17 98
26 95
45 61
96 97
42 75
50 61
2 31
62 87
10 97
57 62
0 72
44 86
56 67
38 57
6 48
70 72
59 84
50 53
53 57
45 87
49 56
5 97
32 64
2 48
20 27
59 83
70 73
10 45
32 66
18 40
61 87
59 82
67 83
25 63
6 20
23 83
22 62
48 51
45 91
17 80
25 87
53 73
68 75
52 67
61 95
31 91
36 73
52 58
31 88
6 51
31 48
53 61
18 19
18 33
1 3
6 63
65 83
33 39
42 59
2 87
17 88
7 84
80 98
44 61
2 53
36 56
6 47
53 72
48 61
28 86
45 97
29 40
57 90
1 43
33 62
32 70
51 66
44 95
49 58
52 63
35 53
14 35
53 97
22 52
71 72
22 72
0 92
13 41
1 31
9 68
17 97
77 88
67 97
69 75
25 59
14 87
14 57
10 52
56 76
88 91
61 91
42 55
33 67
44 92
18 20
5 55
26 50
20 79
30 41
40 66
18 62
38 64
52 70
37 84
30 78
14 44
56 96
50 51
3 79
81 84
35 91
9 47
60 77
54 81
84 96
27 41
10 67
5 44
10 81
4 85
21 82
2 77
18 71
56 57
25 85
35 97
6 35
83 84
63 87
5 96
9 33
0 80
66 90
18 67
2 57
4 79
29 81
49 77
52 76
19 73
45 98
9 57
25 31
44 55
0 16
68 83
61 67
38 90
63 88
35 51
0 35
84 92
82 83
26 33
26 53
56 97
61 84
53 76
63 77
19 20
52 57
21 31
4 35
62 75
57 95
6 69
34 42
44 56
43 79
14 51
33 70
31 54
0 71
31 94
64 94
2 5
30 72
22 51
69 92
13 87
68 78
2 61
25 72
36 86
63 97
15 35
70 97
35 95
61 96
21 88
10 91
10 15
63 91
10 56
52 56
38 82
31 72
45 52
14 38
5 14
41 55
6 59
83 86
56 58
87 88
2 33
66 79
5 33
32 88
10 62
44 52
56 63
70 96
33 83
1 59
18 56
38 75
9 14
57 97
31 43
91 95
51 61
6 10
9 43
24 64
62 63
16 59
52 61
86 96
86 91
24 32
38 67
10 96
9 82
14 81
43 76
94 96
38 51
45 63
0 10
48 95
18 72
32 36
0 45
35 48
