53 82
7 97
2 57
50 82
34 88
10 72
49 64
40 87
48 97
5 30
20 33
5 18
1 97
19 84
57 83
20 43
35 66
33 56
32 44
38 76
10 61
3 7
71 86
14 75
21 68
63 83
9 31
4 9
33 61
19 81
22 64
40 58
21 95
71 83
18 49
45 61
5 95
32 73
44 55
2 38
25 66
54 59
62 91
10 24
32 40
2 62
83 90
0 81
67 70
18 56
10 97
18 61
26 87
18 50
18 51
48 80
56 61
61 96
6 81
24 31
50 57
32 48
68 91
24 49
69 79
32 96
21 35
44 61
35 91
36 96
69 87
67 75
31 35
25 69
79 98
33 43
67 72
53 92
50 61
20 88
57 97
60 98
53 96
31 72
22 59
27 64
45 98
0 64
57 67
70 87
63 84
56 63
9 51
57 87
78 79
36 73
1 42
81 94
63 80
23 84
61 97
36 80
35 97
15 88
35 83
31 43
26 96
6 91
71 95
36 53
13 86
43 92
35 65
22 85
10 76
18 82
5 50
68 97
55 66
67 88
30 35
6 76
50 59
48 61
48 53
0 88
18 32
75 97
1 73
65 87
32 53
1 70
16 52
2 33
7 36
6 59
57 62
5 72
14 72
33 91
14 70
82 95
14 48
2 76
5 9
2 70
33 82
14 52
48 51
44 83
57 72
18 52
10 57
17 84
27 73
4 45
80 86
10 59
59 63
1 77
0 52
64 96
33 67
50 70
35 67
15 59
33 40
39 85
5 26
52 67
42 77
63 67
24 81
59 61
63 79
38 86
32 51
6 77
28 95
29 79
10 68
35 57
14 44
35 75
2 45
50 56
45 83
9 90
87 88
50 52
69 84
2 14
44 97
35 52
14 36
18 83
33 84
9 56
11 63
10 82
14 23
17 37
5 10
56 90
18 96
63 95
18 62
6 44
18 41
54 78
72 73
6 45
22 26
10 67
23 69
68 87
19 25
57 95
5 38
4 43
10 48
8 66
33 58
4 58
67 98
56 70
54 58
3 61
67 96
32 67
62 77
24 90
0 2
50 84
61 83
52 53
17 54
56 82
45 51
13 73
56 88
75 86
10 96
5 83
52 83
57 70
35 68
42 79
54 77
20 38
33 57
95 97
55 59
2 83
48 57
57 96
2 41
35 48
45 57
6 79
9 16
41 70
62 68
19 52
34 53
2 31
51 67
20 97
56 86
30 92
9 83
48 52
44 45
2 35
41 83
15 44
2 96
9 96
56 57
53 57
75 96
31 87
61 62
76 92
62 97
41 45
14 61
59 76
31 67
67 84
13 77
72 95
72 94
14 50
9 70
14 18
42 69
60 75
30 72
2 25
61 86
36 82
15 40
57 91
38 53
68 75
10 49
14 33
2 56
0 38
57 61
2 53
42 55
45 66
10 33
58 66
61 91
31 63
26 97
34 84
31 59
5 6
17 55
38 91
31 57
13 52
33 49
0 51
66 82
5 53
5 56
19 60
3 71
73 91
87 92
77 91
44 67
26 75
25 62
0 90
45 81
11 75
50 51
17 87
31 61
42 71
16 42
25 43
21 25
6 82
10 88
38 50
35 78
83 95
51 57
1 62
21 40
33 98
38 60
30 63
47 88
29 91
22 56
70 81
52 97
20 62
2 61
62 96
16 31
56 91
50 96
35 96
62 63
21 51
31 56
4 63
47 52
38 57
22 25
71 90
19 97
24 71
45 96
31 50
43 62
91 97
31 62
52 55
14 49
4 40
61 67
37 44
44 78
57 63
31 96
30 52
15 94
45 48
52 96
47 78
18 19
23 61
1 14
86 97
4 53
40 43
70 97
38 85
48 70
