6 10
67 84
2 57
35 87
2 18
10 79
43 83
38 59
36 97
71 72
19 50
20 61
42 56
45 84
57 83
20 97
35 53
56 67
32 97
52 60
9 61
3 7
33 53
1 45
43 70
33 38
50 62
50 78
33 61
33 63
24 51
71 79
64 81
83 96
55 68
45 61
6 32
59 67
44 59
38 63
4 69
35 80
7 42
24 43
7 95
2 52
21 78
37 40
18 67
56 57
5 14
18 61
67 83
67 79
9 95
6 44
56 61
61 96
5 21
24 83
32 51
9 97
44 88
24 49
62 72
16 95
23 43
44 56
67 68
35 36
55 69
65 76
2 38
14 52
13 72
14 62
10 97
27 41
61 62
33 34
62 66
69 82
14 96
10 96
88 96
30 72
70 87
35 63
57 67
38 42
2 60
53 56
26 32
35 96
28 59
0 56
1 42
48 97
63 83
23 47
61 97
73 80
56 97
31 51
2 45
22 68
4 55
57 88
59 87
53 62
54 83
75 91
31 91
22 31
91 92
70 82
6 79
26 34
45 97
61 66
43 98
81 83
36 57
48 95
42 53
5 70
54 88
4 97
18 19
55 65
68 75
13 71
51 86
2 33
36 40
9 35
50 57
51 72
32 52
75 96
15 63
35 76
10 56
50 63
26 52
73 75
14 82
14 90
9 62
17 41
6 39
52 56
10 57
19 84
4 38
45 87
49 75
62 75
59 63
11 72
66 94
2 91
71 86
10 91
64 90
14 36
20 80
0 41
48 77
0 57
38 44
48 67
25 44
42 59
16 49
30 51
10 14
50 92
6 52
35 64
40 43
35 57
14 57
18 86
68 81
33 79
0 30
48 50
62 88
52 67
52 59
19 58
60 70
35 91
5 36
18 50
79 95
45 63
6 30
10 18
21 52
43 54
52 70
56 62
40 96
30 78
10 67
91 98
8 81
17 55
35 73
15 98
22 48
10 19
17 25
57 68
62 84
83 95
5 27
4 32
2 48
3 86
10 82
26 58
3 71
67 70
67 87
34 56
70 96
59 92
18 62
69 85
10 45
50 84
10 61
19 87
32 90
53 84
50 73
56 83
33 45
40 51
33 95
70 83
56 70
52 57
21 77
11 84
33 44
52 53
33 57
56 72
91 96
2 83
48 57
57 96
20 36
5 40
44 57
31 48
31 83
41 69
9 92
4 77
5 77
2 31
6 15
82 85
55 81
2 66
18 33
44 85
67 82
2 35
2 98
17 76
2 96
18 35
73 88
83 92
61 75
31 45
18 72
71 76
62 63
15 20
14 61
9 49
61 91
2 67
48 70
19 33
18 70
50 82
14 31
14 18
42 62
38 41
72 77
49 53
43 84
82 94
15 45
57 91
31 96
22 75
87 88
14 81
38 66
56 80
57 61
2 40
44 86
53 67
10 77
45 82
56 91
10 31
73 76
59 97
25 38
5 57
22 29
21 49
31 57
13 76
20 48
21 51
13 98
50 52
6 97
16 97
31 53
33 58
48 87
1 91
67 96
16 50
25 77
26 90
64 88
5 68
9 17
38 87
31 97
64 86
1 63
66 82
1 47
25 63
69 86
59 75
1 9
6 18
40 47
5 33
54 61
31 33
35 94
44 97
24 91
58 86
18 22
14 60
66 71
0 38
35 61
96 97
4 23
0 14
50 96
26 87
0 90
25 96
1 61
51 87
9 53
5 53
25 95
25 50
5 97
30 32
24 58
31 61
35 84
83 97
61 63
31 52
32 72
57 78
61 67
37 75
2 44
57 79
61 68
52 63
0 51
48 90
52 96
88 95
5 45
23 31
78 95
29 81
53 73
54 62
70 97
45 57
63 96
