49 88
52 56
2 57
58 66
61 63
70 94
6 66
35 43
36 52
1 20
33 70
75 80
26 29
52 64
18 70
51 65
39 87
18 97
35 53
5 59
9 10
37 41
50 63
50 66
13 51
79 85
32 50
71 88
45 61
38 87
25 70
32 70
50 53
17 62
51 64
40 45
27 60
20 67
10 95
87 96
18 52
30 73
45 53
18 73
19 22
2 51
9 68
4 90
4 56
96 97
42 63
44 48
19 95
18 87
13 26
10 57
61 96
57 96
30 90
75 86
52 92
56 76
45 48
31 96
71 86
9 96
29 96
13 85
24 66
16 70
78 79
55 66
2 33
0 70
5 22
25 79
23 38
25 51
78 82
5 88
7 54
56 82
2 24
52 57
6 95
21 34
10 31
2 9
67 86
44 79
3 67
18 72
1 9
72 96
35 62
25 61
6 96
35 96
33 53
3 32
61 97
33 52
18 31
24 83
18 23
2 14
18 48
22 91
31 50
6 50
5 38
2 56
13 35
51 55
31 62
40 91
62 72
0 87
87 97
35 67
14 82
48 97
67 90
6 67
88 92
21 77
31 44
56 68
36 62
15 51
33 35
2 41
61 71
33 68
33 61
33 62
56 57
17 38
9 67
57 95
67 97
0 83
69 96
2 96
33 91
63 96
31 59
41 42
10 81
11 36
2 97
0 7
1 90
57 86
9 97
42 72
20 58
32 49
18 61
43 79
45 91
10 18
76 92
80 86
22 69
8 27
4 43
35 52
0 62
42 91
38 53
35 57
70 86
20 38
16 80
45 97
2 68
53 82
67 88
17 98
44 47
10 45
9 76
33 44
57 91
67 69
84 91
48 52
2 32
10 59
45 96
61 83
60 88
15 40
24 52
43 61
15 53
31 45
6 47
69 91
49 95
23 31
59 84
0 22
40 94
57 72
14 18
24 70
10 61
61 91
1 84
38 82
30 81
15 68
70 75
48 84
14 63
73 75
21 75
14 56
18 83
1 48
5 53
48 67
6 62
43 94
14 57
2 91
57 62
60 63
23 57
57 88
44 62
35 95
44 97
76 90
63 67
31 64
48 53
81 90
40 97
62 97
33 43
5 61
9 18
61 67
56 66
44 75
35 42
52 83
33 57
11 79
2 35
92 98
67 96
57 97
50 79
9 65
48 56
40 72
49 82
52 82
26 34
63 91
31 49
25 81
31 98
26 62
55 68
66 85
14 67
69 83
38 63
56 75
32 62
18 26
68 97
57 83
32 67
33 83
62 87
51 96
43 59
40 64
1 82
16 20
10 25
25 48
14 71
2 67
10 17
36 72
36 69
25 53
21 41
37 50
6 53
5 33
30 95
24 88
30 43
38 86
2 38
53 57
53 81
45 54
48 61
63 75
19 30
5 10
57 61
63 83
31 70
19 38
6 82
76 87
54 77
5 50
34 78
16 84
4 47
5 57
14 45
4 55
31 61
57 81
19 63
77 84
3 84
35 88
61 62
54 68
38 91
7 71
2 59
77 92
72 83
55 67
15 73
28 59
32 75
73 97
33 82
44 83
5 96
50 57
4 36
31 97
10 98
56 86
78 83
14 72
72 95
73 87
45 52
22 56
56 61
21 51
17 35
55 64
4 58
35 83
0 1
14 61
5 77
14 83
35 61
19 84
44 58
31 54
21 60
61 75
84 95
73 77
59 63
26 36
20 81
33 97
48 98
50 52
32 42
45 59
2 77
57 87
52 59
63 70
78 87
10 14
10 71
19 31
42 83
41 44
56 80
6 58
50 97
35 51
14 52
44 49
52 96
50 91
40 95
14 59
5 56
50 56
70 96
10 97
50 71
45 57
0 76
