67 75
63 92
79 96
31 67
28 47
4 22
69 90
67 87
31 68
36 55
24 92
77 82
63 71
1 17
13 95
63 69
10 96
75 96
5 97
62 76
32 59
1 66
42 84
7 30
10 36
44 86
52 57
13 32
35 53
36 88
30 90
2 67
44 50
1 70
31 97
25 84
33 38
6 35
22 51
13 42
52 96
2 70
25 30
6 76
14 97
48 72
16 25
26 55
1 23
42 61
43 61
0 20
40 75
3 83
10 52
29 95
18 48
57 96
53 80
7 48
56 81
20 22
86 91
19 57
11 95
62 86
48 62
38 58
81 87
5 31
9 17
40 87
10 70
24 73
5 18
37 67
2 81
21 54
1 91
65 68
59 64
51 57
35 62
18 53
6 67
87 98
5 71
56 91
10 14
0 2
30 78
56 97
51 61
2 82
34 55
64 66
36 83
10 61
60 96
14 63
20 90
48 57
54 83
62 87
62 78
87 97
49 76
82 88
5 87
50 61
69 79
86 95
75 95
31 72
56 57
35 82
43 56
24 25
33 51
67 97
61 97
1 48
49 96
61 96
71 73
14 44
45 52
9 71
50 67
56 61
4 15
9 97
24 40
18 49
35 83
52 92
38 77
14 19
19 88
45 68
45 47
59 92
86 96
51 52
45 82
18 72
38 49
42 43
2 57
10 66
52 66
34 68
5 59
56 79
2 88
2 75
64 80
6 98
36 92
35 96
61 63
5 49
59 84
18 57
45 48
50 91
24 84
40 61
58 97
10 21
32 77
61 62
57 67
16 32
61 95
14 57
33 96
65 83
83 96
26 60
91 97
59 79
35 90
14 68
38 57
10 38
61 91
31 48
32 78
31 90
35 41
53 57
42 72
14 18
10 50
47 66
87 91
9 57
9 31
19 58
35 56
75 94
2 41
35 50
10 56
57 88
0 27
31 87
44 52
43 57
18 55
16 33
73 88
73 76
5 14
80 94
33 50
48 86
8 25
14 56
11 15
6 52
32 57
9 56
36 50
7 22
14 50
3 75
51 77
5 91
66 76
52 97
33 61
9 19
70 83
71 79
10 83
4 75
56 62
59 63
35 63
25 38
38 90
21 50
73 86
68 69
3 33
14 67
22 80
24 85
2 52
5 88
68 81
57 62
62 77
34 67
53 83
44 51
72 91
27 60
1 87
18 60
62 96
63 75
5 69
20 31
33 83
53 67
0 44
9 88
0 54
62 83
38 98
20 69
52 78
58 77
25 61
31 52
23 72
82 96
64 97
26 97
4 45
48 53
73 84
44 45
14 52
35 48
18 68
40 70
30 94
31 96
53 95
56 72
36 44
15 79
18 44
32 70
63 72
45 96
31 49
25 59
33 45
45 51
21 84
56 70
5 19
54 55
2 61
2 96
57 61
17 43
21 76
71 95
26 44
57 59
50 70
6 32
2 33
6 53
2 59
31 53
48 63
4 31
2 53
22 37
45 97
6 91
5 56
43 48
62 67
0 35
70 97
33 95
10 33
44 57
59 70
82 91
21 29
67 81
23 58
10 57
45 83
26 75
63 83
88 97
51 54
2 13
32 50
33 98
72 73
66 67
0 95
2 62
40 85
35 91
4 84
30 35
44 96
50 81
15 26
41 77
10 67
42 63
31 57
56 67
18 41
35 85
0 43
67 82
40 41
2 16
18 61
50 97
38 63
78 81
9 53
52 70
14 70
96 97
18 63
82 87
45 57
50 83
52 56
40 71
6 10
6 39
43 55
17 19
31 33
61 83
52 98
33 57
18 91
53 84
38 86
20 64
79 84
9 23
33 97
4 62
61 70
35 38
14 82
61 72
45 61
42 51
15 17
