2 40
24 59
36 70
31 50
41 85
42 49
19 43
68 84
83 98
61 88
19 79
63 90
41 83
2 35
58 78
68 77
51 68
10 44
14 97
30 91
0 80
6 57
51 90
9 18
48 56
63 77
52 57
16 20
56 59
91 96
63 95
14 31
52 91
14 24
31 58
51 84
26 33
55 77
35 62
14 67
52 96
68 71
43 60
18 62
31 87
9 17
51 57
42 70
63 64
59 71
6 83
6 9
31 98
69 92
50 56
33 63
42 82
57 96
57 87
56 97
15 88
22 69
58 69
26 67
75 97
50 87
49 97
20 62
35 38
10 82
26 45
50 78
19 40
34 65
96 97
33 83
81 96
62 82
2 70
49 73
62 79
32 76
5 34
24 49
2 33
9 97
71 81
13 47
14 57
52 97
60 67
21 94
4 52
55 84
72 97
28 78
16 95
20 55
40 97
82 88
20 77
48 57
5 56
82 92
26 73
73 96
15 70
33 55
32 53
10 56
81 87
9 41
31 45
67 88
31 44
31 97
40 67
5 61
14 38
44 67
57 97
20 67
60 79
61 96
37 75
0 65
32 59
54 98
53 63
33 61
24 47
2 73
43 67
55 67
10 80
10 97
35 67
16 90
18 21
1 47
13 86
33 44
4 5
35 61
19 88
49 62
5 18
35 71
56 57
13 72
15 84
31 36
62 96
6 69
31 48
30 50
26 87
10 96
77 84
35 96
83 85
45 70
15 68
18 57
36 86
52 83
21 76
14 92
49 70
67 87
14 75
52 88
57 67
2 67
15 23
6 76
53 96
31 64
9 83
7 51
35 97
61 91
43 76
36 97
44 48
50 73
14 91
57 91
30 96
63 88
24 44
76 77
57 62
40 88
43 48
52 61
57 63
44 96
56 75
0 66
35 83
45 67
37 91
27 32
24 42
6 51
42 52
18 55
0 75
79 81
18 35
30 59
18 53
3 22
23 41
43 83
4 11
30 95
8 66
32 33
25 53
38 84
5 57
25 45
87 97
70 87
69 79
33 72
95 96
31 91
18 67
2 48
2 61
42 59
6 56
10 71
1 10
13 48
51 87
66 75
25 54
5 87
45 52
38 75
36 53
25 77
56 64
45 61
53 95
57 72
33 88
35 45
48 53
2 91
14 53
33 58
53 92
11 32
60 70
48 50
22 40
16 43
35 91
44 72
4 44
38 57
9 98
9 50
10 31
5 80
50 81
52 67
35 53
14 72
33 62
10 78
17 91
33 35
23 29
48 86
62 94
45 50
2 52
1 45
64 76
4 17
33 45
38 48
7 54
59 96
14 68
75 96
73 75
63 86
1 71
75 78
35 95
0 25
18 20
86 97
38 94
61 82
45 82
70 97
2 38
44 61
25 27
19 39
10 61
2 96
57 61
21 26
1 52
56 83
18 90
56 61
19 61
0 86
5 6
81 84
2 45
31 38
33 56
90 91
22 53
25 72
6 35
32 57
67 72
3 59
45 86
25 95
4 10
68 95
70 91
57 83
52 85
2 97
1 22
0 54
18 86
35 57
70 83
51 92
63 97
14 61
31 70
2 10
5 10
32 67
56 96
14 62
9 51
10 59
43 90
56 82
54 69
21 36
41 66
44 50
18 81
1 84
48 62
38 66
31 57
34 68
0 73
83 87
14 50
29 30
9 52
61 62
18 61
82 95
44 71
22 61
2 3
56 72
40 57
32 96
38 52
19 83
21 80
6 63
58 79
59 79
50 83
61 70
36 42
2 56
18 48
2 5
52 98
33 57
50 82
51 62
5 66
59 72
10 66
50 84
23 64
17 95
4 63
5 63
40 63
17 53
7 61
31 62
38 61
