66 83
10 35
18 82
50 72
72 96
5 30
31 83
9 34
2 73
10 82
52 91
14 97
33 61
50 94
61 83
18 67
38 51
33 35
4 90
33 62
59 82
15 59
53 62
2 33
44 52
62 67
30 57
45 56
22 25
31 96
53 97
91 95
31 62
83 87
56 62
47 85
75 78
36 77
35 95
5 62
25 31
14 52
14 98
14 95
48 62
57 82
1 41
36 48
2 38
14 26
67 96
25 70
10 52
31 59
57 66
1 68
5 43
62 63
50 96
50 91
59 60
48 57
2 48
70 97
21 67
44 58
6 62
61 88
53 64
49 87
6 70
4 97
81 88
56 83
18 86
3 4
32 69
35 91
18 35
18 26
20 28
10 40
19 79
45 84
53 96
33 67
60 70
66 77
67 73
14 50
36 61
43 67
32 97
42 57
51 97
20 96
53 66
21 59
26 32
50 87
61 97
14 63
2 9
9 57
34 83
36 41
22 91
33 72
59 64
49 54
11 66
20 61
71 73
14 61
10 20
49 82
62 64
61 66
31 61
26 40
54 68
38 52
61 70
4 32
41 86
21 69
44 45
76 79
42 97
50 85
33 79
48 75
6 10
50 59
51 59
79 90
42 95
6 95
40 81
6 61
54 78
14 57
6 7
23 68
20 43
50 63
51 57
56 57
30 62
35 92
53 77
48 97
31 57
55 80
6 72
31 55
38 88
96 97
5 91
57 63
48 52
35 97
19 49
42 62
42 88
0 3
57 91
9 17
63 81
64 84
18 44
25 49
24 81
35 57
33 45
2 44
52 53
32 62
2 70
70 87
10 38
63 84
26 75
19 71
27 55
50 79
56 67
9 51
5 19
44 63
10 70
18 48
70 85
17 32
69 92
45 51
87 97
40 65
10 57
9 91
52 63
53 57
2 75
62 68
5 53
2 13
45 70
17 71
31 95
32 76
88 96
15 92
14 77
4 56
43 78
35 38
31 67
75 86
51 96
19 65
54 58
76 98
0 41
9 81
25 41
81 86
0 98
0 17
67 69
1 56
1 77
64 83
2 63
5 35
35 44
44 61
2 97
50 83
10 13
35 70
33 38
45 67
0 91
25 78
68 98
14 56
83 88
59 63
18 51
3 47
17 80
10 67
19 40
38 40
2 61
44 56
82 95
38 79
25 83
13 56
4 44
18 57
6 88
11 98
22 43
19 55
7 18
45 97
14 84
56 97
5 31
2 31
51 71
60 95
50 97
45 48
22 56
68 76
0 16
18 92
29 86
47 75
38 57
73 83
54 75
32 82
84 87
34 69
53 61
31 43
2 84
7 90
27 76
61 73
35 61
57 96
31 33
14 15
52 57
16 63
24 73
31 75
10 53
4 94
5 94
23 39
21 72
52 61
91 96
10 83
9 61
15 22
24 58
31 87
56 72
73 87
24 49
16 40
1 48
35 96
25 82
53 92
81 82
33 96
2 10
52 67
71 78
2 20
14 91
56 59
15 35
44 88
48 96
40 67
45 83
0 30
23 86
55 96
30 52
0 87
61 62
33 91
36 70
21 44
10 95
33 57
61 96
53 95
58 63
2 96
67 97
14 16
56 61
32 52
59 68
79 84
5 87
87 96
37 43
18 45
58 72
57 97
22 52
35 67
6 9
2 72
1 71
37 86
48 88
52 82
50 77
57 90
71 72
31 77
33 56
5 63
26 38
5 57
5 80
48 69
13 75
18 84
57 67
33 42
29 55
36 72
60 83
67 90
45 96
38 68
24 76
18 61
1 43
9 21
24 70
30 42
75 84
52 83
8 36
50 80
10 45
63 91
18 90
23 45
33 50
35 66
52 97
6 56
51 86
