24 42
30 48
0 22
1 51
40 55
0 25
14 39
25 55
0 4
19 25
42 45
26 49
0 11
24 28
10 33
52 55
0 7
10 26
3 26
10 53
0 45
0 20
9 42
4 29
0 15
0 32
1 32
0 34
16 39
2 34
25 37
0 39
20 25
0 53
23 26
17 30
22 50
0 2
13 34
1 25
3 12
22 49
34 36
45 55
20 43
0 16
17 45
1 10
1 8
0 17
20 26
49 54
24 25
18 37
31 40
26 28
2 13
16 20
13 26
1 34
10 49
46 50
26 45
16 45
8 14
1 16
28 50
1 45
20 52
45 48
9 30
16 27
16 32
8 35
28 55
7 25
22 38
22 31
4 42
13 20
42 50
9 53
0 14
25 48
31 37
2 10
3 34
9 23
7 15
21 40
16 25
13 49
4 25
0 51
26 39
4 11
10 50
15 51
11 29
15 25
7 44
11 35
9 15
11 51
39 54
13 17
22 48
17 22
0 21
53 54
4 34
4 55
45 51
4 39
4 53
3 28
4 18
2 31
27 42
37 53
39 42
13 33
9 25
19 49
37 45
6 34
18 44
0 55
18 28
7 28
26 31
1 50
18 49
25 29
10 37
14 25
25 30
18 46
7 45
21 49
2 28
27 28
7 32
17 24
7 34
33 43
25 42
33 45
7 53
28 48
26 50
1 52
34 38
14 32
15 31
4 47
22 45
0 1
23 29
39 48
1 31
17 53
8 34
17 39
7 14
7 54
17 49
15 39
35 43
17 32
31 45
22 28
19 24
4 32
5 28
13 28
3 29
32 42
9 34
27 34
40 44
26 42
4 31
4 45
32 47
17 29
10 25
8 28
29 47
10 17
0 29
3 15
11 55
2 53
4 51
28 31
9 37
13 32
2 49
0 13
10 34
44 51
7 37
10 39
11 31
47 51
15 53
11 25
11 28
8 49
4 33
25 43
23 24
0 10
20 31
10 54
25 40
6 51
11 45
4 9
7 11
11 32
11 34
11 39
3 10
24 31
31 44
3 22
33 48
23 31
8 39
29 39
21 34
29 46
15 42
2 7
15 37
34 37
3 53
24 49
11 19
20 32
0 8
11 17
4 28
17 47
30 39
6 53
24 39
2 11
30 51
18 53
25 51
19 53
13 51
3 35
2 54
3 37
15 50
28 54
15 34
15 33
12 40
15 28
15 19
12 23
18 42
19 54
38 39
3 9
7 39
3 31
16 50
30 45
16 34
9 36
26 51
13 53
29 42
26 48
0 26
4 49
18 45
48 55
19 22
19 50
26 53
24 45
4 40
2 8
31 53
17 34
11 26
25 50
19 45
33 46
26 55
6 54
0 18
18 48
47 52
34 43
18 34
44 48
25 54
33 55
7 17
34 46
8 53
11 30
9 10
1 49
9 32
48 53
19 34
19 40
10 16
26 32
10 11
16 48
1 39
19 26
8 31
14 42
0 41
30 49
3 4
8 16
35 39
9 49
23 25
1 14
8 55
31 42
24 30
1 43
22 34
19 51
39 50
6 17
9 16
9 28
27 40
29 50
6 45
10 21
7 10
28 39
45 50
6 11
32 49
49 55
4 20
24 34
1 54
29 36
17 42
9 18
32 40
25 28
0 19
25 26
25 45
8 25
11 48
25 31
25 32
25 34
10 32
8 48
29 51
1 11
25 39
25 49
25 53
42 51
9 19
0 30
4 16
8 32
45 49
0 6
6 29
10 19
26 34
44 53
36 48
15 26
4 8
20 55
50 53
15 45
16 30
11 42
31 51
11 49
28 45
28 53
28 32
28 34
2 43
23 53
23 39
8 40
0 28
17 31
1 24
28 36
10 48
0 12
20 51
29 34
10 31
1 18
20 34
7 31
1 26
20 53
4 50
1 30
30 34
7 51
9 11
1 15
7 26
14 31
8 26
14 34
31 34
31 32
42 53
0 49
31 39
31 49
12 54
26 33
1 7
32 45
10 45
32 34
28 49
32 44
10 42
32 39
29 45
7 49
14 51
11 53
4 35
4 7
15 18
20 49
33 34
29 31
9 39
45 54
29 37
34 44
34 45
32 50
13 54
34 48
34 40
34 42
31 50
12 34
34 39
34 49
34 53
34 50
34 51
29 49
17 54
34 55
39 40
9 45
6 22
25 33
4 15
11 40
29 53
1 48
14 55
12 26
39 45
16 40
44 45
16 53
36 55
39 49
39 53
17 37
13 39
51 53
26 44
2 25
1 5
7 22
1 2
7 55
39 51
7 47
15 22
28 30
10 28
6 16
28 42
16 55
9 55
10 15
36 45
14 26
32 53
11 14
45 53
6 40
3 32
1 28
38 50
49 53
0 37
12 27
0 50
7 50
0 44
1 17
3 49
1 35
29 32
