19 50
2 17
24 55
9 45
25 54
0 25
24 49
25 29
16 53
22 48
2 49
26 39
39 55
0 7
1 15
1 25
22 25
10 29
39 49
11 39
0 45
20 40
34 36
0 50
12 50
25 32
2 25
0 34
10 30
48 49
8 19
0 39
26 48
0 53
9 10
50 54
48 55
26 38
28 32
32 53
40 51
14 18
15 31
9 42
0 33
1 7
7 31
29 31
13 33
11 54
28 29
15 20
3 55
17 35
28 31
26 28
2 32
0 11
11 32
1 34
14 28
29 34
32 42
29 55
24 39
4 53
19 53
4 42
25 51
6 32
31 50
4 8
25 55
19 51
3 15
7 25
35 55
9 26
27 30
39 48
0 49
8 42
39 51
39 50
30 44
11 43
3 34
29 39
1 16
32 49
24 25
0 37
10 12
6 11
12 45
22 49
0 8
45 55
29 50
1 8
11 36
22 28
22 44
17 37
21 28
18 45
18 37
26 31
4 31
6 23
4 34
31 39
7 13
42 50
25 35
33 49
37 45
9 20
26 49
1 32
43 54
42 43
14 27
34 47
14 49
38 55
8 53
4 51
11 53
7 50
4 50
8 54
16 32
0 3
16 28
17 54
12 19
16 48
1 26
7 39
31 49
12 31
50 51
12 34
7 34
15 48
26 50
23 29
33 34
25 48
45 48
33 42
7 36
9 14
1 48
15 54
13 32
40 53
38 39
1 46
15 45
10 25
8 34
40 49
32 47
11 48
11 15
16 31
28 44
18 42
21 24
15 53
7 55
7 11
25 44
18 28
16 19
4 30
32 45
27 34
3 19
25 37
4 15
0 15
15 18
30 32
6 30
7 46
27 51
1 40
10 53
13 51
23 36
0 20
22 39
7 38
9 28
48 53
18 43
2 10
10 34
7 49
0 13
20 33
34 35
28 42
20 31
10 49
28 51
8 31
0 1
20 49
11 25
31 32
0 22
13 49
1 55
24 45
6 37
13 25
29 32
9 39
11 34
2 34
8 11
10 17
10 31
35 53
19 34
16 43
0 10
18 34
11 23
11 28
11 19
20 53
26 37
8 50
13 24
0 19
7 42
10 11
34 37
3 50
16 51
9 34
4 19
6 34
4 7
10 33
16 29
1 14
15 16
17 55
34 50
0 48
26 51
4 55
4 49
17 49
15 34
17 28
10 45
13 53
13 17
20 28
16 39
4 52
2 28
44 53
1 4
14 45
18 35
2 39
16 34
4 29
0 16
44 55
0 32
8 20
1 10
0 18
40 45
24 30
1 41
9 55
6 40
2 23
9 25
0 2
31 53
2 31
7 53
4 24
14 39
20 45
10 20
36 55
3 7
28 47
2 45
4 17
34 42
26 52
15 39
26 42
18 32
17 25
45 51
17 48
45 47
47 52
15 25
0 42
22 34
7 40
23 34
17 26
32 51
9 31
1 53
1 45
19 28
9 53
26 54
10 39
39 42
1 50
17 40
30 40
0 31
8 49
1 3
34 46
1 37
3 37
9 19
32 33
0 51
3 10
15 22
32 35
15 49
34 44
18 39
11 44
7 51
28 39
27 49
4 54
8 40
8 51
14 34
24 34
22 45
34 54
29 45
14 19
28 48
25 28
18 25
22 40
25 45
17 46
6 16
25 31
3 11
25 34
31 54
39 54
0 4
1 33
25 39
25 49
25 53
3 48
51 53
13 37
21 34
20 34
26 30
15 28
2 53
4 25
26 34
18 53
26 32
10 42
5 23
28 49
6 29
17 32
11 50
16 42
11 31
39 44
28 45
28 53
4 26
28 34
7 19
9 30
2 20
18 49
0 28
22 33
9 49
5 43
4 10
7 45
25 42
31 48
13 14
19 24
7 26
22 31
0 26
21 25
32 50
4 40
15 50
26 45
7 10
17 29
31 52
3 42
23 53
3 9
31 34
25 30
0 29
11 51
13 31
8 28
10 26
29 51
31 45
15 26
25 26
32 34
29 53
26 44
32 54
32 39
6 9
42 45
1 11
16 45
26 53
0 36
16 54
0 9
11 14
42 53
22 26
10 32
26 55
19 49
34 45
8 45
17 53
34 48
34 40
36 44
15 40
4 11
34 39
34 49
34 53
1 31
34 51
7 33
49 51
34 55
1 17
28 30
4 48
25 50
17 45
1 39
6 25
4 16
30 39
1 9
39 45
4 45
10 47
8 29
0 14
16 25
39 53
3 53
1 29
39 47
11 26
40 44
31 51
17 50
9 11
10 54
30 34
2 51
11 29
23 24
12 13
17 33
0 46
28 37
49 50
30 45
8 37
43 53
9 29
42 55
45 53
6 22
10 14
1 28
10 28
49 53
24 27
20 39
15 42
45 49
31 55
7 32
7 12
3 45
21 37
