44 54
38 53
29 51
0 50
1 2
0 25
14 37
31 37
10 48
37 39
3 53
32 39
50 53
16 39
29 34
1 25
11 32
16 51
39 49
16 25
0 45
17 53
23 30
3 24
17 39
25 32
34 54
0 34
31 40
0 9
13 30
0 39
49 51
0 53
4 29
31 48
3 15
4 6
26 30
32 53
28 48
34 36
6 11
20 50
14 19
18 31
16 26
3 28
15 42
33 39
28 50
19 45
22 25
15 35
28 31
26 28
1 9
0 32
17 42
1 34
7 11
26 37
49 54
48 50
19 25
41 55
17 34
9 11
18 45
21 25
1 40
14 26
9 32
9 29
29 53
7 25
0 18
11 42
20 53
32 55
0 49
8 10
1 55
6 16
4 33
26 48
3 34
8 53
0 11
9 25
3 10
7 21
0 46
1 31
2 18
18 25
18 28
15 49
26 45
1 44
39 50
11 48
16 28
0 26
29 45
19 20
9 19
47 54
13 26
7 13
4 34
31 39
15 36
10 32
0 10
26 33
9 45
0 51
26 31
14 34
3 22
1 18
29 36
32 42
35 45
17 19
20 30
7 38
11 53
7 54
8 39
16 22
48 53
25 40
8 44
0 20
2 26
2 32
1 26
7 28
31 49
8 36
24 28
12 34
7 34
0 15
27 44
24 42
33 34
22 38
0 42
34 42
28 42
13 31
2 8
19 23
11 18
18 30
2 11
42 53
22 35
10 25
8 34
36 53
4 16
25 51
3 37
25 50
0 40
2 29
29 55
13 25
40 45
3 49
9 26
10 28
28 51
8 15
4 7
27 34
17 32
11 39
31 44
4 11
8 25
43 47
3 27
9 54
10 43
13 22
35 39
17 48
11 14
19 31
13 28
20 45
8 18
6 39
9 28
10 50
10 34
32 51
9 53
34 47
0 35
6 15
2 7
10 49
26 32
14 17
48 51
26 53
11 25
2 54
1 17
2 34
45 48
1 53
6 7
4 42
4 26
33 55
11 34
8 45
10 23
37 51
10 31
15 25
19 34
8 30
3 12
15 26
1 7
7 32
1 30
24 26
7 49
7 50
10 37
20 28
51 53
22 39
47 52
14 39
18 34
4 17
39 55
6 34
42 50
12 53
17 54
11 49
11 50
17 26
23 55
1 3
16 32
11 17
4 49
3 29
15 34
1 39
26 50
2 53
10 51
1 32
20 25
13 27
1 46
0 54
4 47
0 17
14 31
40 55
16 34
7 40
30 53
28 32
42 43
26 40
0 24
3 4
9 30
10 29
20 37
1 19
32 40
1 12
18 49
34 35
31 53
4 28
4 53
39 48
31 54
15 28
15 45
16 55
20 55
10 22
25 33
15 29
17 45
17 49
9 17
0 23
10 45
6 33
45 50
36 49
14 45
2 16
34 50
26 39
25 44
32 49
23 34
4 45
28 47
0 8
11 44
43 55
15 53
12 32
19 44
11 28
1 45
29 32
24 50
16 45
0 31
18 51
31 32
34 46
37 53
13 51
11 16
22 51
10 24
39 54
5 23
4 15
19 30
34 44
37 43
0 1
11 40
28 39
19 32
30 31
16 50
29 48
8 42
24 34
4 51
17 29
32 45
0 33
0 16
25 28
1 4
39 42
25 45
7 31
28 30
25 31
16 53
25 34
13 53
15 48
11 45
45 55
25 39
25 49
25 53
20 51
4 9
7 42
21 34
34 37
24 40
15 39
4 23
4 25
26 34
0 14
4 31
32 33
12 23
28 49
20 34
30 48
17 25
31 51
25 55
22 34
28 45
28 53
11 29
28 34
13 49
6 31
42 45
21 22
0 28
24 49
29 30
11 15
50 55
35 44
7 10
17 18
0 36
1 42
7 26
7 48
31 55
13 45
13 34
39 51
9 39
32 52
45 51
13 15
12 37
24 31
42 55
24 25
31 34
7 16
12 33
1 51
4 10
33 51
1 22
14 42
31 45
7 45
25 26
32 34
9 10
25 29
10 14
27 45
11 43
40 49
10 39
14 53
1 37
11 26
11 31
37 52
28 29
43 50
6 10
17 55
25 42
0 7
34 45
15 18
10 53
34 48
34 40
22 49
0 19
50 54
34 39
34 49
34 53
26 49
34 51
49 55
27 31
34 55
14 25
39 44
7 39
46 49
16 49
24 52
31 47
4 32
10 15
20 26
39 45
0 44
8 40
21 42
0 48
19 55
39 53
9 48
33 49
19 26
8 48
7 15
2 49
8 50
4 39
29 39
28 40
3 7
45 46
9 16
20 42
2 6
5 9
3 19
25 54
1 10
6 53
4 38
9 40
8 29
45 53
4 50
8 32
1 28
11 51
49 53
17 28
22 29
45 54
45 49
1 54
9 50
2 28
22 30
20 49
