3 37
39 55
19 28
8 17
2 11
0 25
44 53
7 31
4 9
0 55
44 49
28 50
9 44
16 39
0 6
1 25
11 32
2 51
39 49
24 31
0 45
8 29
0 20
25 48
17 39
25 32
33 48
0 34
4 12
14 37
28 38
0 39
15 31
0 53
7 54
8 24
34 36
8 45
16 52
32 53
16 25
8 30
22 53
30 37
16 54
3 50
50 54
3 13
7 8
18 34
5 14
14 31
14 22
6 25
28 31
26 28
26 38
0 32
36 44
1 34
7 11
4 10
4 48
2 42
3 49
13 25
17 53
0 9
13 15
10 15
19 25
10 47
1 18
16 29
15 17
7 25
10 12
13 31
4 55
1 36
0 49
1 11
20 36
53 54
10 19
6 9
3 34
19 45
0 11
9 25
26 37
24 53
14 51
2 25
1 13
20 34
0 40
26 49
26 45
9 40
39 50
39 40
30 39
0 26
9 45
16 49
42 53
11 23
30 49
17 43
4 34
31 39
30 40
24 40
11 55
1 32
4 17
0 51
15 55
14 34
19 53
23 51
16 31
1 49
6 11
37 43
6 33
17 49
11 53
48 50
4 52
40 49
32 37
23 53
1 8
11 20
6 12
0 29
13 36
7 28
31 49
26 32
20 32
12 34
7 34
0 15
20 29
22 39
33 34
2 49
34 42
0 42
26 31
3 35
0 13
32 51
39 44
45 46
3 33
1 20
26 46
10 25
8 34
1 22
35 41
25 51
7 42
25 50
24 39
29 32
17 45
28 29
46 50
18 28
15 19
10 28
28 51
3 53
4 7
27 34
11 30
11 39
26 29
31 33
42 50
29 51
14 25
15 26
50 53
2 9
23 39
9 34
13 18
32 40
1 29
29 55
22 28
8 14
10 42
20 38
10 34
11 24
4 51
14 17
31 51
1 40
7 15
10 49
1 10
28 47
22 45
26 53
11 25
10 17
9 28
21 48
15 32
1 53
18 50
44 45
10 32
8 39
11 34
0 16
29 34
14 42
10 31
15 25
19 34
7 29
18 31
22 25
1 7
7 32
4 53
39 54
17 54
0 54
19 51
1 4
51 53
18 32
23 48
2 7
12 53
16 50
39 48
6 34
15 21
3 15
28 44
11 49
8 26
3 7
47 48
4 11
20 49
16 51
4 49
11 44
15 34
1 39
25 37
8 53
30 42
4 37
21 49
8 40
7 13
32 50
10 45
53 55
13 28
7 48
16 34
11 26
9 42
28 32
17 32
0 33
0 17
36 39
1 26
2 19
7 18
16 42
31 54
9 31
0 14
7 45
31 53
4 28
7 53
0 23
4 32
15 28
15 45
10 40
14 26
27 31
30 55
1 50
17 24
47 49
23 43
15 51
9 10
8 32
17 34
15 54
17 26
26 54
25 38
26 39
18 49
32 49
23 34
0 4
46 49
2 52
22 50
34 35
15 53
37 42
17 28
11 28
1 45
6 16
1 19
6 14
0 31
0 35
31 32
34 46
10 35
16 28
12 33
3 47
22 34
7 37
12 23
4 50
9 27
34 44
22 31
0 1
11 17
28 39
9 51
7 49
1 17
48 55
8 49
24 34
31 50
30 53
32 45
15 22
9 53
25 28
4 26
39 42
25 45
7 51
18 25
25 31
11 40
25 34
42 51
31 40
11 45
10 50
25 39
25 49
25 53
4 13
10 29
24 47
21 34
34 37
24 55
15 39
4 43
4 25
26 34
33 45
4 31
0 48
22 30
28 49
18 48
10 14
17 25
19 42
17 19
10 27
28 45
28 53
22 26
28 34
19 43
20 26
4 42
45 50
0 28
19 32
16 53
45 48
2 53
10 18
7 10
20 28
6 42
1 54
7 26
40 53
6 31
29 45
13 34
39 51
9 39
29 49
45 51
16 48
30 34
1 51
9 49
2 45
31 34
8 27
2 5
1 35
34 43
18 29
54 55
1 42
31 45
4 45
25 26
32 34
11 37
25 29
40 42
3 25
28 54
37 45
7 39
30 32
16 32
15 48
11 31
45 55
11 27
44 50
0 36
20 48
25 42
8 9
34 45
0 50
10 53
34 48
34 40
9 20
16 22
0 30
34 39
34 49
34 53
19 55
34 51
25 33
18 55
34 55
13 32
2 20
43 48
24 29
29 37
8 25
47 52
3 32
3 11
21 45
39 45
20 39
10 16
19 26
4 44
24 26
39 53
7 24
13 33
49 50
16 45
30 45
3 31
0 10
10 39
29 39
22 51
33 39
42 45
26 55
2 34
17 48
26 33
28 55
9 11
1 55
4 29
0 3
29 54
19 44
45 53
31 42
12 45
1 28
8 54
49 53
28 40
11 50
6 26
45 49
51 55
25 30
35 55
2 18
9 15
