19 29
0 51
3 4
49 50
3 7
0 25
6 28
7 32
3 32
31 48
8 11
22 34
13 25
53 55
1 39
1 25
7 24
26 55
39 49
49 51
0 45
27 44
2 49
46 48
14 53
25 32
2 34
0 34
13 29
7 28
14 28
0 39
31 42
0 53
16 33
14 44
3 53
11 44
9 45
32 53
24 26
51 53
26 37
17 47
19 25
7 30
20 42
13 34
8 16
4 31
22 32
3 8
11 32
10 51
28 31
13 26
17 48
0 32
25 29
1 34
6 32
0 24
10 29
6 17
1 26
2 15
1 9
23 34
6 53
16 22
17 45
32 41
28 50
26 51
7 16
7 25
19 55
20 21
7 18
15 51
0 49
45 54
9 51
32 50
19 31
1 50
3 34
23 45
0 11
26 44
0 48
6 34
20 45
31 32
23 53
32 44
15 42
20 34
26 45
37 54
10 54
12 32
0 4
0 26
2 25
10 39
16 20
11 14
30 50
2 55
4 34
31 39
25 40
15 40
0 6
12 31
16 39
15 29
9 46
3 39
16 28
37 51
11 55
10 17
19 53
9 40
8 35
32 49
11 53
1 40
29 54
16 17
30 49
2 39
14 32
29 48
0 2
45 50
1 28
20 25
31 49
0 42
23 30
12 34
7 34
11 49
8 53
39 46
13 22
20 55
1 47
8 13
34 35
2 53
1 49
4 30
17 53
2 8
17 39
7 40
18 25
10 25
8 34
36 39
8 9
24 28
19 45
28 37
33 54
9 42
7 17
37 45
11 24
16 49
28 32
1 10
9 39
33 45
16 38
27 34
1 42
34 54
20 24
15 33
45 48
1 17
40 45
4 13
37 50
14 29
1 36
16 52
10 27
4 45
10 31
14 26
23 55
7 31
29 31
44 51
10 34
17 49
4 24
26 28
20 39
7 42
15 26
8 50
35 54
29 40
8 10
26 53
11 25
9 31
19 33
11 30
11 28
1 53
48 53
2 45
17 31
4 22
11 34
0 3
4 55
8 44
40 49
1 23
17 34
26 48
8 43
13 53
9 26
22 39
4 53
11 51
26 39
31 36
3 28
22 49
39 55
43 50
1 19
8 21
11 40
34 42
11 26
15 17
16 45
42 53
39 54
5 55
12 28
29 35
18 55
16 31
1 15
10 35
11 20
31 33
15 34
18 34
2 51
13 19
24 45
29 34
30 55
26 31
15 18
20 49
10 15
0 33
17 42
18 45
16 34
17 25
50 54
20 28
28 29
13 42
50 53
25 50
17 50
25 30
42 51
7 54
22 31
8 49
34 43
4 40
31 53
43 48
7 53
12 39
27 28
11 37
4 11
3 18
17 51
13 49
14 42
10 48
4 7
0 54
0 37
10 28
25 42
1 16
43 51
34 44
10 42
9 34
1 32
36 53
48 49
23 25
24 34
0 23
28 51
9 10
1 30
15 39
33 44
19 27
31 50
14 21
1 45
19 52
7 51
19 34
0 31
4 39
3 9
53 54
31 51
15 25
16 29
9 15
15 32
15 49
0 16
11 31
15 45
42 49
0 29
0 1
51 52
28 39
6 42
1 43
17 26
34 37
34 36
29 50
9 30
1 54
32 45
3 44
7 45
25 28
0 15
12 17
25 45
26 29
0 22
25 31
18 30
25 34
4 33
34 47
11 45
3 45
25 39
25 49
25 53
20 29
7 39
34 50
1 11
11 15
10 38
22 26
10 26
4 25
26 34
15 47
43 47
30 34
13 18
28 49
8 26
32 51
34 46
10 16
20 26
8 39
28 45
28 53
0 7
28 34
7 48
2 48
24 32
2 33
0 28
24 53
32 39
12 50
11 29
7 55
3 19
25 51
0 14
22 52
26 32
24 29
1 31
3 37
9 11
25 33
22 28
7 49
45 55
1 7
29 53
35 50
4 26
19 50
31 34
14 39
0 40
6 40
19 49
28 54
7 11
18 49
31 45
0 21
25 26
32 34
18 38
4 37
17 28
4 17
12 14
9 23
9 18
25 44
11 48
2 4
4 28
8 25
1 4
48 51
6 35
7 37
10 47
0 50
34 45
13 31
10 53
34 48
34 40
6 47
18 39
48 55
34 39
34 49
34 53
4 50
34 51
7 10
5 28
34 55
42 45
26 30
30 39
38 55
29 45
32 40
19 22
8 45
19 32
14 36
39 45
6 27
39 50
0 10
51 55
36 55
39 53
39 44
37 53
9 22
0 20
37 49
24 31
10 45
30 42
10 49
0 9
6 22
13 15
25 54
4 18
2 11
3 10
9 32
4 32
40 42
14 16
10 32
11 42
40 53
45 53
26 49
16 25
25 55
1 18
49 53
21 31
28 48
39 42
45 49
4 15
4 46
9 25
25 48
28 33
