13 49
9 31
10 48
17 28
16 29
0 25
20 50
22 51
7 44
3 4
3 42
22 34
1 19
19 23
1 39
1 25
24 25
19 49
39 49
16 49
0 45
8 28
10 49
0 50
6 34
25 32
2 34
0 34
32 33
7 12
33 48
0 39
1 18
0 53
2 45
31 51
3 45
36 42
20 44
32 53
44 53
0 51
32 41
3 28
19 25
43 48
23 30
19 28
14 52
21 40
9 45
10 42
11 32
9 36
28 31
1 51
24 39
0 32
25 29
1 34
18 20
13 24
18 37
27 37
1 26
32 48
22 53
11 51
7 51
0 9
19 31
50 53
49 51
1 29
8 13
7 25
20 39
27 33
16 24
17 32
0 49
4 32
10 24
0 30
20 26
3 25
17 39
23 25
0 11
2 28
2 16
1 4
19 26
49 53
40 53
29 35
32 40
20 34
26 45
19 39
10 15
11 14
0 4
0 26
1 31
10 39
9 10
3 15
9 38
20 28
4 34
31 39
26 46
11 15
44 45
8 39
16 40
42 53
0 42
48 53
7 35
37 39
29 45
0 40
19 45
3 49
7 50
5 49
11 53
39 40
15 32
7 23
9 15
21 34
24 26
29 55
22 44
2 40
1 28
9 20
31 49
0 3
17 38
12 34
7 34
20 49
28 55
37 40
8 45
11 13
11 12
9 26
34 35
1 42
46 50
13 34
7 52
15 51
29 37
7 9
11 17
10 25
8 34
45 54
10 55
24 53
1 2
38 50
11 48
6 33
4 7
33 53
19 53
12 42
28 32
15 16
26 54
15 28
18 51
27 34
6 32
34 54
4 54
22 31
13 25
10 30
24 55
14 34
25 54
30 53
7 45
18 45
19 29
4 45
54 55
22 50
31 32
7 31
0 20
8 35
10 34
9 32
6 25
26 28
2 49
10 26
20 53
14 53
2 17
13 54
12 50
26 53
11 25
7 40
11 39
4 17
11 28
1 53
29 49
28 47
0 29
4 37
11 34
14 28
1 48
29 31
31 50
6 18
17 34
15 53
30 40
0 16
15 24
25 40
4 53
8 15
26 39
26 42
8 46
40 55
45 48
14 20
10 27
53 55
18 22
34 42
11 26
3 52
23 33
1 40
36 45
3 26
23 28
10 14
30 45
13 39
7 28
18 50
17 50
47 54
15 34
18 34
17 53
45 50
1 22
29 34
10 17
15 30
10 11
2 6
4 51
19 30
30 55
6 45
16 34
17 25
42 51
36 49
16 31
9 14
8 26
25 50
22 55
10 29
4 50
8 43
4 49
0 24
34 43
30 42
10 20
27 31
7 53
3 6
29 42
2 11
9 19
0 17
33 34
22 28
22 39
37 51
10 32
13 45
12 16
10 28
25 42
22 49
8 30
7 11
24 49
9 34
1 32
4 15
9 53
1 14
24 34
0 23
17 26
28 42
8 50
40 45
13 35
43 51
4 10
15 49
1 45
22 33
13 15
34 37
0 31
4 39
10 12
23 44
11 31
15 25
2 29
7 42
18 28
1 47
4 47
11 49
1 15
0 37
2 7
0 1
17 18
28 39
9 48
17 19
32 50
48 51
34 36
0 21
16 55
8 17
32 45
18 54
0 19
25 28
26 27
0 22
25 45
3 32
7 14
25 31
32 42
25 34
7 32
34 47
11 45
11 30
25 39
25 49
25 53
48 54
7 39
34 50
1 11
26 29
42 55
6 39
7 26
4 25
26 34
15 31
13 48
30 34
45 51
28 49
33 43
10 13
9 42
1 9
39 44
16 21
28 45
28 53
31 43
28 34
0 8
28 54
39 42
5 8
0 28
9 39
0 44
8 53
2 25
14 45
33 47
25 51
16 26
25 30
26 32
26 51
1 6
29 39
0 48
17 52
31 40
7 49
1 50
14 54
7 17
18 31
31 33
48 49
31 34
15 45
3 39
32 55
3 31
38 48
4 46
11 20
31 45
26 31
25 26
32 34
11 55
2 26
28 29
16 45
17 29
16 53
25 37
4 29
20 32
12 55
4 28
8 25
15 44
32 54
29 48
46 53
24 28
35 51
34 45
1 55
10 53
34 48
19 34
42 48
31 37
4 30
34 39
34 49
34 53
9 29
34 51
4 11
36 53
34 55
1 7
16 32
4 31
31 55
1 54
4 42
39 50
11 37
11 43
50 54
39 45
6 10
8 31
0 10
11 50
35 55
39 53
21 39
9 49
6 31
32 39
4 18
19 51
10 45
34 44
7 10
3 16
42 49
16 17
51 53
4 36
8 49
33 39
17 45
34 40
23 39
0 15
16 28
14 18
50 51
45 53
26 49
16 25
25 55
22 37
44 51
3 37
0 14
15 26
45 49
2 13
44 47
9 25
25 48
49 55
