32 42
4 49
31 32
11 30
1 10
0 25
19 37
51 53
46 49
28 30
18 27
22 34
22 25
17 29
1 39
1 25
6 30
4 27
39 49
45 50
0 45
15 28
14 48
25 30
6 34
25 32
2 34
0 34
20 48
1 42
1 54
0 39
20 29
0 53
13 26
39 51
21 55
25 37
1 17
32 53
9 48
28 51
28 37
24 45
24 49
18 28
0 2
19 28
1 15
13 15
9 25
9 37
4 36
28 54
28 31
25 54
1 47
0 32
37 47
1 34
25 42
4 6
1 24
15 19
32 40
17 45
17 31
13 53
22 39
9 54
16 28
10 42
49 51
16 42
29 52
7 25
16 26
21 45
8 29
34 40
0 49
7 32
4 17
8 32
42 45
31 41
2 32
23 25
0 11
25 33
50 55
50 53
14 49
6 53
42 54
31 50
16 20
20 34
26 45
19 39
18 25
4 37
0 4
0 26
7 31
10 39
13 30
30 48
15 20
40 53
4 34
31 39
11 18
20 51
4 15
40 51
11 51
7 29
26 55
48 53
17 37
1 49
10 48
23 44
19 53
12 49
31 51
31 55
11 53
1 9
38 48
26 40
31 42
22 31
7 49
2 24
7 37
18 44
1 28
39 44
31 49
17 39
20 40
12 34
7 34
14 22
29 50
2 25
8 45
44 50
16 39
8 39
34 35
40 44
15 24
13 34
11 55
29 31
13 48
20 32
2 39
10 25
8 34
3 49
11 15
9 44
18 50
4 7
11 50
11 49
3 39
7 48
26 54
19 45
28 32
13 40
7 45
22 43
2 4
27 34
19 49
34 54
31 33
13 42
24 43
54 55
32 46
14 34
6 42
4 11
0 29
16 19
35 49
4 45
7 21
6 22
0 13
11 20
25 29
3 14
10 34
9 16
0 37
26 28
10 44
9 13
32 50
10 31
22 29
22 45
15 40
26 53
11 25
13 49
11 39
13 25
11 28
1 53
31 54
4 23
48 49
38 51
11 34
7 55
16 29
7 9
6 12
1 27
17 34
15 17
18 45
53 55
1 48
8 30
4 53
29 33
26 39
11 14
27 53
2 31
45 48
28 42
10 26
5 32
3 31
34 42
10 11
9 42
20 22
24 33
22 49
1 51
2 10
9 28
53 54
8 21
7 28
32 51
15 45
7 46
15 34
18 34
10 32
26 32
22 30
29 34
20 45
6 10
32 48
18 23
4 32
33 45
10 15
19 32
16 34
18 49
8 16
38 42
0 43
2 36
49 54
29 42
16 30
17 26
10 54
31 40
11 48
17 49
34 43
10 18
14 16
15 29
7 53
18 55
15 42
3 25
42 47
10 19
33 34
0 33
25 50
3 7
11 32
4 55
32 43
10 28
3 54
23 26
2 40
10 51
3 17
9 34
13 32
26 42
4 8
3 28
24 34
1 8
14 28
6 39
4 26
19 26
4 50
9 10
7 10
15 49
1 45
26 50
0 35
34 37
0 31
4 39
16 49
0 50
11 24
15 25
24 39
17 51
9 26
8 50
26 31
19 22
15 50
23 53
28 55
0 1
5 55
28 39
9 32
30 39
16 53
29 45
34 36
9 11
1 43
33 40
32 45
11 31
2 28
25 28
15 31
11 40
25 45
8 12
1 14
25 31
3 55
25 34
0 55
34 47
11 45
14 25
25 39
25 49
25 53
44 51
7 39
34 50
10 16
26 29
0 9
47 52
7 26
4 25
26 34
44 47
39 54
30 34
17 33
28 49
4 9
40 42
16 50
3 11
8 46
0 7
28 45
28 53
9 53
28 34
0 8
9 17
2 20
40 45
0 28
1 3
14 23
8 53
0 19
11 17
25 55
25 51
11 26
18 26
3 4
15 26
37 53
0 42
0 48
15 39
0 16
8 28
12 31
31 37
27 37
36 39
12 54
20 28
31 34
18 52
29 53
17 50
20 33
7 42
39 50
1 33
31 45
10 14
25 26
32 34
30 55
30 38
17 30
29 39
0 51
37 39
1 18
44 45
28 50
6 48
4 28
8 25
22 32
23 48
21 34
20 35
35 53
17 53
34 45
0 24
10 53
34 48
19 34
6 28
13 55
0 46
34 39
34 49
34 53
19 25
34 51
3 53
2 29
34 55
1 7
33 53
3 51
2 53
50 51
45 55
4 31
10 49
10 30
36 45
39 45
49 53
4 12
0 10
26 51
23 39
39 53
8 31
26 49
7 12
32 39
45 47
9 52
10 45
34 44
16 25
8 43
29 36
16 17
1 16
0 17
14 31
24 32
29 40
49 50
35 42
9 45
7 15
22 24
7 19
45 53
1 26
7 17
14 45
19 51
0 3
0 15
1 55
6 51
45 49
36 44
1 11
11 35
25 48
4 51
