10 24
1 8
10 50
4 15
49 51
0 25
11 17
39 51
11 40
12 20
7 26
50 53
34 55
10 45
0 19
1 25
45 50
17 30
39 49
2 53
0 45
8 11
17 26
13 15
22 49
25 32
4 7
0 34
20 54
18 53
9 33
0 39
30 34
0 53
17 55
4 9
3 34
16 26
42 45
32 53
9 37
45 54
22 34
13 36
34 36
25 51
18 19
18 26
13 25
26 49
10 54
33 40
37 45
31 46
28 31
16 34
1 24
0 32
32 42
1 34
3 45
1 22
15 22
18 55
25 48
45 51
33 41
0 27
0 3
11 29
17 53
0 15
25 29
19 34
29 53
7 25
40 53
19 54
18 20
22 43
0 49
40 51
25 42
25 50
33 42
15 32
11 28
20 47
0 11
13 24
11 32
14 39
15 28
12 54
0 2
3 39
16 49
31 32
9 42
0 51
10 29
10 32
4 45
8 31
26 48
30 53
1 31
39 50
22 39
9 25
4 34
31 39
25 30
16 37
15 31
14 32
0 50
15 48
28 44
0 1
1 37
7 14
31 43
3 51
27 28
32 54
4 29
24 39
11 53
4 36
6 11
26 33
8 10
2 3
4 48
18 34
7 24
36 49
1 28
15 18
0 29
7 16
29 32
12 34
7 34
7 10
39 55
10 39
4 31
0 36
13 34
9 53
13 53
26 31
1 55
33 51
0 37
26 50
10 19
28 51
9 19
10 25
8 34
17 43
14 49
16 55
1 42
7 48
1 20
30 54
26 45
16 31
6 29
15 42
26 32
1 14
7 45
0 16
36 39
27 34
37 38
1 3
28 55
6 45
44 54
31 49
6 26
22 31
8 46
15 29
0 20
26 51
14 20
14 16
1 51
7 53
14 25
16 40
7 15
10 36
10 34
2 49
1 4
26 28
3 11
2 32
10 35
6 53
32 50
8 55
29 31
26 53
11 25
18 32
26 27
16 25
9 39
1 53
17 39
2 25
17 49
9 26
11 34
23 31
13 48
1 40
33 53
29 42
17 34
19 55
24 26
4 6
28 50
32 49
4 53
9 30
25 33
31 55
7 31
34 37
37 55
10 55
20 39
7 19
47 53
34 42
8 39
42 51
20 26
26 29
12 44
9 54
13 39
16 45
3 40
16 42
12 46
11 49
2 23
26 43
15 34
10 20
11 31
2 47
0 55
29 34
17 50
11 50
19 30
1 9
18 52
9 11
25 40
45 48
4 42
12 27
14 31
18 31
4 28
51 53
6 49
23 34
49 50
6 24
1 17
45 55
16 18
19 25
19 49
13 45
34 54
7 46
1 52
17 45
15 39
34 35
28 54
10 40
26 39
19 51
48 49
19 35
20 34
15 44
14 42
16 28
49 53
15 25
4 17
25 55
37 39
9 34
17 32
4 49
14 45
4 47
34 44
25 44
0 48
3 31
8 51
32 51
17 28
11 43
6 15
11 14
23 32
4 11
48 53
7 51
0 31
1 39
21 29
1 35
22 28
11 55
39 40
8 43
23 42
30 45
17 25
19 28
3 4
9 10
0 9
40 49
1 7
28 39
9 15
4 40
18 50
9 49
15 50
0 22
23 53
39 54
32 45
22 25
7 28
25 28
24 25
2 10
25 45
32 37
4 50
25 31
19 31
25 34
29 35
8 54
11 45
17 31
25 39
25 49
25 53
10 11
7 39
34 50
6 20
2 31
11 16
26 42
50 51
4 25
26 34
7 32
7 8
2 34
4 32
28 49
12 22
29 48
8 28
18 28
13 35
0 7
28 45
28 53
8 50
28 34
1 16
2 30
11 26
16 53
0 28
54 55
11 23
31 53
25 47
29 45
6 34
44 53
39 42
11 24
40 55
30 39
20 45
8 20
7 54
34 40
23 45
13 26
5 14
17 51
8 44
1 32
6 16
10 49
31 34
15 17
21 49
37 53
0 26
32 55
38 55
0 18
31 45
18 45
25 26
32 34
5 44
0 17
9 48
3 49
8 49
1 29
28 29
8 42
4 35
32 39
3 25
14 34
31 48
42 44
38 45
7 40
24 50
29 51
34 45
9 12
10 53
34 48
8 23
10 47
21 40
28 30
34 39
34 49
34 53
29 49
34 51
11 51
24 38
2 9
13 49
43 48
21 50
7 29
34 46
1 19
28 42
21 34
33 34
28 52
39 45
28 37
15 37
2 19
0 33
15 53
39 53
13 32
22 53
3 15
48 52
24 30
10 42
4 33
22 37
2 45
0 4
17 48
0 30
11 27
7 42
13 44
7 30
3 26
11 39
3 28
1 48
10 31
10 16
0 10
45 53
26 44
33 50
10 51
20 28
4 22
0 47
9 45
30 48
45 49
42 50
17 22
4 39
24 32
1 45
