4 50
10 40
4 17
24 39
39 42
0 25
18 50
9 28
3 32
31 35
1 9
19 53
34 55
10 45
6 42
1 25
9 25
0 13
39 49
16 19
0 45
10 51
26 49
8 26
49 51
25 32
1 22
0 34
31 43
2 37
51 53
0 39
30 34
0 53
30 45
31 42
3 34
19 44
39 48
2 53
28 43
15 26
22 34
25 48
28 29
22 31
17 51
40 54
11 32
16 18
45 55
11 51
45 51
1 50
28 31
16 34
28 47
0 32
36 49
1 34
15 50
23 31
8 28
29 30
43 49
0 16
19 29
8 49
3 39
29 50
4 23
14 44
4 49
19 34
11 54
7 25
44 49
49 50
38 48
11 30
0 49
11 12
12 18
29 49
24 25
26 55
25 33
10 18
0 11
9 20
29 32
7 19
23 55
15 37
15 39
8 53
10 14
31 32
42 53
7 10
6 50
26 30
4 45
40 45
10 13
22 50
15 17
16 25
28 54
50 55
4 34
31 39
26 42
0 51
30 39
1 16
4 48
0 27
22 36
0 1
26 50
16 52
41 44
42 45
10 32
13 21
28 36
9 45
6 53
19 45
25 42
3 10
18 49
13 26
27 39
18 34
20 24
36 53
3 53
19 42
26 44
10 37
0 8
12 34
7 34
13 51
10 33
10 39
4 28
29 47
13 34
25 30
22 28
29 54
22 45
34 35
26 28
10 49
53 55
15 28
1 17
10 25
8 34
8 39
0 42
21 25
47 51
3 11
50 53
0 37
26 45
1 10
8 13
2 33
39 51
19 28
7 45
26 27
7 43
27 34
16 33
11 28
1 18
14 51
16 53
31 49
6 38
3 31
25 40
6 11
14 45
9 55
14 28
32 42
17 47
7 53
4 55
5 33
7 18
7 14
10 34
45 48
7 54
1 28
32 44
4 24
32 35
9 40
17 31
6 25
31 37
26 53
11 25
9 31
31 55
15 30
0 23
1 53
7 26
7 21
28 50
4 46
11 34
18 23
2 45
10 22
48 53
17 55
17 34
11 39
20 52
28 44
1 13
1 26
4 53
16 37
15 31
21 34
49 54
34 37
25 55
10 15
3 29
29 53
17 49
34 42
7 11
26 51
8 38
15 49
1 52
3 51
6 7
20 42
16 54
9 26
5 6
11 49
22 53
7 24
15 34
2 42
11 31
46 54
4 13
29 34
11 17
1 15
16 48
9 11
20 33
10 31
8 25
15 24
13 53
12 27
1 3
3 36
19 39
24 26
29 45
23 34
18 42
10 28
15 16
13 39
8 33
19 25
25 54
10 44
34 54
11 15
15 32
20 27
12 24
1 20
22 39
51 54
32 39
8 32
8 42
17 53
20 34
17 48
17 25
11 55
49 53
32 48
26 32
17 26
16 26
9 34
21 39
20 45
2 54
7 51
34 44
0 40
2 9
22 33
7 28
32 51
14 26
14 32
4 40
11 53
1 29
0 55
4 9
40 55
0 31
26 39
0 15
1 49
0 20
30 32
12 48
2 19
10 50
9 53
1 31
25 37
23 39
7 30
10 35
17 44
11 48
28 39
8 17
4 51
1 8
16 24
10 19
17 45
29 31
26 31
32 45
39 55
16 45
31 50
6 9
46 50
25 45
20 26
17 50
25 31
12 39
25 34
0 29
4 30
11 45
20 32
25 39
25 49
25 53
14 25
7 39
34 50
25 51
35 48
28 33
17 30
0 18
4 25
26 34
2 7
29 48
2 34
20 47
28 49
9 14
34 38
6 37
22 25
13 18
0 7
28 45
28 53
22 49
28 34
18 25
7 9
4 15
6 48
0 28
1 11
0 30
31 53
10 11
32 40
6 34
15 45
4 32
7 42
14 31
24 36
11 18
9 42
12 50
34 40
13 43
14 53
24 37
15 46
37 40
4 43
37 50
11 50
31 34
26 33
15 40
9 49
0 26
16 50
51 55
45 46
31 45
17 39
25 26
32 34
11 42
1 42
2 23
18 24
33 39
1 32
16 42
11 29
7 32
34 43
15 25
14 34
1 51
28 55
2 49
16 29
29 39
9 10
34 45
28 42
10 53
34 48
24 48
25 29
35 49
7 31
34 39
34 49
34 53
1 40
34 51
28 40
2 28
16 40
0 17
45 47
8 36
1 19
4 29
44 51
7 22
0 54
33 34
8 45
39 45
9 30
28 51
20 31
0 22
3 4
39 53
0 9
19 26
39 40
30 48
15 54
32 53
3 45
8 29
42 48
0 4
2 32
49 52
25 44
0 50
23 53
4 31
2 13
53 54
17 28
3 20
4 11
7 35
0 10
45 53
3 55
32 55
1 55
37 45
19 47
3 49
32 49
19 37
45 49
8 31
0 48
4 39
4 14
1 45
