15 38
10 29
23 49
27 40
1 17
0 25
17 22
9 28
6 11
26 33
10 18
2 25
34 55
10 45
1 39
1 25
3 25
4 7
39 49
13 31
0 45
11 15
1 13
22 45
7 51
25 32
8 28
0 34
17 45
11 40
16 40
0 39
30 34
0 53
9 40
8 52
3 34
11 55
17 48
15 40
48 49
24 25
22 34
25 48
28 29
13 25
20 28
8 45
11 32
31 43
45 55
12 49
45 51
15 44
28 31
16 34
18 30
0 32
43 53
1 34
11 26
9 13
26 44
2 11
4 14
0 16
1 23
0 20
17 53
20 44
8 30
16 28
4 49
19 34
31 48
7 25
46 50
6 48
29 55
8 37
0 49
19 37
0 13
19 47
42 47
18 49
22 42
7 26
0 11
10 19
0 37
13 32
13 53
20 29
39 51
8 53
42 49
15 16
4 10
45 54
28 32
37 39
4 45
4 16
20 25
8 42
1 37
16 25
15 17
9 19
4 34
31 39
26 31
0 51
14 25
43 50
1 12
19 22
3 30
0 1
3 16
16 24
9 35
7 30
14 26
2 22
28 33
3 38
17 24
14 17
1 4
42 48
0 54
29 39
22 32
18 34
18 31
49 50
1 31
31 50
17 39
3 28
31 47
12 34
7 34
19 31
2 39
10 11
4 28
21 45
13 34
10 17
1 28
22 25
8 19
37 53
26 39
10 49
8 9
15 28
25 33
10 25
8 34
24 47
23 55
10 40
6 51
33 42
13 45
19 20
26 45
24 51
6 10
45 50
36 50
4 48
7 45
30 53
16 42
27 34
0 42
3 40
7 8
1 51
14 49
31 49
9 45
1 20
24 28
6 36
26 40
53 55
42 52
0 40
11 18
7 53
19 51
29 45
12 32
3 9
10 34
25 42
19 39
48 55
17 29
6 26
2 26
16 37
15 51
4 29
21 28
26 53
11 25
4 35
12 18
16 54
20 26
1 53
2 43
16 50
28 50
32 44
11 34
26 42
15 39
2 33
48 53
8 26
17 34
1 3
4 19
31 44
26 29
1 14
4 53
6 29
31 32
25 27
6 39
34 37
25 55
42 53
13 35
18 25
13 33
34 42
7 11
48 52
32 49
1 50
39 50
10 55
49 55
22 53
6 14
7 35
17 36
13 48
30 32
0 50
15 34
32 55
7 31
0 21
9 10
29 34
10 48
4 42
3 49
17 49
4 39
10 31
8 25
0 8
17 54
33 48
2 51
26 32
47 52
24 35
11 49
23 34
20 48
10 28
10 13
44 50
0 22
19 25
7 19
15 54
34 54
2 28
29 40
4 9
14 51
29 32
32 48
10 32
7 44
9 31
23 28
51 53
20 34
13 49
9 25
7 50
49 53
20 35
4 24
2 6
4 46
9 34
6 25
14 16
28 37
11 30
34 44
3 31
3 26
24 36
7 28
1 42
9 18
19 49
1 36
11 53
29 30
0 55
0 9
0 18
0 31
16 53
0 15
19 26
20 45
33 49
39 47
7 22
9 46
1 15
1 48
1 10
0 23
30 51
11 17
8 39
1 32
28 39
48 50
42 45
32 54
3 11
7 10
39 54
1 7
26 28
32 45
2 45
16 45
4 54
8 29
16 33
25 45
24 27
14 53
25 31
12 39
25 34
50 51
27 55
11 45
28 55
25 39
25 49
25 53
4 37
7 39
34 50
25 51
15 31
28 35
8 31
9 53
4 25
26 34
30 46
8 17
2 34
9 29
28 49
39 55
7 29
31 55
23 45
34 38
0 7
28 45
28 53
9 11
28 34
20 51
22 39
2 15
11 31
0 28
7 15
5 44
31 53
4 11
26 41
6 34
15 45
4 32
11 48
32 39
29 54
12 54
18 32
7 9
34 40
15 53
39 43
22 49
25 54
40 53
8 11
18 39
11 54
31 34
19 45
0 17
11 39
0 26
29 49
31 42
27 45
31 45
11 23
25 26
32 34
4 15
31 36
21 34
14 29
17 18
28 43
1 22
0 29
7 32
4 51
15 25
14 34
32 42
16 32
10 26
5 43
29 53
12 55
34 45
28 42
10 53
34 48
1 30
22 31
7 40
14 45
34 39
34 49
34 53
7 55
34 51
50 53
37 51
26 30
26 49
44 55
30 39
15 50
17 25
24 33
0 14
37 40
33 34
26 37
39 45
0 47
28 51
20 49
18 53
40 50
39 53
16 49
25 50
2 54
1 44
10 50
32 53
3 24
10 39
9 26
0 4
16 18
44 45
3 15
32 40
23 53
4 31
9 33
15 49
17 28
24 34
34 36
32 37
0 10
45 53
11 42
42 55
2 30
20 39
3 21
10 54
1 46
11 51
45 49
17 42
38 50
26 51
10 51
1 45
