1 4
27 48
9 20
1 15
1 32
0 25
48 51
8 53
17 25
9 28
3 25
23 27
34 55
10 45
1 39
1 25
24 53
7 49
39 49
16 21
0 45
37 53
18 31
16 42
33 43
25 32
15 54
0 34
29 53
13 31
32 51
0 39
30 34
0 53
1 10
51 54
3 34
28 48
48 53
28 29
9 53
3 51
22 34
0 55
29 44
1 2
0 29
6 15
26 49
24 31
16 50
21 39
31 42
13 40
28 31
16 34
1 46
0 32
8 45
1 34
26 28
15 25
1 50
30 50
32 49
6 7
20 45
0 9
0 19
15 16
10 12
8 28
1 37
19 34
10 31
7 25
19 37
12 53
0 15
32 37
0 49
4 26
1 31
1 7
2 22
28 37
0 13
8 17
0 11
2 7
45 55
29 48
0 37
25 54
15 31
14 45
13 45
24 25
4 10
4 19
11 28
30 53
4 45
25 42
33 42
40 48
22 49
13 53
1 30
1 17
4 34
31 39
32 48
15 45
6 53
11 49
3 15
2 45
0 48
0 1
12 30
2 13
1 8
8 52
32 36
24 50
16 37
10 14
25 47
29 54
20 39
30 44
13 16
29 33
0 2
18 34
1 13
25 33
26 32
9 25
18 45
4 30
18 25
34 46
7 34
3 35
7 15
7 42
4 28
14 49
13 34
10 24
28 32
38 55
7 20
4 40
26 39
8 33
39 48
12 55
36 49
10 25
8 34
1 22
8 9
7 26
9 26
0 50
10 52
34 47
26 45
17 49
15 55
2 39
7 9
35 51
7 45
19 42
3 28
27 34
6 19
9 32
28 46
44 53
20 30
31 49
11 15
43 54
51 55
0 24
45 51
50 53
20 50
10 51
23 30
7 53
17 45
40 54
39 46
3 7
10 34
24 26
29 51
34 52
10 32
28 36
14 19
4 11
42 45
31 32
39 54
26 53
11 25
0 47
7 33
9 22
26 51
1 53
4 14
18 27
15 28
13 36
11 34
8 31
11 48
1 11
11 37
43 44
17 34
2 15
7 23
11 31
28 51
19 32
4 53
10 44
1 40
11 19
27 39
34 37
25 28
22 38
25 55
9 16
17 39
34 42
7 17
23 26
47 48
10 40
17 37
19 27
3 11
11 13
5 36
47 55
12 39
0 16
8 14
3 29
15 34
16 39
18 26
4 22
28 42
29 34
11 42
18 22
20 32
9 15
4 39
15 30
46 49
8 39
8 49
10 26
6 23
0 20
14 29
21 34
42 53
23 34
16 45
10 28
11 16
0 35
31 38
3 53
9 37
37 39
34 54
36 40
10 18
11 50
7 16
4 16
17 48
4 9
18 53
9 45
17 42
20 42
20 34
22 43
12 31
17 55
49 53
2 32
9 50
15 20
4 49
9 34
2 25
2 54
6 28
19 25
34 44
3 50
31 51
16 28
24 42
2 12
29 45
26 31
8 51
11 53
26 50
15 35
30 31
33 53
0 31
45 50
43 45
32 40
14 25
17 26
8 25
10 22
50 51
4 32
42 49
10 19
1 9
48 50
48 49
10 16
28 44
1 28
17 51
1 41
28 50
3 32
4 7
12 45
18 28
15 26
32 45
31 50
40 45
0 30
11 26
8 15
25 45
20 29
32 47
25 31
25 37
25 34
22 45
42 55
11 45
6 8
25 39
25 49
25 53
6 51
7 39
34 50
29 40
13 25
5 33
22 50
39 55
4 25
26 34
26 42
44 54
2 34
49 51
28 49
19 55
17 29
10 54
23 36
17 32
0 7
28 45
2 17
15 49
28 34
16 31
7 55
3 24
44 47
0 28
11 55
53 55
31 53
10 11
2 28
6 34
31 54
49 50
14 17
32 39
18 20
35 44
4 31
13 49
34 40
44 51
11 23
10 48
3 16
19 39
16 25
31 43
0 22
31 34
18 39
28 33
11 39
0 26
1 16
11 18
25 40
31 45
22 29
25 26
32 34
25 30
53 54
11 21
0 17
4 55
14 32
14 53
40 49
7 28
25 50
9 29
14 34
6 26
19 51
33 40
17 40
18 49
11 20
34 45
23 53
10 53
34 48
8 26
48 54
26 43
49 55
34 39
34 49
34 53
4 29
34 51
8 42
31 40
4 42
32 44
19 49
14 55
17 53
26 29
1 51
0 54
18 33
33 34
0 14
39 45
3 4
24 28
30 45
6 45
6 9
39 53
25 29
29 49
10 49
13 32
28 38
32 53
10 35
10 39
11 17
0 4
20 21
7 31
7 50
39 50
22 51
4 37
7 11
31 55
3 30
24 34
15 39
1 42
0 10
45 53
9 39
29 32
4 48
7 24
26 35
9 52
1 26
24 48
45 49
39 51
0 42
39 42
19 26
1 45
