9 21
9 15
26 44
22 39
22 34
0 25
8 51
15 25
11 42
2 3
48 55
34 46
34 55
42 50
13 25
13 49
0 37
3 45
12 31
14 51
0 45
24 28
30 39
15 39
11 28
25 32
0 26
0 34
8 15
6 23
51 53
0 39
18 20
0 53
9 28
28 55
3 34
32 55
9 33
16 19
31 32
42 54
18 34
14 46
3 41
25 48
15 48
25 40
9 22
19 28
34 54
8 32
7 21
38 54
28 31
16 34
1 9
0 32
10 22
1 34
36 54
12 39
37 45
8 30
7 45
28 37
19 31
15 28
16 25
6 45
31 48
22 32
14 45
19 34
7 29
7 25
47 48
25 54
17 26
1 39
3 25
9 17
19 30
9 55
17 30
45 54
11 22
6 34
0 11
25 42
7 18
31 51
10 49
28 53
1 45
0 35
7 19
4 45
20 26
1 2
11 18
42 48
14 16
17 42
11 33
31 45
10 16
18 49
39 51
10 17
4 34
16 45
32 51
39 48
22 40
0 3
6 51
3 40
9 53
42 44
4 37
1 15
2 44
50 53
4 12
20 34
25 26
1 51
13 34
15 32
19 45
1 7
18 45
6 43
2 29
9 25
11 14
31 55
11 31
19 53
10 19
28 32
4 42
9 32
7 34
8 52
18 52
36 53
17 40
0 23
0 24
17 49
1 17
0 49
20 43
29 51
17 39
33 55
53 55
4 54
16 39
10 25
8 34
30 49
7 39
27 45
9 16
28 42
10 42
29 45
35 51
3 49
13 45
1 53
11 54
6 33
30 32
10 15
29 53
27 34
31 37
26 53
24 55
6 27
2 34
15 53
4 51
39 50
35 39
22 55
4 22
26 28
8 53
24 31
17 45
7 53
1 26
15 51
49 50
14 17
10 34
34 38
20 44
4 28
31 40
1 8
4 26
7 10
29 31
31 54
26 31
11 51
11 25
45 48
0 13
3 32
13 26
9 49
32 39
10 51
0 4
28 46
11 34
14 53
40 49
8 54
23 26
39 55
17 34
0 50
32 48
2 25
28 44
34 43
4 53
18 25
25 55
13 31
10 26
20 23
25 28
8 50
10 55
14 31
1 29
34 42
4 17
26 50
1 44
11 15
26 49
18 33
16 30
2 49
7 42
13 37
11 16
45 50
9 29
17 48
15 34
20 42
0 22
1 40
24 29
29 34
25 49
15 30
10 45
29 49
25 36
15 24
5 52
17 32
3 10
7 14
45 55
4 24
32 40
19 49
3 50
23 34
1 35
4 13
33 34
26 39
6 35
4 48
0 42
0 31
8 26
1 16
8 49
11 32
4 31
8 16
29 33
18 26
11 39
32 44
22 28
1 18
30 34
18 42
4 16
31 50
49 53
4 10
19 29
15 40
43 45
9 34
14 23
0 29
1 28
7 38
25 43
0 44
1 19
0 12
28 51
16 47
22 49
3 39
33 51
11 53
24 26
19 40
17 31
4 7
28 50
0 55
36 49
9 51
39 49
10 40
25 27
4 38
33 39
31 42
7 49
17 44
1 50
36 37
13 32
45 51
9 39
2 30
7 30
23 25
0 54
7 26
11 24
15 49
20 53
22 26
32 45
31 39
1 49
10 24
33 49
7 50
25 45
7 32
10 31
26 29
6 26
25 34
19 25
0 8
11 45
7 11
10 48
39 42
25 53
37 53
0 18
34 50
2 10
40 44
2 22
2 32
28 54
4 25
26 34
39 40
17 53
0 15
13 27
28 49
10 50
45 49
5 24
26 55
15 20
8 45
28 45
28 48
12 33
28 34
14 25
10 12
4 39
6 14
0 28
47 53
4 11
31 53
0 14
26 30
17 51
32 54
4 29
0 1
25 39
26 51
22 50
7 17
16 28
34 40
0 19
12 34
7 28
11 26
0 27
8 11
42 51
46 53
31 34
32 49
42 53
7 16
1 48
3 23
25 31
17 50
0 10
1 32
25 44
32 34
2 15
32 42
21 47
28 40
18 55
28 29
44 45
31 46
28 39
16 37
15 37
39 47
20 50
3 43
18 28
11 20
8 25
20 31
34 45
1 10
10 53
34 48
16 26
21 34
6 11
42 49
34 39
34 49
34 53
9 43
34 51
20 33
1 25
9 11
17 23
3 14
4 32
2 45
10 35
19 50
37 39
48 53
0 7
34 36
39 45
7 31
40 53
2 28
1 42
21 30
39 53
1 55
3 7
9 12
1 11
20 37
32 53
4 9
8 39
13 50
29 55
15 45
29 48
34 37
6 36
35 53
37 47
0 51
47 49
2 13
24 34
8 9
48 49
26 48
45 53
11 50
25 29
24 39
11 29
15 31
25 50
53 54
16 29
16 20
13 30
4 55
10 54
30 45
19 52
