31 35
29 45
23 49
15 26
37 44
0 25
8 50
12 44
29 43
6 26
29 53
26 39
20 42
22 49
49 55
1 25
0 7
1 16
39 49
10 53
0 45
8 26
23 25
23 44
2 11
25 32
3 45
0 34
2 16
39 54
1 42
0 39
14 45
0 53
16 32
3 25
26 31
4 35
31 43
32 53
20 49
0 32
4 42
20 31
0 18
15 20
8 32
50 51
0 40
3 39
8 15
10 55
22 26
13 54
30 42
26 28
16 42
20 38
10 29
1 34
48 49
10 26
13 48
14 55
25 42
45 55
2 33
45 49
24 53
11 51
22 50
28 51
4 32
16 37
0 54
7 25
20 28
48 54
39 48
35 40
31 37
23 53
0 26
37 45
28 40
1 44
3 34
11 36
39 40
26 32
40 53
16 49
17 39
9 53
48 53
7 33
0 1
8 39
0 30
15 25
28 54
9 27
0 12
38 47
25 33
17 49
19 23
17 26
27 33
14 28
4 34
31 39
11 24
12 42
4 53
28 29
14 34
9 17
0 29
25 55
28 48
2 28
13 39
7 9
33 55
6 34
1 40
19 37
11 53
7 28
19 33
7 37
8 10
22 35
4 19
45 46
26 36
7 11
7 45
14 25
37 51
19 49
1 24
3 14
7 34
34 47
3 44
1 31
7 53
1 49
9 29
24 42
2 20
51 55
0 44
22 53
20 34
1 32
10 15
22 55
1 17
10 25
8 34
1 6
48 51
10 18
9 10
0 48
9 40
4 15
0 20
4 29
9 14
18 28
5 25
6 32
39 47
28 37
9 34
27 34
2 14
22 25
2 49
17 51
32 54
16 48
9 26
0 24
1 36
30 53
32 50
0 8
10 44
19 25
7 29
28 31
16 53
39 51
53 54
50 54
10 34
8 20
31 51
7 32
11 31
15 39
45 51
0 19
11 28
8 11
25 40
22 34
11 25
33 53
0 15
2 17
21 35
7 18
11 45
1 3
25 29
11 32
11 34
11 39
32 51
8 49
18 32
15 46
29 39
4 26
48 50
26 30
21 34
22 40
0 3
18 22
4 31
2 34
42 45
4 55
17 53
49 50
9 32
24 30
4 28
25 47
1 15
12 45
0 10
14 31
0 42
23 50
8 29
4 7
4 49
19 24
15 45
8 45
21 45
22 39
15 34
39 50
3 32
11 17
25 43
17 28
26 42
9 28
1 10
44 45
7 39
16 52
26 48
39 46
16 34
11 15
23 54
16 31
9 45
22 42
10 42
10 32
25 51
19 31
25 48
10 39
1 26
33 50
11 42
10 31
31 53
17 34
6 28
14 51
20 53
3 33
6 49
18 34
7 31
47 54
16 33
13 32
4 8
45 48
15 28
42 51
29 32
34 46
45 54
11 19
4 10
1 14
19 54
50 55
19 34
0 51
6 10
1 4
6 9
22 47
1 53
17 27
31 45
31 50
15 19
19 45
8 31
49 51
33 45
3 10
21 28
6 25
19 53
4 37
1 5
50 53
34 37
3 9
27 49
32 45
12 50
1 45
34 35
4 51
13 25
9 48
45 50
28 39
15 53
4 11
32 49
0 55
0 17
24 34
9 30
3 49
20 55
14 39
39 55
25 28
15 42
30 31
25 45
8 30
4 27
25 31
23 52
25 34
34 38
1 18
4 39
24 26
25 39
25 49
25 53
0 16
17 42
13 49
18 35
4 40
1 7
9 18
11 18
4 25
26 34
1 9
24 50
12 13
15 48
10 36
0 50
15 49
40 54
7 13
3 30
11 49
28 45
28 53
28 32
28 34
18 26
0 49
31 55
3 53
0 28
13 43
9 24
18 52
42 53
30 38
10 40
29 34
11 41
2 45
30 45
1 47
10 49
2 7
17 32
39 42
2 29
2 10
53 55
2 37
25 50
26 50
23 28
25 44
31 34
31 32
6 8
0 14
1 39
31 49
7 15
24 51
7 26
16 55
25 26
32 34
28 49
6 19
7 52
32 39
7 43
4 18
7 8
6 42
26 53
31 40
16 45
0 4
33 34
16 40
15 30
43 51
11 50
34 44
34 45
13 29
31 42
34 48
34 40
34 42
0 31
12 34
34 39
34 49
34 53
34 50
34 51
28 36
11 48
34 55
29 49
28 55
10 48
7 55
26 51
29 31
29 46
13 36
13 26
4 13
39 45
10 16
29 54
20 26
39 44
1 11
39 53
17 25
40 43
3 22
11 26
15 50
4 9
20 32
0 11
10 51
30 34
30 51
14 18
37 39
10 28
16 19
17 30
37 53
20 45
17 24
16 26
11 55
17 29
34 54
45 53
17 44
12 36
1 28
21 25
49 53
22 45
13 17
31 48
8 37
9 11
15 29
2 32
7 16
7 17
