17 35
0 5
2 7
12 16
9 20
20 35
20 34
12 23
12 28
12 35
7 28
3 7
16 20
6 17
9 12
3 6
2 3
10 35
3 17
0 28
8 32
7 11
15 17
5 14
7 10
8 22
2 23
2 20
8 10
14 20
23 35
34 35
2 10
12 25
9 28
10 17
8 35
8 17
2 12
0 3
2 32
12 20
10 34
9 17
20 23
3 28
16 17
2 34
13 35
7 12
8 28
0 10
6 10
3 25
0 21
0 35
3 10
17 28
12 17
7 17
17 20
2 17
5 17
12 13
7 34
6 12
12 34
3 8
5 6
6 28
1 3
0 6
1 12
12 19
2 6
7 25
6 23
7 35
13 34
10 28
1 28
9 10
0 2
25 35
12 15
12 14
0 7
33 34
2 35
20 28
5 12
5 10
20 33
5 8
3 35
5 7
10 12
1 7
0 23
0 8
5 35
1 33
5 20
0 34
5 9
2 28
4 6
