12 35
25 34
8 32
6 28
3 20
20 35
4 34
3 7
12 28
12 22
8 28
7 34
3 8
6 20
10 34
17 33
2 3
6 35
11 17
0 28
2 7
16 35
12 20
5 32
7 10
28 35
8 34
2 20
3 13
14 35
3 21
34 35
2 5
12 16
25 28
6 10
8 12
8 17
2 12
3 12
2 9
12 23
9 12
9 17
17 23
3 5
7 13
5 20
1 35
7 12
7 8
1 5
10 17
9 25
17 34
0 35
0 34
17 28
12 17
7 17
0 20
2 17
12 33
0 12
7 25
23 35
12 34
10 28
5 35
0 15
17 20
0 5
1 12
6 12
0 2
20 28
1 10
9 28
2 13
5 8
0 6
3 19
2 10
7 9
12 15
0 14
0 7
3 33
2 35
10 20
5 6
5 10
20 23
10 16
3 6
5 17
10 14
7 23
0 17
8 35
10 35
10 12
1 6
7 20
2 6
2 28
23 28
