12 14
7 35
2 34
7 28
23 34
2 4
5 25
5 28
17 34
23 28
6 20
20 25
12 34
8 17
9 35
0 28
6 16
3 17
3 33
3 23
20 32
1 12
9 12
0 9
34 35
17 28
16 35
2 21
13 28
2 20
5 7
6 35
6 14
3 34
10 32
3 15
3 12
0 8
0 23
0 2
7 12
14 17
10 28
0 1
8 9
7 20
7 17
8 13
20 35
12 25
0 10
5 35
7 23
7 10
0 34
9 10
7 34
2 10
12 17
12 35
0 35
2 8
8 12
12 19
12 20
2 5
12 22
20 28
5 34
5 20
6 8
2 6
11 12
17 35
25 35
6 28
2 3
12 28
3 10
10 20
0 33
3 28
5 10
16 23
2 12
8 10
15 17
1 17
5 8
1 7
6 12
5 17
10 35
6 10
9 17
5 12
13 35
17 33
3 20
2 28
1 35
10 12
0 20
2 7
3 7
6 17
0 7
