12 17
9 20
6 20
20 21
2 23
2 3
6 9
5 25
12 25
12 28
13 20
23 28
12 34
1 17
10 25
0 3
19 34
17 28
8 10
3 28
3 8
5 12
12 33
0 15
0 20
28 35
17 35
12 23
12 35
10 20
2 9
8 28
0 23
9 28
5 10
0 28
3 7
7 20
0 12
7 25
7 12
7 28
10 28
0 8
20 28
20 34
7 17
2 7
8 35
12 15
13 33
7 16
2 6
2 10
3 6
3 17
0 34
10 12
5 8
20 35
6 23
0 5
16 35
9 12
11 12
2 35
10 17
6 35
6 32
10 35
1 34
5 6
5 20
7 35
3 35
2 34
0 2
3 10
2 22
0 17
3 12
3 5
5 35
10 34
2 12
7 8
4 10
8 17
12 16
6 7
8 34
5 17
7 10
12 14
2 17
1 35
33 35
12 20
5 23
1 2
14 17
9 32
28 34
13 17
1 14
6 17
0 7
