6 12
9 28
6 9
20 34
0 23
2 3
20 28
0 9
12 34
12 28
3 13
2 8
1 12
17 33
10 14
5 10
3 35
17 28
8 10
8 17
11 17
5 12
5 23
5 7
0 20
16 28
17 35
0 12
8 35
10 20
12 33
8 28
1 20
28 34
5 6
0 1
7 13
6 7
2 25
0 7
12 35
7 28
10 22
2 12
7 16
2 20
17 20
2 32
2 35
17 23
21 35
0 6
6 8
1 34
3 6
3 17
23 34
10 12
5 28
23 35
7 10
0 3
23 28
9 12
3 20
3 28
10 17
33 35
6 35
10 35
1 17
7 34
5 20
7 35
32 35
2 34
2 28
6 10
0 10
0 19
3 12
3 5
0 35
7 12
2 5
7 8
4 17
16 34
8 12
14 20
10 34
5 17
3 10
12 25
2 17
15 35
7 20
12 20
2 9
0 2
12 14
8 9
5 25
12 13
12 15
6 17
7 25
