2 17
6 32
20 34
20 23
6 10
8 10
6 13
20 28
2 28
12 25
8 13
3 28
2 23
20 35
2 7
3 17
5 9
7 17
12 28
17 34
5 17
5 7
5 25
12 13
7 10
10 28
16 34
9 35
2 10
7 28
25 35
0 12
5 10
7 20
8 35
28 35
8 17
3 7
6 7
17 28
3 20
5 28
8 28
0 20
2 11
10 33
5 12
0 34
5 23
12 35
6 35
34 35
12 20
3 12
0 33
2 34
3 6
12 14
3 10
6 8
21 35
12 16
32 35
7 14
0 6
0 28
16 17
9 20
3 5
10 17
5 20
23 34
1 28
10 12
12 17
6 17
10 20
0 9
3 23
15 34
15 17
10 19
1 35
0 10
2 5
12 34
1 7
0 2
2 35
3 35
17 25
12 33
7 23
9 17
6 12
2 22
8 12
7 8
1 12
0 35
1 2
7 12
0 3
9 12
0 14
2 8
4 20
