5 28
2 17
28 34
9 10
1 2
2 8
12 32
5 7
12 22
6 35
2 35
7 17
7 21
2 7
17 23
17 34
3 10
17 20
2 10
8 35
2 9
3 28
5 6
13 23
0 34
6 20
20 28
12 17
8 17
3 17
12 19
3 8
25 35
3 32
12 28
0 28
5 10
12 23
8 28
0 23
12 35
12 34
15 28
2 12
20 34
2 4
5 17
5 25
8 10
8 12
5 9
15 34
12 25
6 28
0 35
14 35
0 6
10 12
6 12
0 20
7 20
3 6
0 16
2 23
8 20
0 8
5 34
1 3
6 7
6 34
13 20
6 14
10 17
3 7
10 28
12 14
12 20
1 17
7 16
7 10
2 5
33 34
0 10
7 12
2 3
0 3
1 5
10 23
33 35
20 25
7 9
7 35
17 35
0 12
7 28
1 20
11 35
10 16
9 35
0 2
9 12
5 12
17 33
20 35
17 28
3 13
10 35
