5 28
13 17
17 34
9 10
12 28
3 13
2 34
23 28
12 14
6 35
1 12
7 17
6 7
1 7
17 23
0 6
3 10
17 32
2 10
8 14
15 35
14 20
3 5
2 13
17 22
5 20
20 28
12 33
8 17
6 17
12 19
3 28
3 17
2 20
7 12
0 28
5 10
12 23
10 25
0 15
12 35
12 34
2 28
2 12
20 32
1 2
5 17
2 25
8 10
33 34
6 9
0 34
12 25
8 35
0 35
1 20
1 34
10 12
6 12
4 7
17 28
3 20
0 3
5 23
8 20
0 17
0 5
3 35
2 6
8 16
2 35
6 8
10 17
7 10
10 28
3 12
12 20
17 35
7 25
7 23
2 5
9 23
0 10
5 7
2 3
3 21
8 12
7 35
11 12
33 35
7 9
5 35
7 20
0 12
7 28
10 20
2 16
6 34
28 35
0 8
9 12
5 34
0 9
20 35
6 28
16 34
10 35
