2 20
7 9
12 14
5 35
12 35
6 35
12 32
2 3
0 3
6 23
7 12
2 35
12 21
5 8
3 13
10 34
5 34
17 20
17 25
17 23
2 12
3 35
1 2
6 10
22 35
28 34
8 9
7 34
3 17
2 23
9 17
7 23
12 17
20 35
0 12
0 35
0 25
0 5
16 17
12 23
23 28
10 14
0 8
10 12
17 35
12 15
6 34
2 7
0 20
12 20
3 28
2 6
12 16
9 15
1 9
6 20
12 34
6 17
6 12
28 35
2 10
1 7
0 7
13 20
1 28
3 4
12 28
33 35
2 28
5 7
20 34
7 10
8 17
5 20
10 28
3 12
20 28
10 17
7 8
6 28
3 34
6 7
5 17
5 10
0 2
7 32
1 33
2 5
12 33
14 35
3 10
20 25
5 12
8 20
3 5
10 11
0 19
17 28
13 35
8 28
8 16
9 10
2 8
0 10
25 35
0 34
7 17
