0 2
14 17
10 17
10 28
12 35
0 35
9 12
5 28
3 9
0 8
3 35
6 12
0 7
7 8
2 16
10 13
2 4
2 17
2 12
3 12
12 25
10 35
2 28
0 20
12 14
13 35
2 3
3 7
5 9
2 34
7 10
8 10
0 6
0 28
0 12
5 20
7 12
11 17
25 28
7 20
12 20
17 28
3 20
12 15
6 35
12 23
12 17
2 35
7 35
10 12
1 34
9 34
12 28
5 10
3 17
9 23
0 17
7 17
17 34
22 35
2 5
21 23
6 20
1 8
9 10
8 35
5 12
5 7
3 34
20 34
6 7
7 16
8 20
10 33
17 35
5 14
20 35
12 13
3 6
0 5
15 17
2 25
3 10
1 35
17 20
10 23
6 33
8 28
2 6
34 35
0 19
6 32
17 23
20 28
12 34
28 32
0 3
8 23
33 34
1 12
1 28
10 20
7 28
2 7
6 25
5 8
5 16
