0 2
6 20
10 17
10 28
9 35
1 5
7 8
15 28
7 34
8 17
7 10
12 14
0 10
2 10
1 2
3 13
5 10
17 28
2 12
3 12
12 28
3 35
2 28
0 35
0 16
8 20
2 20
3 6
17 21
2 34
7 35
5 28
0 1
9 34
0 12
5 20
7 12
2 17
7 28
6 17
12 20
5 34
3 25
12 15
2 35
8 12
12 17
2 7
5 17
10 12
5 7
8 34
0 28
13 25
7 20
33 35
0 17
2 9
17 34
12 22
9 12
23 35
3 14
6 23
16 20
8 35
5 12
7 17
3 32
20 34
4 10
9 20
11 12
12 35
28 35
3 5
28 33
12 13
8 33
0 7
32 35
8 28
0 23
1 10
17 20
20 23
2 6
9 17
0 5
6 10
12 19
3 17
2 23
6 25
6 28
14 35
5 35
0 3
10 20
12 34
1 8
6 7
16 23
10 34
7 25
6 35
3 10
