0 33
28 34
3 25
6 10
7 9
5 7
7 28
1 28
7 8
12 23
6 7
9 12
0 8
2 10
2 32
12 15
5 10
17 28
2 12
3 28
5 12
1 2
2 25
0 35
16 35
8 20
20 34
20 28
7 11
1 8
7 10
5 28
10 17
6 9
0 12
5 20
0 23
12 35
7 12
6 17
12 20
16 34
3 6
17 35
12 14
13 34
12 17
3 17
5 17
10 12
2 17
2 35
17 34
12 25
2 7
33 35
0 17
13 28
12 34
12 22
9 10
5 35
13 23
0 6
20 35
17 20
3 12
7 17
3 10
3 20
4 35
2 20
12 28
14 35
0 28
8 25
12 33
8 28
3 16
0 7
3 8
5 6
0 20
10 21
7 20
10 23
6 23
19 23
0 5
6 12
17 32
1 17
8 34
34 35
2 6
2 3
2 5
3 7
10 20
0 34
2 8
15 35
9 35
10 28
1 9
5 14
10 35
