22 35
2 8
0 7
1 34
13 17
11 20
0 28
3 7
0 33
10 20
6 12
20 23
0 35
2 10
9 12
7 16
4 9
2 14
2 25
3 5
5 12
8 23
7 28
10 35
12 35
7 10
3 20
8 35
12 20
0 6
2 7
3 35
7 8
6 17
0 12
12 13
6 28
12 14
9 32
3 9
1 12
5 28
7 35
2 16
0 8
17 23
12 25
3 17
5 35
10 12
20 35
2 35
17 34
1 6
12 34
2 17
0 3
0 5
5 20
5 9
28 35
17 35
17 32
12 17
12 33
10 13
10 25
7 12
28 34
9 20
2 34
20 34
12 28
0 34
10 23
10 34
0 20
20 28
2 23
34 35
7 17
8 17
5 8
1 3
3 28
8 10
15 17
2 5
3 21
17 20
0 23
25 28
5 7
16 28
8 12
6 35
2 15
10 28
6 33
3 6
1 10
5 6
7 14
10 17
6 7
12 19
2 12
