23 28
3 7
0 12
6 7
0 17
12 28
0 10
5 10
2 3
20 34
6 35
1 34
6 23
3 34
20 28
3 22
12 32
1 10
13 17
3 28
7 25
8 12
1 20
10 28
34 35
5 21
9 35
2 28
28 33
8 20
0 20
8 9
7 35
5 14
3 20
5 8
5 35
7 14
3 25
17 23
6 20
12 20
10 34
8 23
3 6
17 33
3 12
9 12
0 16
2 35
7 34
7 9
2 7
6 28
12 35
12 17
12 13
8 17
5 12
8 10
12 16
17 20
2 10
0 25
12 19
12 23
10 15
3 35
10 12
10 33
7 17
5 17
5 20
17 35
0 34
10 17
8 35
0 28
10 35
0 5
2 12
0 2
28 35
1 2
2 9
15 17
1 32
2 6
2 23
10 20
11 35
6 17
7 12
7 28
2 25
6 12
14 35
9 17
0 3
4 6
2 8
5 28
13 20
16 34
0 7
5 7
12 34
