0 4
10 34
0 12
7 28
17 25
10 28
34 35
12 14
0 28
2 17
7 21
9 16
7 10
5 34
7 35
3 12
12 35
6 7
3 17
17 35
8 9
8 12
5 35
28 34
1 12
2 13
20 28
10 15
5 10
5 9
2 16
14 17
28 35
2 7
17 20
0 3
20 33
5 12
6 25
0 13
5 16
12 20
11 20
7 8
5 14
17 28
12 34
2 8
6 20
2 3
10 23
20 23
7 20
6 10
3 6
20 35
8 25
2 12
3 5
2 35
1 7
8 20
3 20
3 34
0 2
2 32
0 34
7 9
10 12
6 17
15 17
32 35
8 17
1 5
3 7
10 13
12 25
1 28
5 6
0 17
12 17
0 8
6 12
1 35
8 28
12 28
33 35
17 34
3 10
9 28
0 10
2 5
0 35
0 6
2 34
23 35
12 23
10 20
3 9
7 23
2 10
19 35
12 22
6 28
12 33
7 12
17 23
