2 33
3 12
0 12
7 9
14 20
7 10
9 12
8 23
5 8
2 8
5 7
22 28
8 28
1 17
28 35
3 35
6 34
1 33
7 17
17 35
8 12
8 20
5 34
20 28
12 34
5 6
7 20
12 15
10 14
9 17
12 16
5 20
12 35
2 7
17 20
14 34
16 20
5 12
34 35
0 7
3 25
2 5
1 20
3 20
0 5
0 28
3 10
5 35
8 25
2 3
10 23
2 23
7 35
6 10
0 6
20 35
6 7
12 33
7 28
2 35
28 34
0 20
3 17
3 28
0 2
2 17
11 34
4 9
10 12
6 35
12 17
12 13
17 28
1 2
3 7
5 13
10 25
15 17
3 5
0 17
17 25
7 32
2 28
7 12
8 34
12 28
8 35
10 21
10 35
9 10
0 10
13 35
0 35
0 23
2 20
1 3
6 9
23 34
0 16
6 17
2 10
12 19
12 32
6 28
12 23
6 12
10 17
