2 8
1 6
9 17
17 20
6 28
9 10
20 28
10 12
2 16
7 20
17 35
0 17
1 28
15 35
7 35
3 6
12 34
0 7
7 23
34 35
6 35
12 16
0 35
3 14
10 17
0 20
3 12
2 5
25 28
12 23
7 34
8 9
12 13
8 35
20 35
12 17
5 10
7 33
1 17
6 10
5 28
17 25
14 20
8 12
1 5
10 14
2 7
0 6
8 25
12 22
0 3
2 10
7 28
3 35
11 12
32 35
8 34
12 35
20 34
8 10
12 20
9 23
15 17
2 35
2 12
3 5
17 34
5 17
6 7
17 23
5 35
2 20
0 2
5 12
0 8
2 34
1 12
6 34
2 28
3 20
8 17
10 28
2 32
10 23
5 9
12 28
20 21
2 6
3 17
7 13
9 12
0 28
7 10
7 19
5 6
3 28
20 25
0 4
28 33
10 34
3 16
7 12
0 12
5 13
0 23
10 35
3 33
