8 12
48 64
59 64
69 71
32 45
33 75
64 77
48 78
12 48
17 75
10 71
36 76
35 62
26 76
30 68
32 77
53 66
42 62
50 65
55 66
48 52
33 64
8 32
13 42
33 48
46 64
30 76
31 32
5 26
12 52
17 64
7 63
76 77
42 74
12 32
12 31
32 76
36 72
52 73
8 30
53 75
35 53
36 75
68 76
29 74
4 31
12 36
17 33
23 62
5 42
26 37
40 68
31 54
17 29
44 68
12 30
57 69
28 41
17 48
46 48
46 75
8 76
64 75
36 77
26 66
33 35
37 55
32 35
17 36
17 78
26 32
72 78
36 74
22 52
48 75
72 76
26 55
18 25
13 16
4 78
64 68
17 57
29 46
28 55
8 36
10 25
40 72
46 78
42 78
48 62
40 53
57 67
26 36
36 40
59 69
48 53
29 36
48 72
46 68
32 40
17 77
29 55
25 34
43 47
17 68
29 31
76 78
17 31
54 63
30 72
38 46
59 66
29 44
26 33
68 75
12 76
30 32
18 48
26 31
26 78
8 68
1 78
30 48
8 18
35 37
32 48
32 75
33 53
32 33
52 53
4 64
32 68
32 72
8 29
64 78
25 33
1 32
64 72
17 32
32 36
30 78
57 73
46 72
8 78
32 53
32 78
26 73
46 59
30 36
31 36
30 69
30 31
40 78
12 46
12 69
26 68
36 48
23 38
17 40
36 68
12 33
16 18
36 64
17 53
26 77
53 76
36 78
1 37
13 44
4 21
12 29
26 30
12 17
44 59
1 72
32 46
72 77
4 32
29 64
8 17
59 68
31 75
52 74
31 64
12 78
36 59
34 65
33 36
13 55
40 57
41 71
33 78
17 62
2 33
32 64
30 75
12 64
68 77
14 73
36 73
66 76
44 72
8 64
25 48
4 73
12 40
29 35
1 54
12 26
17 74
65 74
68 78
48 76
68 72
64 73
75 77
17 30
66 69
36 53
29 32
3 61
8 72
23 40
25 50
36 46
32 42
1 58
44 62
35 38
45 59
30 33
12 75
8 46
