25 65
17 48
64 68
69 77
53 54
44 64
36 78
38 62
17 73
31 46
36 64
36 76
35 77
26 53
32 53
17 25
31 33
32 35
17 68
1 59
52 66
8 55
8 32
17 40
16 74
17 76
17 71
29 32
12 64
35 71
44 45
8 26
12 46
30 48
12 32
36 44
32 76
36 72
72 75
23 73
45 62
36 73
36 75
17 30
8 78
48 55
30 64
26 40
14 63
8 53
13 23
64 72
17 75
32 66
1 25
41 69
4 66
2 18
12 78
48 78
29 72
48 75
26 75
30 78
55 64
31 53
31 32
28 74
17 36
53 68
26 32
53 75
33 68
50 53
1 4
12 72
75 78
76 78
36 42
42 77
33 37
44 52
8 76
25 64
8 36
3 66
29 62
68 72
17 33
1 40
42 78
52 76
13 59
31 36
46 50
42 62
16 53
18 71
8 12
1 48
46 74
46 48
30 36
26 77
68 78
30 68
46 78
40 69
44 66
12 76
48 68
26 31
36 59
41 73
12 30
23 54
30 32
26 64
68 77
17 42
28 34
18 57
37 57
13 55
12 17
32 48
32 75
8 72
32 33
1 29
26 33
32 68
32 72
33 78
48 64
35 42
44 68
34 68
17 32
32 36
73 78
12 31
33 76
32 40
40 78
32 78
29 57
12 26
35 66
26 78
26 36
43 52
59 76
59 64
26 46
33 64
31 64
8 68
36 53
36 68
33 48
8 30
46 76
12 36
32 59
12 69
64 78
12 68
31 38
30 46
10 69
8 77
31 55
72 73
48 76
32 46
12 77
18 29
36 48
26 30
64 75
29 33
26 68
17 29
4 76
30 59
38 54
33 36
12 29
4 32
21 65
25 48
37 73
32 77
32 64
10 59
30 72
4 37
57 77
62 76
5 63
12 48
33 40
47 55
17 64
12 75
17 52
13 58
36 57
46 72
46 62
29 64
65 74
17 72
74 75
35 61
5 67
52 74
29 36
40 75
17 78
8 22
30 75
7 32
36 46
40 48
35 69
25 31
72 78
40 53
30 33
4 29
48 72
