31 38
29 31
13 67
30 78
48 64
30 75
36 78
54 57
29 64
18 75
36 64
36 57
35 42
36 53
8 37
8 68
25 40
4 17
36 72
30 36
10 32
64 68
8 55
33 59
8 64
43 71
68 75
47 63
36 76
12 59
13 16
68 76
29 33
48 77
12 32
12 40
68 72
23 71
26 31
32 75
69 73
17 72
48 72
26 36
32 40
36 59
40 78
10 66
53 78
57 66
32 59
16 62
30 76
12 31
68 77
40 64
32 55
46 57
33 48
8 36
18 28
12 74
12 30
31 63
32 72
62 78
46 53
69 72
17 36
26 76
48 65
68 78
30 66
17 73
45 65
1 59
4 23
8 17
26 32
30 41
18 44
26 64
46 64
1 38
4 42
8 76
17 69
42 72
52 76
62 77
74 77
4 50
17 78
59 72
31 52
36 75
29 68
72 78
7 44
26 78
46 75
64 76
46 68
31 36
31 64
30 32
48 76
33 52
48 78
37 72
29 32
30 48
31 78
72 77
29 48
12 72
36 62
25 76
64 78
52 53
29 36
44 46
17 30
33 53
1 32
32 48
12 64
23 34
5 13
29 72
17 53
40 55
26 48
30 68
17 64
22 52
21 54
12 25
17 32
32 36
26 68
53 73
8 32
12 17
55 59
32 78
55 73
17 18
29 73
46 78
76 77
25 26
40 77
36 40
17 26
3 77
12 48
1 66
32 33
36 68
44 72
77 78
17 48
12 36
38 44
29 62
53 69
1 74
44 69
8 78
25 66
35 52
1 78
8 48
8 12
26 30
5 74
33 36
36 48
17 75
32 76
40 59
4 36
17 68
32 68
31 33
62 75
13 45
41 73
37 42
32 57
73 74
33 76
71 75
32 64
2 42
14 61
33 64
4 33
26 46
37 50
32 35
48 68
28 35
32 46
8 30
26 75
46 48
58 75
30 64
12 46
25 34
12 75
53 55
12 33
42 64
32 53
17 46
26 66
17 33
65 74
36 46
29 30
12 78
29 35
54 69
12 68
64 75
26 35
31 32
8 33
40 76
35 53
