36 46
4 40
1 47
33 62
17 68
26 72
36 78
68 72
4 63
75 77
36 64
5 73
8 53
12 17
35 78
48 76
48 64
53 78
25 64
30 36
17 29
29 75
31 48
32 77
32 42
4 78
37 45
53 72
17 78
68 76
40 57
8 36
64 75
40 53
12 32
25 35
12 40
32 53
68 75
32 75
33 69
30 78
36 53
26 36
17 66
26 76
1 46
17 30
41 44
13 50
46 73
21 23
16 72
35 62
76 78
1 3
37 77
31 68
23 37
17 72
53 77
30 64
12 28
26 33
26 30
32 68
29 36
44 59
33 52
12 33
75 76
26 53
33 75
48 75
29 30
1 54
44 73
32 40
26 32
33 78
12 26
31 36
25 65
72 77
40 72
40 48
59 68
32 35
46 66
12 30
33 46
26 68
17 57
8 57
53 55
34 59
8 30
40 46
43 73
77 78
45 62
64 76
33 36
12 64
17 46
30 32
32 33
25 63
30 68
48 72
29 32
29 78
30 42
18 71
2 71
17 76
26 64
31 72
36 55
31 32
23 42
29 64
17 26
32 69
64 77
32 48
8 48
59 74
31 64
38 67
13 74
17 33
4 31
48 68
26 52
72 78
17 64
38 58
17 32
32 36
35 44
46 64
8 32
13 62
12 78
32 78
13 41
54 59
50 73
17 31
35 55
40 76
17 36
64 68
5 18
18 69
12 46
36 77
30 31
36 68
12 68
12 72
7 66
12 36
66 74
4 55
37 65
46 59
12 48
12 71
8 29
55 69
17 52
29 48
10 22
44 48
53 66
36 75
36 48
12 14
32 76
52 61
52 69
34 42
26 75
64 78
30 76
32 52
68 69
17 48
25 31
28 57
46 78
36 76
32 64
1 32
59 72
36 62
8 59
33 48
8 26
55 74
29 76
36 72
32 46
68 78
12 75
57 74
10 29
48 78
4 73
48 53
8 17
42 75
1 29
33 64
33 76
72 73
12 77
38 65
30 62
25 36
66 75
26 46
36 74
8 64
31 40
8 78
32 54
16 18
8 44
42 68
30 35
