36 76
26 36
32 35
28 77
52 57
23 40
33 48
46 48
31 45
31 59
36 64
26 78
53 55
12 78
48 76
16 63
44 75
68 72
26 48
64 68
48 72
13 33
13 25
8 26
42 77
25 69
12 36
48 59
3 7
12 31
43 50
1 52
50 77
17 29
12 32
17 33
36 75
12 64
36 77
26 65
10 47
12 48
30 76
52 63
25 44
53 68
18 21
32 73
8 30
72 78
18 71
1 57
8 36
33 36
4 57
23 68
59 65
22 55
4 34
5 75
33 53
12 55
48 68
30 68
17 68
32 68
12 26
29 32
31 36
30 75
32 40
31 32
17 53
29 48
25 34
75 76
32 53
42 69
26 32
46 53
17 30
31 75
33 76
1 64
29 64
8 68
36 53
30 64
52 78
35 36
68 78
46 68
38 44
36 78
25 42
32 74
17 77
10 67
8 12
40 76
32 46
62 64
30 72
32 55
33 46
30 32
17 76
12 29
29 33
32 72
35 52
8 69
66 71
57 73
1 77
31 37
33 72
31 46
17 26
64 76
48 65
32 33
26 29
4 74
17 72
32 48
1 59
26 68
36 40
59 64
46 72
12 72
40 53
61 71
48 78
64 78
29 30
45 54
17 32
32 36
18 42
54 59
69 76
52 74
55 77
32 78
12 76
8 40
8 32
55 66
68 77
29 68
17 36
41 44
46 64
35 75
12 30
8 64
8 35
36 68
1 37
17 64
48 69
12 62
72 75
12 17
29 44
12 46
8 33
48 64
40 58
12 75
30 53
12 37
17 75
40 78
30 33
18 46
36 48
28 72
23 72
36 37
73 76
41 66
68 73
73 74
30 36
16 57
29 40
36 42
36 72
33 78
36 66
17 48
32 64
44 72
69 73
35 78
25 64
66 78
31 48
26 62
17 46
4 78
2 66
17 78
26 53
62 78
38 54
4 42
38 73
13 53
26 75
5 74
26 33
29 36
46 62
4 35
13 31
32 77
14 62
32 75
8 17
30 78
17 31
40 64
75 78
8 46
32 59
26 64
32 76
30 59
74 76
