59 62
26 36
26 64
68 72
29 53
34 63
26 31
52 54
3 61
40 76
36 64
55 62
31 78
68 75
32 62
8 68
37 59
35 42
8 48
30 72
18 65
4 23
31 55
25 78
46 68
35 74
12 36
29 78
33 68
32 77
12 53
8 53
26 29
46 78
26 76
44 59
8 29
8 59
62 69
30 73
26 72
48 72
40 48
18 54
46 76
4 32
14 66
48 78
48 66
38 75
52 64
8 47
41 42
33 36
76 77
72 75
26 78
31 72
26 30
30 78
46 73
17 77
8 33
1 35
48 77
32 68
8 36
29 32
69 75
59 67
33 52
33 64
29 59
17 35
17 68
13 72
30 46
31 76
26 32
30 33
17 26
12 64
12 48
68 69
8 78
57 66
16 75
33 76
25 38
33 75
38 71
12 26
17 33
36 78
32 40
12 78
5 30
1 53
25 57
2 55
32 76
26 68
8 57
32 46
1 10
30 32
17 72
48 53
40 42
48 73
29 75
59 65
17 44
36 76
30 74
64 78
1 42
32 72
23 62
13 58
35 62
32 33
12 30
68 78
48 64
32 48
12 40
45 74
36 40
46 48
48 74
13 68
16 18
36 55
22 63
12 46
4 37
12 74
17 32
32 36
17 53
29 77
42 78
17 29
4 46
28 77
18 25
25 44
32 53
34 40
1 31
4 36
17 36
64 68
17 76
69 71
64 72
44 54
37 69
36 68
32 69
17 64
23 43
32 73
36 44
12 17
31 64
29 64
64 66
29 35
12 32
30 31
53 64
26 46
36 46
37 52
12 42
28 66
36 48
46 72
31 36
7 21
12 72
52 71
36 73
73 76
30 36
53 78
64 75
40 53
36 72
10 57
12 76
17 48
32 78
8 17
5 55
13 76
8 31
40 77
12 75
26 48
68 77
31 32
59 73
17 78
33 48
26 44
17 30
76 78
1 64
17 75
36 52
46 65
32 55
29 36
41 68
53 72
45 57
25 33
33 74
32 64
36 75
32 75
30 64
35 66
4 50
30 40
50 77
75 78
8 32
12 33
12 68
