40 76
26 36
30 35
36 75
12 64
37 74
37 45
36 62
31 68
8 76
36 64
17 75
41 59
17 31
31 32
36 57
26 46
38 54
68 75
17 68
52 74
3 46
8 35
26 30
71 74
33 36
12 36
40 69
33 76
17 74
29 37
42 78
12 40
16 72
17 33
33 66
38 57
64 75
33 46
18 58
30 77
33 48
36 46
1 65
8 55
26 40
17 77
12 46
29 30
75 78
29 66
4 48
26 76
29 53
32 59
40 46
17 72
64 72
8 26
17 46
32 53
50 59
26 64
32 73
52 77
32 68
72 75
48 78
12 77
35 36
57 66
32 65
29 69
25 33
17 48
5 13
35 54
68 69
26 32
31 78
72 77
35 62
23 41
1 2
25 75
29 33
14 25
30 48
32 76
53 67
35 38
12 78
30 31
36 78
55 59
26 48
36 77
29 32
1 76
25 63
4 53
40 55
33 52
30 72
8 12
30 32
31 73
17 53
30 76
23 28
12 48
5 42
32 40
4 32
33 62
77 78
1 10
32 72
64 73
8 78
18 44
32 33
62 78
26 71
10 65
32 48
1 59
37 69
30 78
32 44
68 72
46 78
4 54
28 32
68 73
12 68
4 75
7 13
17 32
32 36
17 76
29 64
43 66
17 29
33 59
64 76
44 73
71 77
30 46
68 76
55 57
42 59
17 36
8 59
50 62
25 69
22 42
13 34
66 75
36 68
31 64
17 64
72 73
30 64
13 69
12 17
34 72
64 68
8 32
23 57
12 32
18 63
8 68
12 26
68 78
48 76
47 61
53 64
36 48
48 53
55 62
32 75
26 72
8 48
26 33
48 72
30 36
55 76
36 76
46 68
12 29
4 74
12 74
8 36
32 78
8 46
40 52
25 68
18 66
40 78
36 73
31 36
26 53
48 64
32 46
17 78
12 30
1 36
29 36
44 52
17 42
48 68
48 75
64 78
40 64
31 48
12 72
35 53
31 44
17 30
33 75
32 64
31 42
21 44
46 77
53 78
26 29
16 45
12 53
52 78
36 72
8 64
12 75
