8 42
33 64
48 76
17 76
12 62
40 64
29 66
53 59
23 41
36 43
36 64
36 76
5 50
18 25
42 76
8 48
17 78
48 78
26 72
30 75
26 64
34 72
40 78
32 62
57 68
12 57
12 36
12 26
13 40
32 42
17 30
26 46
10 37
30 78
12 75
12 72
26 53
8 18
69 73
68 78
35 38
4 78
2 65
29 32
38 59
17 33
12 46
34 74
30 42
44 71
26 66
33 36
40 68
33 68
13 17
31 59
33 78
64 73
17 68
46 64
29 77
17 29
12 42
35 36
64 72
32 68
8 17
33 40
8 64
13 37
17 26
17 64
52 66
59 73
17 48
52 78
72 74
26 76
26 32
48 75
3 44
64 68
48 57
14 25
32 69
64 78
36 72
36 53
32 76
35 73
75 78
4 13
8 31
36 78
12 48
35 66
31 48
32 77
1 67
45 57
29 30
44 69
4 37
53 61
12 76
30 32
76 78
4 22
26 78
31 40
31 32
29 44
30 52
26 36
1 64
30 68
33 48
32 72
74 75
18 59
38 65
32 33
1 32
25 73
5 62
32 48
33 46
17 75
46 77
68 72
8 36
8 26
55 69
12 77
54 65
63 66
8 12
30 31
17 32
32 36
26 29
29 75
45 54
36 75
16 41
46 53
12 33
36 69
17 66
29 64
36 46
30 53
17 36
32 40
17 72
1 31
48 64
52 74
8 78
36 68
35 59
36 40
12 64
29 35
1 36
33 58
64 74
31 75
8 32
59 72
12 32
33 53
12 30
72 78
12 68
48 77
57 62
55 72
36 48
33 76
18 53
32 75
46 52
17 31
48 72
55 76
25 42
37 54
77 78
68 76
48 53
44 77
8 40
26 31
32 78
30 64
30 36
44 76
29 68
1 72
25 69
62 76
32 55
16 28
32 46
26 75
17 46
12 17
33 75
52 68
31 53
36 77
30 46
46 48
50 71
10 73
8 62
7 28
4 74
47 55
30 48
32 64
55 75
21 63
68 77
4 23
23 71
29 36
40 73
25 53
46 78
35 68
32 59
