30 36
26 36
26 40
53 59
52 54
48 64
46 48
26 31
17 75
8 12
36 64
23 26
30 72
1 4
32 75
4 59
17 78
17 30
35 57
12 64
48 72
31 36
29 42
3 50
32 53
41 42
12 36
59 64
59 78
48 53
31 54
35 64
1 8
34 73
22 57
36 46
68 75
53 76
37 75
31 75
2 76
31 55
1 53
64 75
29 64
25 68
72 78
36 69
25 42
12 31
29 78
33 36
35 36
34 72
4 32
26 75
17 40
55 62
17 31
25 40
31 32
12 30
36 75
55 64
13 48
32 68
69 74
8 75
4 44
46 78
17 76
17 64
26 29
40 48
17 48
30 78
10 52
32 76
12 40
25 44
35 71
1 17
48 68
29 68
30 40
17 33
36 72
26 64
8 76
30 32
12 72
68 77
31 52
36 78
12 48
46 53
26 53
26 78
8 46
18 52
53 78
18 32
32 44
46 64
68 78
64 78
23 62
17 29
37 46
5 62
30 76
33 46
33 63
33 48
17 46
30 33
13 43
32 72
12 78
30 64
38 66
32 33
16 59
47 71
32 46
32 48
66 69
12 26
33 66
8 14
46 72
45 73
26 32
36 76
40 73
48 78
16 18
66 68
17 32
32 36
52 65
36 40
33 44
31 38
8 17
12 29
26 48
12 75
68 76
32 54
8 53
30 48
17 36
7 77
12 68
57 62
17 68
57 69
33 72
36 68
29 46
33 64
36 53
35 37
36 59
74 77
28 67
30 52
33 68
66 77
12 32
8 72
40 59
62 69
21 44
61 69
57 74
41 71
36 48
29 40
37 65
42 50
35 72
29 48
25 32
48 76
1 5
42 78
35 77
26 76
36 55
26 68
18 77
12 33
32 78
23 42
75 78
30 45
10 44
72 74
31 64
55 73
12 73
33 78
4 76
12 46
36 77
12 17
30 68
72 76
26 77
29 32
25 75
55 66
4 53
65 74
17 72
32 59
64 68
38 76
32 73
32 64
8 32
73 75
8 28
8 64
17 77
29 36
13 62
1 58
13 63
8 78
30 74
