30 36
26 36
57 73
30 33
8 37
48 64
44 74
18 66
10 25
26 69
36 64
22 25
40 42
13 69
32 40
37 77
17 78
26 33
17 75
12 64
1 32
4 72
32 76
53 64
74 75
48 53
12 36
72 76
23 38
1 23
31 37
29 30
18 34
42 62
33 40
35 41
30 31
2 46
53 74
46 76
32 77
32 44
42 65
36 55
64 68
66 75
29 59
4 16
26 76
32 52
8 17
33 75
32 35
25 36
7 41
12 30
55 68
26 64
32 72
65 76
32 33
33 72
54 69
8 26
43 77
32 68
17 33
33 73
16 62
44 55
3 21
17 64
57 66
14 44
17 48
50 63
17 26
12 26
40 68
36 72
30 68
30 77
1 17
26 72
12 46
1 75
17 31
36 53
17 30
30 32
48 76
57 72
29 64
36 78
12 48
48 72
36 59
68 69
8 32
33 76
25 48
8 74
17 29
30 64
28 55
8 68
10 45
17 59
48 68
36 75
31 35
71 75
30 78
46 64
25 74
40 78
12 53
31 32
32 46
17 76
62 63
26 68
1 4
12 40
8 78
32 48
55 64
12 78
35 71
29 76
59 64
46 78
26 32
13 78
1 57
48 78
25 65
12 68
17 32
32 36
68 76
8 72
12 35
32 55
59 74
29 40
32 75
38 78
46 75
26 73
42 64
46 59
17 36
8 12
33 68
48 73
46 53
44 50
12 76
36 68
31 78
35 58
44 46
30 46
26 48
42 77
12 77
8 62
36 73
8 40
12 32
31 52
36 46
30 73
64 78
4 12
8 30
23 31
36 48
17 72
64 72
38 42
68 72
26 57
5 18
13 47
46 72
59 76
18 54
13 53
68 78
53 59
52 66
8 36
32 78
48 75
76 77
33 64
35 69
29 78
37 66
36 40
17 68
36 77
52 73
5 31
12 33
12 17
54 62
32 53
53 72
31 36
29 32
33 78
53 75
26 29
52 62
31 64
4 77
66 78
61 71
32 64
29 36
4 36
30 48
75 78
29 75
28 34
29 45
40 48
17 52
33 48
67 69
