30 36
26 36
8 53
48 72
33 57
72 77
25 68
35 48
17 78
72 78
36 64
75 78
46 57
30 64
31 32
4 13
66 73
8 78
36 75
45 57
29 59
17 76
8 32
29 48
23 71
23 77
12 36
42 48
53 76
44 55
29 65
68 74
1 67
76 78
32 44
46 68
33 73
26 72
31 68
36 74
44 59
12 31
55 62
57 68
8 42
30 46
5 69
12 26
46 76
32 55
18 50
66 78
26 78
4 25
26 75
43 62
35 44
53 75
8 44
12 46
26 46
35 41
32 33
16 44
2 66
32 68
12 33
74 77
64 66
8 33
30 35
17 68
29 32
8 25
17 48
31 36
26 29
46 72
34 54
72 75
26 68
64 68
10 63
33 59
10 40
17 64
52 66
36 53
57 62
30 32
8 71
40 68
12 77
36 78
12 42
48 78
36 76
48 64
4 32
33 64
40 74
64 75
29 33
34 42
26 76
26 33
46 64
32 54
68 69
35 75
17 72
7 59
1 12
17 31
53 59
8 59
5 38
72 73
32 46
52 62
1 45
35 36
40 64
53 55
31 59
32 48
30 78
1 62
8 30
18 35
75 76
32 75
26 32
26 30
28 73
12 68
52 55
73 77
17 32
32 36
29 36
32 72
17 46
17 77
26 48
30 69
12 76
64 76
46 75
4 29
17 30
25 74
17 36
37 48
12 30
53 69
40 55
12 48
8 77
36 68
21 65
18 29
36 40
29 64
46 48
30 75
17 33
13 74
17 59
64 72
12 32
4 58
30 68
16 71
52 63
33 78
13 22
30 76
36 48
12 64
32 77
65 76
25 29
48 75
12 72
17 75
31 53
69 78
31 33
68 72
17 26
48 53
30 72
8 36
32 78
52 53
47 69
3 38
64 73
31 78
13 40
32 40
1 50
12 78
37 42
64 78
40 78
76 77
31 38
32 53
12 17
36 72
26 64
12 40
23 37
8 17
48 76
48 68
25 33
41 61
17 66
32 64
33 36
32 42
18 62
37 78
36 46
4 36
14 54
1 36
29 73
28 31
32 52
