26 72
63 77
38 47
33 36
53 68
38 68
1 62
26 66
25 31
32 53
36 64
72 78
45 73
17 76
25 42
33 64
75 78
31 36
36 46
12 68
8 40
29 64
37 55
46 64
55 78
29 36
12 36
10 73
17 73
13 48
29 32
46 72
30 46
33 38
26 33
12 75
12 76
18 78
12 48
32 72
31 77
31 66
8 34
26 30
17 64
13 17
54 74
48 68
29 68
1 74
1 42
62 77
36 40
68 76
31 64
12 53
37 66
29 40
26 76
32 44
31 50
17 72
52 76
28 55
32 76
32 42
30 78
36 68
46 68
18 71
22 53
12 35
17 66
18 59
30 31
36 53
57 73
62 72
36 72
35 40
30 64
17 30
12 78
31 68
25 44
44 46
46 78
66 69
12 46
30 75
4 17
32 68
1 52
36 78
40 44
26 59
48 78
17 78
37 65
26 75
40 65
12 29
64 78
1 45
17 53
59 64
63 73
35 72
25 72
30 76
64 76
58 77
37 57
23 42
3 40
35 68
30 48
50 52
26 48
54 59
12 72
48 76
28 62
4 74
8 33
32 48
26 36
13 65
46 77
8 73
13 59
64 72
41 69
12 17
8 29
31 33
30 72
32 35
17 32
32 36
32 33
12 64
25 40
17 48
26 64
59 78
17 33
17 77
33 78
8 32
32 77
33 69
17 36
46 75
26 78
4 12
48 55
1 75
29 46
48 52
36 77
44 66
35 64
36 75
46 53
8 69
8 36
32 59
4 32
12 31
12 32
48 64
42 75
42 54
59 75
26 32
36 52
4 48
26 29
53 57
68 78
40 78
36 76
35 67
21 61
68 72
23 69
30 36
30 32
10 62
32 40
8 72
36 48
29 48
32 78
33 68
29 76
73 74
5 33
23 71
8 48
74 77
32 75
8 12
32 46
75 76
26 68
30 33
30 53
2 14
34 41
8 17
36 74
7 55
25 71
4 76
8 64
17 75
31 32
33 53
48 69
32 64
17 26
64 68
5 16
12 30
43 57
57 78
53 75
18 55
16 44
36 62
29 52
