8 55
35 40
33 78
29 55
1 32
2 66
31 34
71 74
59 65
72 77
36 69
36 40
10 40
8 48
30 68
32 75
36 46
8 29
36 64
13 57
8 12
48 64
47 53
62 69
17 48
23 45
12 36
52 73
33 64
31 40
29 32
75 77
63 74
30 33
36 52
32 40
10 57
68 78
32 76
32 72
68 72
46 72
16 42
66 72
12 17
12 40
31 48
4 41
36 74
8 53
36 76
12 68
38 58
46 64
18 45
26 30
64 72
33 59
17 73
54 57
17 30
30 64
68 77
12 76
12 26
4 55
1 17
36 72
30 77
46 78
31 67
13 18
17 72
17 64
29 75
37 62
13 61
36 68
64 76
14 44
33 68
22 69
37 44
26 36
5 50
3 41
46 66
12 31
62 77
32 46
17 33
32 68
33 40
36 78
36 75
8 32
25 50
26 33
8 30
30 36
52 66
25 40
26 31
59 78
75 78
30 35
57 65
37 43
29 72
53 78
30 46
52 68
8 72
16 28
64 68
33 75
17 78
31 44
12 71
28 38
32 62
26 78
42 76
33 36
48 53
32 48
29 48
17 77
25 48
23 64
48 72
17 40
59 76
48 59
36 53
7 46
52 75
1 42
17 32
32 36
32 33
46 75
42 64
32 69
31 32
30 78
36 42
54 69
12 64
17 76
30 73
32 77
17 36
26 77
32 53
8 36
18 68
17 26
48 68
1 74
29 46
17 53
32 35
64 78
5 72
12 78
55 64
29 36
62 65
13 76
12 32
12 52
23 54
26 64
12 30
26 32
25 33
12 33
35 44
48 75
71 73
68 76
8 26
18 55
29 78
8 21
31 59
8 64
30 32
48 78
12 35
26 46
36 48
17 68
32 78
42 44
31 78
48 76
29 66
32 59
37 73
17 29
4 69
4 74
8 75
31 75
72 75
68 74
1 66
26 76
1 73
44 55
35 36
46 62
40 78
34 77
17 25
30 48
46 73
38 63
4 53
32 64
76 78
4 68
26 75
35 53
26 59
53 64
25 53
12 72
12 48
29 76
33 57
