8 29
8 59
32 66
33 72
35 62
26 48
26 68
12 26
26 29
34 65
12 53
68 76
31 36
52 54
73 76
32 75
31 68
29 64
36 64
36 52
73 77
14 23
64 72
5 42
17 48
36 76
12 36
1 64
32 59
26 31
29 32
4 26
12 48
30 48
25 68
32 40
44 69
76 78
32 76
32 72
53 78
41 62
41 55
12 68
12 17
42 76
45 63
25 31
46 71
12 31
12 75
29 78
31 40
8 48
25 32
17 52
33 76
42 77
4 68
8 33
33 64
10 38
17 26
17 74
75 76
64 68
35 38
36 72
25 57
33 40
35 53
17 30
55 74
17 64
34 44
26 75
22 66
36 68
68 74
72 78
12 72
31 35
5 10
54 73
1 18
43 64
26 78
30 46
59 77
32 46
66 78
32 68
68 72
36 78
18 36
8 32
18 23
29 76
46 78
30 36
29 62
25 30
8 78
59 64
72 75
40 75
8 76
17 72
36 53
1 17
52 65
33 50
53 69
30 68
53 73
30 76
17 78
29 36
66 77
48 62
12 29
13 33
30 33
33 36
4 77
32 48
28 74
48 78
37 62
66 74
8 75
33 44
36 75
48 72
17 68
64 78
28 62
42 53
17 32
32 36
32 33
69 78
30 59
53 72
31 32
8 26
8 69
37 59
33 69
12 73
23 57
29 48
17 36
21 46
32 53
8 30
8 17
26 30
48 68
30 75
26 36
17 46
40 44
33 46
29 44
12 78
13 54
17 42
1 71
16 55
12 32
46 75
44 58
3 53
48 73
26 32
17 31
35 61
46 52
36 55
17 76
17 29
72 77
32 77
77 78
48 75
4 57
2 47
30 32
32 35
46 48
13 25
36 48
12 46
32 78
53 75
4 55
26 40
30 64
31 64
7 38
26 64
16 71
12 40
4 66
1 55
37 77
12 59
36 46
57 74
32 73
64 76
50 63
48 64
68 78
46 64
13 18
48 59
52 72
30 31
67 69
32 64
35 68
1 36
36 40
75 78
45 57
42 64
40 65
12 33
12 37
40 72
8 36
