37 53
46 54
7 50
1 42
50 53
12 53
16 52
10 31
12 29
1 38
15 19
5 51
40 55
16 18
34 45
34 41
31 35
27 43
34 48
0 17
3 39
0 55
3 51
28 39
5 14
35 50
41 52
37 46
28 44
17 31
11 39
9 35
7 37
10 29
7 35
16 31
10 41
35 42
24 46
5 10
44 52
2 54
30 34
17 29
24 37
3 17
31 48
37 50
14 24
9 55
8 9
4 21
7 29
10 17
0 37
29 37
35 39
16 54
51 53
35 51
7 14
29 50
29 46
10 24
21 54
18 28
10 35
10 37
5 53
38 55
0 35
34 56
35 41
14 53
28 31
33 52
29 35
8 32
24 53
46 48
32 43
12 35
11 23
18 34
3 7
7 48
30 52
17 37
3 14
7 51
24 50
31 53
3 24
46 49
7 10
37 48
10 14
1 2
5 27
37 51
32 42
17 35
5 50
3 5
35 55
29 53
7 53
21 46
10 53
14 55
14 17
3 35
3 37
10 51
0 19
9 26
3 50
12 37
24 35
12 24
5 17
9 40
5 7
0 12
2 51
16 48
3 53
5 24
48 50
23 34
34 35
35 53
28 54
38 40
2 6
10 48
3 42
0 24
9 45
12 31
34 57
24 31
17 53
20 55
33 54
9 43
7 24
35 45
24 27
9 37
18 57
3 48
35 37
5 37
3 10
35 48
16 33
36 48
41 56
3 46
39 46
15 36
7 17
14 37
0 10
10 12
5 29
12 17
11 16
10 50
31 37
24 29
11 31
14 35
17 24
24 48
55 57
5 35
14 48
44 50
4 56
48 53
15 18
12 14
12 15
44 54
