37 53
12 17
5 24
15 29
9 18
14 54
16 23
39 43
38 39
2 32
35 52
39 44
0 54
33 44
5 12
0 26
35 55
27 41
17 51
20 41
24 50
45 55
15 42
5 17
14 37
35 50
3 24
31 46
0 35
8 55
46 48
3 29
7 37
29 53
7 35
31 51
41 54
44 55
7 14
30 34
10 12
32 36
4 16
3 5
24 37
11 35
27 52
35 39
24 29
12 37
14 53
18 28
37 41
10 39
18 21
5 37
10 29
17 50
23 34
29 35
1 43
21 40
2 43
10 24
18 56
14 50
10 35
10 37
24 53
9 19
5 50
9 28
16 35
3 7
34 40
3 17
12 50
15 41
49 53
11 28
24 46
12 35
0 53
7 50
9 52
17 48
33 36
17 37
17 29
12 24
5 7
51 55
3 14
10 31
7 10
37 48
10 14
12 54
42 44
17 53
50 51
17 35
5 10
16 56
14 24
10 46
5 29
48 53
10 53
32 55
37 50
3 35
3 37
33 56
24 38
0 3
14 15
28 30
24 35
31 53
0 51
3 54
37 46
9 55
9 46
10 17
3 53
50 53
34 57
7 9
14 48
35 53
3 12
0 2
10 54
10 48
7 53
24 54
24 31
9 11
2 55
7 17
7 12
16 52
14 16
28 46
7 24
7 48
1 4
35 51
19 40
5 31
35 37
31 37
3 10
35 48
27 34
34 45
5 35
6 37
35 38
42 57
8 21
29 37
11 42
34 51
37 51
35 46
48 50
31 35
5 53
0 57
12 52
14 35
17 24
24 48
1 34
5 48
3 48
10 34
45 46
16 18
29 31
31 48
29 48
3 31
