24 53
19 51
17 35
46 51
40 52
10 17
5 7
11 35
5 35
30 55
48 52
5 50
38 51
2 42
32 46
7 37
5 14
11 43
17 24
14 53
0 46
7 50
24 29
28 53
9 16
37 54
12 24
3 12
37 48
41 55
4 27
21 55
17 38
5 12
29 51
10 31
7 48
16 35
9 10
7 35
7 16
21 53
5 48
35 51
24 37
21 54
39 46
3 14
34 35
0 41
7 54
35 50
28 35
9 28
31 35
29 35
12 34
20 42
0 36
30 33
39 57
35 46
7 17
10 24
39 44
14 48
10 35
10 37
37 51
12 37
5 37
5 24
53 54
5 53
18 29
31 37
3 5
40 55
7 31
12 17
10 14
23 45
11 33
18 44
10 54
17 37
3 48
3 37
17 31
0 8
7 14
1 15
6 45
3 51
12 35
12 48
24 31
26 49
0 44
10 53
28 37
9 15
16 27
33 45
9 43
32 57
16 28
16 31
35 53
3 9
3 24
48 50
3 53
3 34
10 12
17 53
0 16
11 56
24 35
34 37
41 46
5 10
14 50
10 29
14 37
38 53
24 40
52 53
3 17
24 48
53 55
3 29
1 39
24 50
14 17
50 54
15 27
48 53
23 42
24 41
18 36
1 52
3 10
2 46
5 17
4 57
14 24
18 46
35 54
10 50
29 37
29 50
35 37
8 55
2 51
35 48
10 48
24 34
7 12
0 42
46 56
10 43
7 10
14 29
17 48
29 31
18 56
35 41
32 44
9 35
3 35
39 55
5 34
14 35
2 52
7 24
19 34
37 50
31 34
9 29
0 55
15 34
12 31
37 53
3 50
31 48
