11 51
2 28
34 35
7 10
3 43
7 53
3 7
7 17
5 35
28 55
33 56
17 50
45 51
16 46
17 53
5 10
5 53
1 55
21 35
7 54
37 48
33 52
34 42
29 35
6 51
16 38
42 53
14 53
5 50
24 53
14 34
15 18
35 39
27 35
0 17
17 37
10 14
39 48
11 46
7 35
17 29
24 29
14 35
12 17
24 31
18 46
31 48
21 49
1 46
24 32
35 41
14 37
48 50
9 52
14 29
37 50
29 48
12 35
17 35
3 17
18 41
7 37
23 36
10 24
5 17
10 17
10 35
10 37
3 31
4 7
5 37
10 34
15 46
0 5
19 32
15 44
0 14
9 24
7 31
41 48
9 43
16 41
11 16
37 41
8 48
26 28
3 53
3 37
10 29
0 45
30 35
34 53
32 37
12 29
0 50
51 54
18 44
31 37
0 57
10 53
12 24
17 31
34 54
2 38
7 14
44 55
23 51
16 18
35 53
3 50
3 24
52 54
3 12
46 57
24 50
14 48
4 54
21 37
24 35
11 19
12 31
55 57
28 51
12 53
15 40
34 46
37 55
27 33
27 30
24 48
12 14
34 44
8 9
5 7
1 16
3 29
10 31
10 48
43 52
10 50
9 42
24 34
3 10
31 35
35 52
9 55
10 12
40 55
3 9
48 53
24 37
29 53
35 37
29 37
2 45
35 48
5 54
5 24
0 10
42 55
3 48
3 5
35 54
38 46
9 40
5 12
35 50
17 24
39 50
50 53
3 35
7 48
2 51
14 24
14 39
7 24
20 36
12 37
46 56
29 31
16 28
0 51
5 31
37 53
10 39
35 56
