5 48
2 9
17 50
17 31
34 35
28 40
9 46
3 14
5 35
46 55
2 39
37 53
3 7
27 32
3 29
11 29
14 17
3 17
38 55
34 54
37 48
35 56
5 10
14 37
45 54
15 43
5 14
7 53
19 32
24 53
12 53
48 51
9 33
0 3
3 53
11 57
0 16
5 37
18 20
7 10
5 12
51 52
35 50
0 7
31 35
1 3
15 51
17 53
14 35
31 48
29 35
50 53
27 34
29 55
12 29
10 16
10 34
12 35
3 10
5 50
14 24
7 37
6 51
10 24
5 17
23 44
10 35
10 53
0 38
2 37
37 51
21 44
16 53
17 24
9 41
24 42
52 54
7 14
1 55
15 21
10 31
36 46
3 12
35 55
12 37
24 29
17 48
14 31
7 12
24 31
37 50
29 53
31 37
5 7
14 48
18 56
7 17
11 21
48 50
11 15
35 53
9 54
9 42
5 53
42 46
16 37
8 16
17 39
24 52
7 24
3 24
35 46
14 29
51 54
53 55
18 30
29 46
16 44
24 35
17 35
29 43
12 14
30 54
50 55
23 26
31 32
37 41
33 57
29 56
24 48
24 50
9 35
10 50
10 37
38 52
16 43
0 35
10 48
33 46
12 24
19 34
10 17
3 37
7 35
41 42
48 53
27 28
1 34
17 37
24 55
24 37
10 14
35 37
28 34
34 40
35 48
10 12
5 24
36 39
0 53
5 31
3 5
39 50
0 4
10 28
7 50
37 45
4 57
44 45
8 49
3 35
35 51
18 52
28 41
2 31
7 48
46 51
46 54
9 34
12 48
18 41
3 48
3 31
35 39
35 40
0 10
