37 53
23 42
5 10
31 48
21 55
4 30
15 57
31 53
17 50
37 54
8 43
34 44
12 50
0 18
46 55
9 24
24 46
3 17
21 45
19 55
5 24
40 44
2 53
5 17
14 37
35 50
3 24
12 37
18 35
29 44
35 55
0 46
7 37
2 33
7 35
17 31
3 12
12 29
7 14
38 51
39 48
15 18
9 35
23 51
24 37
0 14
24 50
11 56
3 29
5 14
5 48
18 46
33 34
34 55
34 42
5 37
14 17
31 33
29 34
0 54
10 52
31 35
0 49
10 24
52 56
12 24
10 35
10 37
24 53
17 37
12 48
35 46
15 16
7 10
36 45
3 50
14 53
38 52
9 29
7 50
3 43
6 54
29 37
52 57
17 48
10 31
16 54
3 37
21 51
37 46
27 44
5 26
14 48
24 30
10 17
1 3
10 46
10 34
7 29
17 53
2 35
17 35
39 57
16 31
14 24
10 55
5 7
48 53
10 53
16 46
9 28
3 35
37 48
1 35
48 50
50 53
3 53
12 17
24 35
10 50
43 45
24 29
28 54
7 12
32 52
14 54
5 53
35 39
29 42
4 38
27 32
35 53
11 28
9 41
41 51
10 48
7 53
12 35
0 15
18 37
3 31
7 17
34 37
10 14
34 53
16 35
7 24
7 48
0 9
29 39
10 12
32 41
35 37
28 29
3 10
35 48
31 36
34 35
5 35
37 50
14 46
0 35
16 37
19 40
5 31
54 56
12 53
11 51
5 50
9 51
3 5
2 40
1 55
14 35
17 24
24 48
20 51
39 42
3 48
11 55
28 51
9 16
3 7
8 41
27 41
24 31
