10 31
27 49
35 51
43 51
35 55
1 33
18 44
14 15
53 55
10 50
5 31
5 35
50 53
11 23
31 35
7 53
29 48
3 53
32 41
17 29
0 46
3 37
39 42
12 55
14 29
3 50
28 41
10 52
17 24
17 46
11 46
17 35
51 55
0 57
28 42
37 53
9 54
35 53
10 17
8 37
27 34
18 39
5 37
55 56
16 36
31 53
35 48
28 33
34 48
6 20
12 14
9 55
2 57
35 50
40 54
14 48
7 24
12 37
18 19
9 46
39 54
24 29
10 34
10 24
0 14
12 46
10 35
10 53
5 17
5 50
15 44
4 10
52 57
48 54
7 29
7 50
7 31
40 44
14 53
0 42
33 55
15 16
5 29
0 37
12 35
16 51
21 52
9 30
10 14
35 46
2 12
7 35
38 54
14 24
3 48
2 18
29 31
45 52
3 17
36 55
24 35
3 14
37 48
24 53
31 50
24 31
46 53
29 53
7 14
26 45
3 30
7 17
4 16
17 40
10 12
5 34
18 54
37 50
17 53
43 56
24 34
14 37
0 12
14 35
1 7
34 50
32 44
7 48
27 35
5 7
39 52
5 48
3 5
10 37
3 31
37 41
42 51
34 35
19 38
10 48
3 12
17 50
29 35
3 8
2 16
41 43
15 28
5 10
1 11
9 28
24 37
0 35
35 37
16 35
24 50
46 51
12 24
24 54
38 51
3 24
21 51
9 56
31 37
16 46
29 37
7 10
12 48
9 35
9 23
3 10
3 35
11 35
5 53
17 48
48 53
34 37
7 37
31 32
39 45
10 29
0 24
5 24
24 48
21 41
17 37
3 34
