9 10
16 55
16 19
29 35
34 35
51 52
31 34
7 26
3 31
17 29
3 24
5 35
5 7
49 51
43 52
7 37
16 20
5 14
28 40
7 50
42 52
3 37
5 37
23 54
11 28
5 17
41 57
5 48
15 51
18 38
39 51
17 35
7 17
0 46
1 44
0 24
18 39
35 53
44 51
3 5
15 38
29 31
5 24
17 48
55 57
3 53
35 48
32 44
18 57
37 53
1 38
12 14
35 50
24 50
39 40
0 7
7 10
5 53
9 24
9 54
16 35
33 35
12 29
24 31
0 48
11 51
10 35
10 53
31 53
8 12
50 53
18 40
4 54
31 50
16 37
1 19
33 37
29 48
3 7
12 31
17 37
2 53
33 43
10 50
3 29
48 53
14 46
5 29
41 55
46 48
32 52
7 35
12 34
14 37
3 48
9 41
31 37
42 43
3 17
3 9
24 35
28 51
37 48
24 53
3 14
7 53
3 12
10 12
24 48
29 37
31 35
7 14
11 36
10 24
10 17
9 35
2 45
7 24
16 53
14 48
0 14
16 28
41 54
29 53
21 39
5 31
35 55
34 41
28 30
12 35
21 34
23 46
3 55
10 37
17 24
15 44
37 50
9 55
17 46
10 48
36 50
10 54
14 35
24 29
27 34
10 55
31 46
10 14
42 50
8 27
24 37
14 17
35 37
6 18
34 54
12 37
27 37
0 10
39 45
50 52
35 54
24 55
12 24
4 56
46 51
12 17
7 48
14 53
24 46
3 10
3 35
30 35
32 35
45 56
35 42
0 5
0 37
9 11
2 34
34 46
48 50
10 29
5 10
17 53
15 56
2 21
