23 39
0 41
18 42
7 14
34 35
4 23
5 17
14 53
37 46
15 32
3 24
5 35
10 34
39 54
7 50
7 37
24 54
29 48
17 44
10 46
46 48
3 37
5 37
41 55
12 14
24 50
48 50
50 53
5 14
31 50
21 35
17 35
7 17
56 57
12 19
14 35
43 54
35 53
14 31
21 39
3 17
46 53
9 17
35 48
17 48
16 18
31 35
10 51
33 38
37 53
28 54
24 48
35 50
37 50
9 35
24 53
15 34
18 35
11 40
24 46
36 43
30 34
9 29
28 34
32 38
16 37
10 35
10 53
7 12
42 57
5 31
41 42
12 45
1 38
29 31
3 31
43 51
20 36
3 53
0 10
19 45
12 37
2 46
54 56
7 10
3 48
9 53
17 37
28 51
27 56
48 53
7 35
17 51
14 50
10 48
26 27
7 53
3 50
17 24
3 5
24 35
39 52
37 48
44 48
0 14
31 37
24 51
5 10
8 35
16 28
3 9
54 55
14 55
10 24
10 14
16 55
10 29
41 45
1 34
33 42
18 40
9 10
24 31
24 55
1 52
29 37
15 41
3 12
0 35
5 24
4 51
8 18
11 28
10 37
34 51
7 31
34 52
3 29
14 24
5 46
27 50
3 7
12 46
24 29
0 55
0 30
6 11
31 53
7 24
0 34
24 37
11 55
35 37
35 46
29 35
21 50
17 29
10 12
3 14
12 35
35 40
16 52
2 57
15 33
5 48
5 9
0 12
7 48
16 54
3 10
3 35
49 52
16 44
35 44
5 53
32 39
2 17
37 55
48 51
12 29
29 53
10 31
5 7
17 53
9 37
2 37
