17 48
9 35
16 33
48 53
37 43
18 54
24 31
30 41
10 50
7 35
3 37
5 10
24 44
28 38
12 50
10 31
23 54
29 31
1 14
24 29
14 50
17 37
7 29
9 28
23 34
17 24
21 52
46 56
17 29
31 50
31 53
17 35
27 43
41 56
4 28
14 35
19 46
35 53
9 53
12 53
7 17
0 5
35 51
35 48
15 43
3 12
12 51
3 7
5 34
37 53
37 50
24 53
42 44
5 14
9 42
49 52
31 37
16 40
5 48
5 37
16 44
11 40
2 8
1 16
14 48
0 35
10 35
3 10
15 18
0 48
16 21
10 12
9 24
28 30
0 3
3 48
2 42
3 17
7 53
37 55
7 50
12 24
37 54
11 16
4 16
34 46
17 46
42 57
46 48
7 31
3 24
14 51
3 31
0 8
10 48
11 54
15 38
9 15
10 17
3 5
24 35
17 53
37 48
7 37
5 50
34 45
18 51
53 55
34 39
31 46
5 24
14 24
3 50
10 14
35 46
39 55
10 53
12 29
10 51
35 41
9 36
7 12
24 55
21 38
41 52
0 51
2 57
3 51
51 54
29 53
36 52
9 40
10 27
10 37
18 29
10 29
12 54
19 20
17 55
24 50
18 35
31 35
12 37
3 54
35 56
0 39
5 17
29 35
50 53
2 26
24 37
5 29
35 37
6 45
24 48
10 46
12 35
31 48
34 57
7 11
0 34
3 14
33 55
7 10
14 37
5 53
34 48
37 46
41 44
10 24
3 35
39 52
35 55
14 53
29 37
34 35
7 24
35 50
32 33
5 35
1 32
27 39
28 32
45 55
14 17
7 48
