5 10
32 51
5 14
17 53
7 14
2 39
3 50
17 31
15 26
17 35
3 37
9 32
7 53
36 54
10 14
28 53
44 51
34 51
17 51
42 53
2 3
10 12
7 17
2 52
7 10
38 56
42 55
36 55
7 9
8 37
14 48
35 48
16 35
5 9
12 48
14 50
32 48
35 53
27 57
12 54
0 9
37 48
12 14
6 15
5 50
46 54
5 48
27 45
35 46
37 53
10 16
37 50
5 7
0 14
10 34
5 46
17 46
12 35
50 53
9 15
14 35
29 54
18 55
7 48
1 34
3 4
10 35
0 41
3 14
3 29
41 52
28 55
48 53
29 53
7 37
41 54
34 39
14 53
34 57
18 49
0 35
44 54
10 18
31 35
29 40
14 24
8 23
39 51
3 53
0 46
3 24
28 42
43 55
9 35
35 52
24 29
24 53
37 46
39 55
18 43
24 35
10 50
7 24
31 48
3 48
34 35
19 44
3 5
3 10
5 37
21 30
1 35
35 54
31 37
14 37
17 50
10 53
9 37
45 52
28 43
41 46
16 45
17 48
48 50
19 57
0 37
16 20
16 34
10 17
30 55
35 39
21 41
7 29
10 37
7 35
3 17
11 12
12 31
2 56
5 31
24 48
12 24
5 35
0 16
31 53
29 37
4 23
15 34
21 51
1 33
24 37
24 46
35 37
3 31
16 24
11 33
12 37
29 35
17 37
10 48
35 50
42 56
10 11
17 29
3 7
12 50
40 55
12 53
0 5
10 24
3 35
5 24
46 51
27 44
18 52
29 31
38 51
10 29
9 24
33 34
28 38
11 40
7 31
17 24
24 50
24 31
