0 52
7 35
10 55
17 48
5 35
33 37
40 45
23 28
10 16
17 35
3 37
5 12
0 9
15 48
14 37
5 10
5 24
3 31
29 48
35 55
31 53
46 48
31 38
28 43
9 39
32 44
10 34
9 46
5 29
14 29
15 35
35 48
24 50
28 51
17 50
34 40
27 51
35 53
0 56
11 21
31 35
0 34
3 17
5 53
19 40
17 29
10 31
3 29
14 17
37 53
4 51
7 10
24 31
2 57
17 53
43 44
35 54
43 48
35 52
10 29
14 35
8 33
5 31
39 41
34 44
19 39
12 14
14 48
0 38
7 31
28 53
34 37
1 42
48 53
31 37
3 50
49 55
48 55
7 17
3 14
1 46
7 53
24 41
46 54
12 50
1 51
16 27
2 30
15 51
24 42
10 24
18 27
17 24
29 37
18 46
31 50
24 53
3 18
11 34
10 35
24 35
35 50
12 24
5 37
54 57
9 35
41 51
32 39
3 10
12 17
3 53
24 54
33 35
37 48
8 34
3 24
10 53
7 12
35 41
16 55
37 50
36 51
12 35
21 31
20 26
46 52
51 56
42 57
2 4
37 55
9 14
15 46
3 5
10 37
7 37
7 29
14 50
35 45
0 2
29 35
5 48
52 54
18 53
3 7
35 46
10 12
3 16
7 50
5 14
50 53
24 37
38 46
35 37
11 44
34 55
18 29
24 29
14 53
17 37
10 48
24 55
24 48
6 54
16 37
9 45
0 21
12 53
41 52
12 37
28 32
3 35
10 14
7 16
16 30
0 39
36 56
42 48
9 23
5 7
10 50
3 12
10 17
9 34
5 17
7 24
11 54
