10 17
7 19
7 48
10 29
14 24
3 39
5 53
28 49
0 16
14 50
3 5
7 11
42 55
31 37
17 35
10 14
43 57
5 50
18 30
3 34
12 53
35 54
48 50
33 43
0 51
37 51
0 54
3 53
17 53
10 12
11 54
0 35
10 11
34 37
5 52
4 37
46 50
15 39
1 16
48 53
12 37
3 37
46 53
10 31
7 14
29 37
0 55
2 27
31 34
18 37
50 53
36 55
21 45
5 35
5 37
41 52
24 34
10 50
28 41
33 42
27 51
29 50
5 34
17 48
5 10
29 35
24 53
5 54
10 24
24 31
12 14
2 16
9 51
35 53
32 54
10 34
2 35
10 38
3 24
2 32
34 35
1 28
7 29
9 30
31 55
37 53
5 48
10 53
11 15
24 37
17 50
18 44
16 35
0 24
37 50
54 55
5 17
3 29
14 53
10 35
24 35
35 41
3 31
7 51
10 37
16 55
12 34
6 16
19 41
0 44
9 18
12 46
35 51
40 42
35 48
8 12
7 17
7 35
7 53
5 24
29 48
34 53
9 15
14 48
9 56
44 52
17 29
14 17
0 52
9 39
29 41
35 46
3 51
39 57
31 35
3 46
24 46
3 7
14 31
7 37
7 10
35 50
28 52
3 10
37 55
37 48
31 48
43 45
4 15
24 48
17 37
21 28
35 37
21 23
3 17
9 35
18 55
3 35
40 56
26 46
46 48
3 14
12 48
12 17
14 29
5 39
24 50
27 46
23 45
40 54
1 38
12 35
17 24
31 53
7 24
33 57
10 48
24 51
8 36
12 24
16 42
9 32
14 35
29 31
20 56
38 44
