4 7
40 53
0 11
10 15
16 28
0 25
25 44
3 39
45 50
31 42
10 51
26 39
8 28
8 14
28 46
2 39
8 39
2 17
0 3
8 54
0 31
1 8
13 26
16 17
38 50
26 45
0 50
0 34
19 28
0 30
14 40
0 40
0 49
0 53
31 32
17 55
18 23
1 32
32 48
12 34
17 28
18 26
9 50
12 55
7 54
11 26
43 53
31 33
2 52
18 20
8 34
30 51
6 17
25 40
14 54
19 49
3 45
9 42
28 40
1 34
16 31
9 53
7 50
6 43
40 54
24 49
13 19
28 51
3 37
35 53
13 51
7 28
33 39
24 51
39 48
6 32
36 54
31 45
34 47
45 49
1 37
7 11
9 22
39 49
18 50
25 29
14 30
39 55
14 55
22 50
20 53
3 11
10 39
29 49
25 48
0 29
34 44
15 19
11 45
28 37
15 51
16 39
6 55
9 52
1 20
28 50
12 37
4 17
11 28
15 17
4 34
9 47
9 32
50 55
9 26
38 43
18 54
11 29
19 53
28 53
3 55
31 48
15 48
4 26
33 42
1 18
24 34
22 34
49 50
20 46
44 55
39 53
0 2
34 35
22 37
23 24
45 53
42 45
12 47
9 15
26 32
25 54
0 45
0 51
7 34
5 18
28 54
6 45
17 44
10 44
19 26
16 32
0 37
31 53
8 30
10 13
4 53
2 51
0 44
21 29
32 43
4 29
18 27
14 49
29 34
12 39
4 20
19 25
29 31
11 40
4 49
17 25
4 28
10 29
3 25
26 51
10 25
42 54
4 32
19 31
15 25
45 48
9 39
34 42
13 55
0 14
3 42
29 32
17 49
1 52
7 25
0 48
10 49
39 45
20 31
37 40
13 25
45 55
18 53
38 42
10 34
21 39
8 42
0 19
4 22
31 50
4 51
16 48
1 45
0 15
31 49
45 46
13 15
21 34
15 49
0 28
32 52
8 29
10 37
3 53
9 10
1 50
11 34
13 34
10 11
2 28
15 16
4 25
8 31
6 34
11 37
11 31
16 34
4 11
22 53
12 46
7 17
18 45
18 25
7 53
20 25
1 17
32 51
26 53
7 15
11 17
13 23
1 49
32 49
20 32
0 55
7 48
13 16
28 31
1 27
12 16
42 44
7 26
31 55
37 49
15 34
28 39
1 44
0 32
27 34
45 51
4 48
17 31
16 40
7 42
11 15
9 25
32 54
42 43
42 50
34 40
25 26
19 39
16 53
13 31
25 42
22 51
0 54
31 39
28 30
19 34
16 23
16 47
30 49
26 29
26 49
7 45
3 24
7 32
17 34
22 28
16 24
30 53
27 47
34 36
34 55
44 45
34 54
24 44
7 39
15 22
9 49
2 45
51 53
42 47
25 55
48 49
6 23
7 30
0 20
25 37
9 11
16 49
11 18
13 50
28 32
17 26
10 32
4 30
7 49
28 55
22 25
16 22
1 39
11 25
24 28
28 29
29 39
35 36
10 19
20 51
17 19
49 55
32 45
7 40
27 54
11 43
0 10
23 26
33 53
33 40
30 34
10 40
25 36
18 34
15 53
0 4
11 49
20 34
17 51
8 26
1 4
3 4
15 32
0 24
22 45
19 48
25 45
1 16
3 31
25 31
11 42
25 34
48 53
14 18
4 31
28 49
25 39
26 36
25 53
8 50
0 7
34 48
3 34
8 45
0 35
32 39
21 32
17 39
26 34
23 46
40 51
1 29
8 53
29 48
14 39
26 50
29 42
2 24
1 48
15 20
3 15
26 31
6 15
28 34
31 38
3 49
26 54
33 34
0 26
2 33
7 33
17 45
16 19
4 35
2 34
29 45
32 53
10 48
4 36
30 48
14 42
5 8
42 53
10 31
1 9
1 53
22 39
10 45
34 37
4 39
10 50
7 31
31 34
13 30
1 7
1 21
11 55
31 51
36 47
10 26
35 51
7 29
9 45
32 34
0 6
7 9
25 33
4 55
6 44
4 50
24 26
25 28
18 39
2 53
2 15
8 49
15 28
0 39
9 28
23 25
54 55
19 45
34 45
35 49
31 40
34 50
9 34
16 45
22 49
10 28
34 39
34 49
34 53
0 33
34 51
50 53
14 45
39 50
26 28
10 20
9 29
1 31
20 24
6 13
14 53
0 1
0 8
4 45
27 37
1 11
9 30
14 25
29 53
1 10
39 42
14 34
1 51
11 51
15 55
10 42
4 42
23 32
2 25
10 17
30 39
17 22
19 33
6 11
25 51
1 26
4 10
11 53
3 29
24 41
11 30
8 48
1 28
20 26
7 10
32 37
28 45
25 32
2 26
49 53
12 43
11 32
33 45
11 50
39 44
7 8
1 25
40 45
2 9
