4 7
40 53
0 11
10 15
28 35
0 25
44 51
23 25
15 45
31 42
25 40
32 39
8 45
25 38
18 36
2 53
24 39
2 4
15 32
17 53
0 31
1 42
26 40
17 39
18 31
26 45
44 54
0 34
4 13
25 48
34 38
0 37
0 49
0 53
31 32
37 48
18 55
1 32
29 32
12 34
14 28
18 48
1 50
9 33
0 22
11 26
14 42
11 12
13 19
20 51
8 34
20 39
51 52
35 55
22 36
19 29
3 45
9 11
34 40
1 34
15 31
20 25
1 16
45 50
0 6
25 49
13 16
28 51
3 30
13 22
9 25
7 28
6 39
19 51
39 48
28 50
31 51
31 45
34 47
45 49
0 18
7 11
8 17
39 49
29 50
0 9
30 42
30 55
21 28
42 48
27 47
45 54
10 39
29 49
11 14
0 29
23 34
22 24
11 45
19 49
15 39
39 42
8 20
4 50
29 54
4 28
30 32
4 17
11 28
15 17
4 34
27 36
35 50
3 28
9 53
11 29
1 55
16 37
53 55
28 53
6 50
31 52
45 48
4 26
14 25
1 13
24 34
22 34
42 49
22 39
7 40
39 53
0 30
34 41
1 40
24 45
45 53
42 45
12 39
9 15
26 32
25 36
0 45
40 51
7 34
7 33
51 53
6 26
20 44
22 53
3 7
3 34
40 44
31 53
0 44
10 14
4 53
30 46
9 28
6 40
22 29
4 8
27 37
44 49
29 34
11 51
8 25
16 25
29 31
0 33
16 49
17 25
4 32
10 29
3 43
26 48
10 25
7 8
12 24
7 14
15 25
16 51
39 54
34 42
30 39
8 49
2 8
3 11
13 20
19 31
7 25
6 11
15 54
39 45
20 35
39 40
13 25
45 55
18 53
18 29
10 34
10 33
1 3
19 44
28 44
31 50
17 51
9 45
1 45
22 54
31 49
20 45
15 55
21 34
2 32
0 28
16 30
18 49
8 10
3 50
9 10
10 48
11 34
13 34
10 11
1 29
4 54
4 25
14 31
6 34
11 16
11 31
16 34
4 11
10 53
8 39
20 26
10 50
18 25
7 53
2 29
1 17
16 24
26 53
7 15
11 17
14 27
1 49
32 49
3 32
0 55
7 48
6 31
28 31
2 28
21 43
11 50
7 26
23 37
43 49
15 34
48 49
1 15
0 32
11 27
45 51
48 50
3 53
30 54
32 33
15 40
11 25
19 45
9 31
24 30
14 26
25 26
26 39
15 53
13 40
11 42
19 55
0 54
31 39
32 37
19 34
4 44
23 35
30 45
16 26
26 49
7 45
4 6
7 32
17 34
2 42
23 29
30 53
17 31
28 36
34 55
9 50
34 54
24 32
7 39
7 55
4 9
2 45
8 53
25 42
25 55
32 48
47 52
19 28
0 16
25 37
11 39
12 16
4 18
0 14
28 32
17 26
10 32
26 30
7 49
28 55
14 49
7 17
1 39
19 42
16 50
28 29
26 50
40 47
1 8
9 42
17 35
9 49
32 45
2 16
16 45
25 33
0 10
7 23
17 46
15 48
30 34
10 51
24 53
18 34
16 53
0 4
11 49
20 28
40 49
25 51
1 4
17 50
10 42
0 24
0 50
2 31
25 45
32 43
3 23
25 31
26 42
25 34
11 53
18 19
4 31
28 49
25 39
29 36
25 53
40 50
0 7
34 48
20 34
33 55
0 15
28 39
21 49
39 55
26 34
11 33
16 22
17 22
26 55
1 22
14 39
26 51
32 51
33 48
28 48
0 42
15 19
26 31
15 50
28 34
14 20
4 49
9 26
33 34
0 26
0 51
28 42
17 45
9 54
4 48
2 34
29 45
32 53
10 18
17 23
16 42
2 44
8 54
10 49
10 31
1 51
1 53
11 47
10 45
34 37
4 39
49 50
7 31
31 34
31 55
1 7
28 54
8 42
51 55
20 53
10 26
13 37
7 29
38 45
32 34
6 53
39 51
21 25
4 42
25 44
2 13
24 55
25 28
20 32
0 46
15 29
8 26
9 22
0 39
12 32
23 39
31 54
12 26
34 45
19 46
8 31
34 50
9 34
5 37
22 25
10 28
34 39
34 49
34 53
0 38
34 51
50 53
4 37
9 29
26 28
20 55
7 52
1 31
3 47
3 33
15 51
0 1
0 17
4 45
37 39
1 11
3 27
9 32
29 53
1 10
5 33
14 34
1 30
49 51
16 48
6 10
13 17
37 47
3 25
10 17
2 19
35 53
19 43
11 37
24 28
1 26
4 10
12 53
22 46
24 36
34 43
8 19
1 28
1 9
7 10
15 18
28 45
18 32
49 54
49 53
2 43
32 42
44 45
6 15
13 39
8 13
1 25
40 45
9 48
