15 25
16 48
0 11
4 31
7 8
0 25
31 39
26 50
42 55
15 34
29 32
25 33
29 55
33 34
27 51
0 15
16 55
6 45
8 42
15 28
9 26
8 32
31 45
23 34
44 51
42 53
24 33
0 34
11 16
20 49
10 53
4 11
39 49
0 53
11 19
17 26
42 45
4 25
14 34
7 53
31 54
29 33
48 54
39 51
23 49
10 44
17 29
15 49
10 46
22 45
11 32
10 45
20 28
29 37
14 49
17 51
19 34
12 17
1 50
1 34
19 25
19 47
34 37
1 4
24 25
25 49
14 55
25 29
43 50
26 43
27 30
11 20
18 25
0 1
11 31
13 17
45 55
6 39
7 32
45 49
49 55
0 17
18 45
30 55
1 14
1 40
20 35
14 20
0 37
1 54
0 3
10 11
6 26
0 29
23 30
22 51
0 9
11 36
15 29
11 24
25 35
26 32
2 27
1 31
28 42
16 28
19 31
18 42
9 45
25 50
4 34
4 16
48 53
14 50
28 51
13 28
20 25
4 49
20 50
28 53
7 44
1 48
37 54
21 50
32 45
6 34
34 40
13 14
18 32
25 38
6 25
32 39
48 51
4 36
29 53
22 32
45 53
0 55
42 49
1 15
14 53
9 44
0 45
24 45
10 49
24 48
7 28
7 42
39 50
4 55
25 47
19 53
2 48
4 53
18 34
0 16
26 55
2 23
0 49
9 39
28 31
25 26
0 26
1 13
29 49
6 51
46 54
28 49
4 39
10 37
44 49
2 42
0 51
45 48
7 9
0 42
9 17
3 49
16 25
12 34
7 26
4 26
17 40
34 42
32 44
22 52
12 22
37 52
45 51
6 50
50 53
3 32
13 31
39 45
13 40
19 32
25 32
4 48
17 39
15 54
10 34
24 26
13 45
9 32
0 7
2 55
17 25
8 30
10 15
10 51
22 28
6 28
13 51
11 39
9 53
42 50
1 49
11 43
7 40
0 28
32 37
2 9
11 34
49 54
31 47
1 16
28 32
10 25
17 53
0 33
25 55
25 42
30 33
21 34
1 20
15 48
11 33
3 42
42 47
31 53
3 40
30 45
3 55
30 40
10 31
7 10
49 53
0 50
26 49
18 33
33 39
36 53
3 6
17 35
0 8
3 53
17 48
14 24
13 26
26 31
8 34
34 44
40 55
0 32
3 34
10 17
23 39
7 19
7 34
25 48
15 31
11 25
26 45
10 50
26 28
2 21
5 11
26 39
1 26
16 53
10 26
39 55
1 8
3 25
44 53
29 34
16 31
37 45
8 25
15 22
16 39
31 43
8 45
7 11
11 37
31 42
26 51
12 30
7 54
17 32
8 31
3 45
12 52
4 42
34 50
28 50
0 10
4 27
29 35
2 14
19 44
9 28
5 52
34 41
1 32
13 34
12 28
7 24
22 34
22 44
15 20
21 23
8 51
16 22
40 53
1 19
37 55
3 18
19 39
15 45
19 33
8 43
7 48
8 39
20 29
24 34
10 28
13 16
32 36
2 50
6 53
39 48
1 17
8 26
39 42
14 38
30 53
34 47
15 51
16 49
11 18
0 4
22 49
26 53
43 45
15 53
10 39
11 28
10 54
23 50
9 31
4 19
4 21
18 50
20 31
25 31
37 49
25 34
28 29
25 45
11 49
40 54
25 39
51 55
25 53
15 17
25 51
16 34
17 34
17 33
12 24
18 26
18 31
28 39
26 34
4 9
9 50
15 32
1 7
53 54
9 15
30 32
42 51
34 48
24 36
20 53
0 2
11 54
19 20
28 34
29 51
11 45
16 26
29 45
14 42
10 32
29 31
23 28
16 32
8 15
4 7
34 54
32 53
8 13
4 40
7 15
7 22
10 22
14 35
9 51
9 48
15 39
9 25
30 46
1 18
1 11
10 12
30 38
31 34
0 31
7 49
0 18
28 47
27 50
26 47
33 40
1 39
39 40
16 45
32 34
4 32
53 55
29 39
19 28
2 28
0 22
28 48
25 28
27 37
28 44
31 49
4 28
0 54
0 39
0 43
20 34
1 24
30 35
34 45
6 7
18 53
30 34
9 34
2 25
29 42
10 16
34 39
34 49
34 53
40 45
34 51
11 29
48 50
4 15
11 13
22 31
3 29
24 40
23 37
2 49
3 4
4 45
8 11
31 51
34 36
0 6
2 44
3 39
35 39
1 45
31 32
1 9
7 39
20 26
17 55
11 53
1 10
7 45
0 36
9 49
0 19
18 49
51 53
7 50
7 31
17 45
40 42
3 16
17 31
19 45
34 55
26 29
1 28
26 48
13 39
2 4
28 45
34 46
32 49
1 53
8 10
37 39
11 14
25 30
9 10
38 54
1 25
8 46
4 10
