9 25
16 53
0 11
0 18
10 18
25 50
39 53
22 45
1 33
15 34
22 32
8 46
8 49
30 52
19 20
12 45
8 34
25 27
24 32
3 28
9 21
10 52
31 45
29 32
14 31
15 35
20 25
0 34
7 37
29 30
10 53
4 37
39 49
8 53
4 11
25 26
42 45
4 25
14 34
7 53
1 6
0 30
7 31
26 45
2 14
31 44
8 26
48 49
27 34
33 45
11 32
10 45
24 55
17 47
12 32
6 29
3 37
16 25
50 53
1 34
25 54
7 49
6 34
30 45
3 45
25 49
4 20
25 29
29 34
17 46
7 11
11 47
21 25
28 42
16 42
40 49
45 54
19 25
7 32
45 49
0 9
0 17
9 19
13 31
9 28
1 28
11 19
16 33
14 26
7 14
0 3
10 11
13 49
24 29
14 28
4 51
0 16
18 39
39 50
37 39
25 48
26 32
18 23
1 31
20 31
3 39
17 50
32 40
9 45
23 54
4 34
4 17
17 53
37 49
9 31
13 53
7 36
4 49
17 42
28 53
6 53
15 48
24 30
48 50
32 45
1 35
22 34
11 17
13 23
0 50
3 49
32 39
22 29
7 54
29 53
15 29
45 53
2 4
26 42
1 51
3 11
0 29
0 45
29 45
53 54
13 54
8 27
42 53
42 50
8 15
6 27
19 26
2 53
4 53
49 54
36 53
18 40
5 35
0 49
39 48
28 31
4 26
0 26
1 55
42 49
37 55
6 26
28 49
4 39
25 33
0 39
24 45
0 1
19 29
9 16
0 20
9 55
13 15
0 25
12 34
7 26
17 26
40 51
34 42
43 52
8 55
22 51
34 38
37 46
45 48
44 53
3 47
22 31
39 45
0 2
38 42
25 32
30 39
16 28
0 15
10 34
19 33
45 55
11 49
0 7
14 17
17 25
15 25
16 18
10 15
26 30
24 28
31 42
11 39
1 9
19 34
1 49
5 44
26 48
0 28
0 44
31 39
11 34
19 39
29 55
42 55
28 32
18 25
11 37
10 25
29 31
25 42
30 43
21 27
4 30
34 44
11 15
28 55
10 28
31 53
4 31
45 50
32 37
23 24
9 18
7 28
49 53
0 51
26 49
39 51
3 4
32 53
19 48
10 39
20 55
2 19
13 45
7 43
39 54
26 31
2 34
36 44
26 40
18 32
3 10
10 26
14 50
33 53
7 34
31 48
10 17
11 25
11 26
16 40
26 28
0 53
13 17
26 39
1 26
15 33
9 26
39 55
8 28
20 50
13 16
23 34
34 43
14 45
31 35
8 36
2 15
14 54
8 45
9 53
19 43
4 13
25 51
1 11
6 10
10 31
16 17
15 26
3 44
0 23
34 50
20 21
0 10
9 17
11 40
25 55
22 23
2 30
26 37
34 41
1 48
10 50
11 12
40 50
34 54
26 51
3 20
50 51
51 53
7 44
39 43
39 40
16 23
4 50
1 2
15 45
16 39
9 24
20 47
3 8
11 55
34 35
11 29
44 49
28 50
4 19
40 53
1 40
1 24
0 8
39 42
34 36
32 33
33 51
1 7
12 14
6 35
0 4
12 16
26 53
10 48
15 53
7 10
11 28
46 55
0 40
8 18
8 48
9 32
3 53
10 13
25 31
9 51
25 34
17 44
25 45
16 49
1 29
25 39
49 51
25 53
17 45
32 51
16 34
17 34
16 54
32 36
18 26
0 19
28 39
26 34
14 47
23 28
32 44
15 28
6 39
48 53
2 25
9 42
34 48
2 51
12 21
22 39
40 48
0 24
28 34
3 24
11 45
20 39
28 29
22 42
10 32
2 28
38 50
22 53
38 51
7 42
25 47
0 32
24 40
10 20
19 55
28 51
1 42
1 30
1 37
28 48
15 39
6 11
29 51
1 4
1 10
6 12
22 55
31 34
0 31
10 42
10 30
9 30
8 33
7 50
16 47
1 39
34 37
16 32
32 34
4 32
14 49
29 39
13 52
37 45
35 50
10 22
25 28
31 33
14 25
31 49
4 28
0 13
19 40
18 34
20 34
24 49
11 51
34 45
6 48
18 50
30 34
9 34
22 25
3 15
28 54
34 39
34 49
34 53
34 40
34 51
15 51
15 43
4 42
31 54
8 11
4 9
15 31
2 54
17 49
46 51
4 45
2 55
8 31
8 25
0 55
11 20
7 48
4 29
1 45
31 32
9 49
7 39
7 17
18 31
11 53
1 54
7 45
0 42
26 50
17 48
15 50
31 51
10 55
7 25
11 31
28 37
27 36
17 28
13 34
34 55
29 49
4 7
18 49
22 30
32 42
28 45
33 34
1 32
1 53
15 19
7 22
44 45
16 29
7 20
2 45
1 25
32 49
4 10
