9 25
15 53
0 11
18 31
17 28
45 50
39 53
11 51
33 51
15 34
15 39
8 11
20 53
7 35
20 34
36 37
8 34
0 32
12 55
16 28
34 46
2 39
31 45
43 50
22 39
22 32
8 32
0 34
21 31
6 53
10 53
4 10
39 49
2 37
4 11
25 26
42 45
4 25
4 52
7 53
1 18
20 39
7 50
26 45
7 51
26 48
4 26
8 45
34 54
29 45
20 51
10 37
10 30
13 55
0 2
6 28
11 44
16 25
11 13
1 34
25 54
7 42
6 34
2 4
16 39
25 49
24 32
19 51
29 34
17 24
34 36
0 44
16 20
28 55
15 32
25 30
30 53
1 22
11 26
45 49
32 47
3 39
23 34
1 4
9 28
1 7
10 31
39 47
19 49
26 50
33 49
11 40
10 49
10 29
18 49
11 15
16 45
20 28
11 54
8 39
25 48
11 32
17 54
31 53
31 36
9 42
39 42
23 28
7 45
16 18
4 34
4 37
1 17
34 35
40 49
13 20
25 29
4 49
46 52
28 53
9 33
26 53
33 46
21 50
32 45
3 44
14 19
11 28
28 42
37 50
6 45
11 39
3 18
14 44
9 53
15 18
45 53
29 51
17 26
16 17
18 32
2 14
0 45
22 31
13 53
8 54
27 33
29 53
24 49
23 45
29 40
22 44
10 19
4 53
40 53
11 16
28 37
5 27
0 49
15 51
28 31
4 55
0 26
2 44
7 24
24 55
31 39
28 49
4 39
35 37
0 39
20 25
0 1
7 13
9 39
17 53
1 36
34 55
0 25
27 34
7 26
15 48
26 32
34 42
25 33
3 36
22 25
34 47
42 53
44 48
2 53
3 34
4 7
39 45
9 35
17 55
25 32
12 45
4 8
0 15
10 34
32 39
28 51
2 45
0 7
0 17
2 35
17 37
2 17
15 40
11 17
1 50
18 36
9 11
35 47
19 34
1 49
20 45
50 53
0 28
40 45
20 31
11 34
0 51
9 40
10 14
28 32
25 43
29 54
10 25
0 24
25 42
17 45
12 26
4 19
44 53
11 30
15 16
10 28
31 32
4 31
29 50
4 29
48 51
17 50
18 23
49 53
8 19
26 49
45 51
30 44
32 53
32 40
10 39
12 51
6 8
7 54
26 30
8 9
15 25
2 34
19 45
26 31
17 31
19 54
10 32
28 33
22 47
7 34
38 55
23 27
11 25
11 49
32 55
26 28
0 53
15 28
26 39
1 26
39 44
14 39
49 55
10 52
24 28
24 42
18 25
34 43
8 29
20 43
36 43
0 16
1 9
14 31
16 19
19 46
31 33
25 51
3 13
1 10
11 31
3 6
17 32
5 11
0 9
7 31
52 53
0 18
0 50
30 45
25 55
49 50
2 30
29 37
13 41
42 49
10 21
19 39
9 24
28 48
9 16
26 42
38 53
51 53
11 29
3 35
39 40
23 48
2 3
14 45
18 48
13 34
11 19
42 48
9 17
14 16
22 34
25 40
0 38
24 30
23 46
10 17
40 51
7 44
14 49
30 48
6 32
0 29
1 15
0 40
10 33
44 54
0 4
7 11
8 22
1 31
7 16
1 29
27 28
22 53
1 19
4 22
2 10
9 55
43 49
13 25
25 31
21 37
25 34
3 25
25 45
7 49
1 28
25 39
16 49
25 53
17 25
15 26
16 34
17 34
26 29
0 22
29 31
32 49
28 39
26 34
15 49
28 40
16 31
7 28
13 39
4 13
8 55
1 55
34 48
54 55
14 50
0 54
31 48
31 37
28 34
24 34
11 48
29 39
28 29
39 50
10 45
7 10
42 55
26 51
29 55
3 31
11 14
0 48
6 50
27 38
18 55
15 30
1 42
16 51
13 23
39 48
21 32
43 45
8 50
48 53
32 42
16 26
12 15
31 34
0 31
10 26
6 26
9 26
15 33
3 53
16 32
1 39
34 37
45 48
32 34
4 9
1 13
15 50
28 50
22 37
10 40
3 23
25 28
4 51
14 34
31 49
4 28
45 54
3 37
18 34
34 50
22 50
20 26
34 45
17 22
14 25
30 34
9 34
4 6
1 20
0 30
34 39
34 49
34 53
34 40
34 51
6 51
7 8
2 7
53 54
9 12
8 10
30 31
12 20
9 29
20 42
4 45
31 51
31 50
30 32
0 55
17 49
6 39
7 29
1 45
42 51
9 49
7 39
8 25
3 54
11 53
47 49
15 45
0 42
26 55
1 48
42 50
1 51
0 10
7 25
1 11
0 13
8 47
10 12
10 54
8 40
19 25
32 48
15 42
19 42
24 26
28 45
33 34
1 32
1 53
24 45
0 14
15 19
7 33
4 42
18 45
1 25
3 49
4 32
