11 42
15 33
0 11
25 40
21 39
19 28
39 53
2 11
16 26
15 34
22 25
4 12
2 45
1 40
42 49
45 55
34 55
0 32
3 45
29 48
3 53
31 48
31 45
16 42
0 23
19 33
40 45
0 34
31 37
12 29
10 53
37 39
39 49
35 46
12 45
25 49
0 30
4 25
13 24
1 7
11 29
28 29
14 31
26 45
9 31
25 36
6 49
31 42
26 49
18 49
28 49
47 50
16 22
1 32
7 53
11 15
8 27
10 11
2 34
1 34
16 45
20 55
34 54
4 48
34 40
6 50
7 48
2 25
33 34
14 25
3 25
0 16
9 54
10 15
8 45
19 32
4 51
8 13
18 51
45 49
17 39
3 28
40 44
4 16
32 40
30 39
26 31
30 32
6 34
10 32
33 49
3 42
10 49
11 12
17 25
14 17
13 25
29 50
37 44
19 51
0 42
5 6
4 54
8 14
15 26
22 49
3 40
1 55
7 45
0 15
4 34
7 39
1 30
4 42
15 51
4 7
14 49
49 54
18 20
28 53
22 42
26 53
13 42
51 53
32 45
0 8
24 28
11 55
0 18
15 32
9 45
1 39
11 38
16 34
44 49
30 31
45 53
2 53
17 51
8 16
7 25
37 49
0 45
17 24
20 25
28 50
32 47
18 50
50 54
1 28
9 23
42 53
25 42
4 53
32 37
12 44
22 28
37 52
0 49
45 48
28 31
8 25
4 26
3 19
33 45
36 55
15 42
11 25
4 39
31 54
0 39
4 36
0 1
2 39
1 19
17 53
20 31
7 19
0 25
15 37
7 44
6 29
10 20
48 55
8 26
19 49
32 54
39 44
0 22
10 29
6 43
24 42
15 53
39 45
17 31
53 55
25 32
16 25
11 31
10 13
10 34
40 42
22 53
10 55
0 7
0 17
18 24
30 51
1 4
3 10
17 28
3 17
19 26
28 40
16 53
19 34
7 11
17 32
23 52
0 28
11 20
30 45
11 34
1 51
28 37
29 45
4 20
9 33
7 28
8 18
11 39
34 47
7 16
22 31
15 45
26 50
13 19
4 8
10 28
31 32
4 10
17 55
1 35
0 13
1 17
10 39
49 53
17 48
30 54
3 31
8 11
32 53
18 34
8 10
13 34
6 38
22 32
0 12
2 51
12 36
18 28
8 24
34 36
23 34
17 29
24 25
26 38
3 4
7 34
4 55
20 26
25 26
10 51
1 31
26 28
0 53
34 35
16 54
14 34
27 34
0 43
4 31
26 55
34 48
48 50
25 52
8 34
25 31
40 50
0 14
20 34
17 45
29 34
44 48
11 26
2 9
3 15
6 15
6 19
11 45
48 53
8 39
11 54
18 40
14 22
18 31
24 49
7 9
18 39
2 10
11 48
29 49
9 42
35 50
26 29
20 39
15 49
4 29
9 20
42 51
4 28
9 48
7 26
1 26
8 15
50 55
3 16
22 45
16 47
13 28
17 49
26 42
34 43
33 46
7 37
7 18
45 51
1 2
10 27
34 42
1 11
1 42
26 39
0 24
17 37
16 29
8 53
40 53
0 26
31 39
30 49
0 4
0 29
24 53
31 53
51 55
9 32
30 44
1 49
11 19
33 51
31 40
24 36
14 28
26 51
7 31
43 49
25 34
25 55
25 45
32 49
32 48
25 39
7 54
25 53
29 53
13 39
37 51
17 34
39 54
19 40
34 50
15 48
28 39
26 34
1 24
13 46
27 33
10 31
27 41
8 19
9 15
37 47
0 37
5 20
13 17
15 25
7 49
3 8
28 34
34 38
44 46
39 50
18 25
11 49
10 25
28 33
7 30
32 51
1 50
9 50
39 52
9 25
13 14
1 6
29 55
34 51
7 29
16 39
45 50
23 50
7 50
18 54
48 54
22 26
19 21
0 54
0 55
31 34
0 31
10 42
6 9
28 30
11 51
17 26
9 22
14 35
10 17
9 11
32 34
1 16
0 36
3 26
2 7
19 42
2 28
4 15
25 28
20 45
24 34
31 49
2 32
3 34
29 39
44 45
23 32
32 39
16 32
34 45
0 9
39 48
30 53
9 34
22 33
10 14
2 27
34 39
34 49
34 53
11 21
16 31
10 30
7 20
4 11
0 50
11 50
33 53
20 43
28 43
43 45
4 49
4 45
31 51
12 34
47 53
15 31
15 28
9 53
28 51
1 45
39 55
23 35
14 53
25 48
26 32
11 53
16 40
23 47
1 44
10 48
10 26
21 25
14 15
0 10
7 32
13 53
28 55
21 50
28 32
39 51
25 30
10 45
25 50
34 46
35 44
39 40
28 45
22 34
29 32
1 53
1 29
42 55
2 26
6 23
1 9
37 45
1 25
29 51
4 9
