32 42
9 28
0 11
19 25
33 39
19 28
39 53
0 4
16 26
15 34
39 48
7 20
2 45
39 40
42 49
45 55
34 55
16 32
14 39
26 30
11 36
31 33
31 45
18 42
0 19
0 2
0 40
0 34
31 37
20 38
10 53
37 39
39 49
20 29
28 40
25 49
30 53
4 25
18 49
3 49
8 20
11 15
50 55
26 45
9 31
1 36
17 33
6 15
26 49
37 55
28 49
8 36
25 40
1 32
7 53
11 29
17 42
9 10
2 34
1 34
16 45
20 53
34 54
9 19
40 50
8 50
11 48
2 25
33 34
25 32
6 21
0 16
22 44
10 15
19 45
40 42
25 51
14 40
18 45
45 49
17 39
4 15
24 32
23 46
17 40
30 34
26 31
30 39
6 34
10 32
1 48
14 54
10 49
14 30
17 25
9 33
25 48
29 51
0 54
40 53
0 42
41 51
4 40
14 16
15 45
14 51
3 47
1 55
7 45
0 23
4 34
7 39
7 46
4 22
15 42
7 38
14 52
17 49
18 39
28 53
5 51
26 53
29 42
51 53
32 45
4 48
7 33
11 22
4 18
15 16
9 45
1 39
11 33
16 34
44 49
0 50
45 53
2 53
15 17
6 33
7 25
49 51
0 45
49 50
25 29
34 46
12 29
13 39
0 13
1 28
10 19
42 53
25 42
4 53
13 18
1 44
22 25
20 24
0 49
13 45
28 31
9 17
4 26
4 7
31 43
19 49
24 54
11 25
4 39
26 50
0 39
4 20
0 1
24 43
1 19
17 31
13 32
19 50
0 25
20 47
50 51
0 6
25 37
26 40
32 48
50 53
32 54
31 42
1 22
23 31
14 27
24 29
15 53
39 45
31 44
53 55
4 16
16 25
11 31
7 47
10 34
7 29
10 22
10 55
0 7
13 15
32 35
9 30
1 4
10 42
17 28
2 22
38 43
29 31
16 53
19 34
7 11
32 51
28 42
0 28
2 11
30 45
11 34
1 51
11 20
29 45
18 44
19 22
26 29
8 11
11 39
34 47
16 19
20 49
1 15
7 32
40 45
3 8
10 28
31 51
4 10
11 17
28 50
28 35
1 13
10 39
49 53
6 31
15 48
4 37
22 33
32 53
18 34
8 16
13 34
14 43
18 32
3 18
4 51
29 50
13 28
36 48
34 36
23 34
28 33
24 25
49 54
4 27
16 30
42 51
26 42
25 26
10 51
1 31
26 28
0 53
34 35
45 54
34 44
6 32
12 26
4 31
8 55
34 48
29 40
25 52
8 34
25 31
9 15
0 14
20 34
17 45
29 34
0 29
26 55
2 16
7 30
15 32
27 34
11 45
48 53
7 52
0 44
1 42
14 26
29 30
24 49
7 15
0 3
3 54
17 19
29 49
7 42
21 45
12 17
20 48
15 49
8 22
19 31
1 3
4 28
10 16
7 26
26 37
39 46
49 55
10 50
22 48
8 44
28 37
3 53
3 10
23 28
6 39
18 27
48 52
8 45
13 25
8 25
7 34
1 11
1 23
26 39
24 45
11 35
9 50
0 30
8 53
0 26
31 39
48 49
4 19
0 17
53 54
31 53
51 55
8 32
28 44
1 49
3 9
5 27
2 31
17 50
24 28
26 51
7 31
32 43
25 34
25 55
25 45
32 34
18 30
25 39
1 10
25 53
29 53
12 39
44 54
17 26
37 51
19 39
34 50
8 49
9 39
26 34
2 30
13 26
11 16
10 31
37 53
2 51
11 54
37 50
10 37
28 32
11 28
15 25
32 49
17 18
28 34
34 38
11 24
15 55
9 25
11 49
10 25
28 54
13 30
7 49
1 50
9 47
0 46
25 33
13 53
2 18
1 8
34 51
1 7
16 28
45 50
4 50
7 50
22 53
12 23
3 26
21 36
0 8
0 55
31 34
0 31
42 45
6 11
10 44
11 32
35 54
9 55
35 44
10 17
9 26
14 34
40 51
0 20
7 55
2 32
19 51
2 39
0 15
25 28
20 26
24 34
31 49
32 39
3 34
29 39
3 45
6 9
15 39
22 40
34 45
0 9
39 42
16 31
9 34
3 48
28 43
9 48
34 39
34 49
34 53
21 48
16 37
25 30
7 17
4 11
3 24
11 50
15 33
8 42
6 36
43 45
4 49
4 45
3 31
29 32
12 25
15 31
8 28
9 53
28 51
1 45
39 55
12 35
14 53
24 47
26 32
11 53
6 13
23 47
42 54
10 48
10 26
2 10
12 40
0 10
17 55
1 26
28 55
21 34
7 28
39 51
20 27
10 45
25 50
34 37
22 32
31 55
28 45
22 34
14 32
1 53
1 29
34 42
18 54
23 48
16 17
37 45
1 25
4 29
4 9
