51 54
28 44
0 11
31 40
16 19
19 35
53 54
4 19
6 29
11 42
39 50
11 14
20 28
10 42
33 55
45 55
34 55
19 54
28 37
8 35
16 32
51 55
31 45
20 45
0 50
12 15
8 31
0 34
18 49
1 55
10 53
17 44
39 49
13 50
2 26
25 49
45 54
4 25
31 54
5 23
20 44
15 20
29 42
12 55
9 27
29 32
34 43
19 39
16 49
10 29
28 49
16 39
17 39
1 51
7 53
11 29
31 42
29 53
2 34
1 34
9 45
3 14
34 54
7 12
7 40
9 29
13 30
16 25
33 34
25 32
12 33
29 40
39 54
8 45
1 31
0 9
18 32
8 17
25 48
45 49
29 39
11 51
7 29
23 31
2 49
30 34
26 31
0 33
4 6
10 32
14 35
22 50
3 49
30 31
17 25
3 53
25 40
8 51
6 49
6 42
0 42
2 9
34 40
22 36
15 45
8 22
22 45
10 18
7 45
16 45
4 34
7 39
0 36
34 35
15 55
22 28
30 32
26 49
20 39
8 53
9 28
9 53
18 42
51 53
32 45
44 53
24 29
22 29
7 13
39 42
14 45
1 39
11 37
16 34
7 16
6 31
45 53
19 23
17 55
19 24
7 25
28 51
0 45
6 28
32 37
34 52
7 28
13 44
20 51
1 28
7 49
42 53
25 42
4 53
15 22
2 13
9 25
26 48
0 49
6 45
28 31
9 49
2 16
0 29
37 40
19 49
14 26
26 37
4 39
0 51
0 39
28 55
0 4
39 48
11 20
22 30
39 44
15 44
0 25
0 2
20 50
7 32
25 33
32 33
11 18
50 53
7 9
3 4
32 55
43 47
27 44
0 14
15 53
39 45
20 35
49 54
16 26
34 44
11 31
8 25
10 34
29 45
1 33
24 55
0 7
4 26
2 37
16 51
4 29
19 32
17 49
42 54
6 14
28 42
16 53
19 34
14 31
25 29
0 20
0 28
25 26
45 50
11 34
25 51
2 53
8 42
46 53
2 43
21 48
20 25
11 39
34 47
0 16
22 32
3 48
31 32
0 40
33 54
11 48
17 54
4 10
15 27
18 31
10 28
45 46
10 51
49 53
29 50
0 30
12 48
1 10
32 53
21 34
2 11
13 34
9 24
24 32
20 36
4 55
4 49
1 37
26 33
24 48
3 34
18 25
4 38
18 39
9 16
7 10
13 32
4 8
25 50
35 45
3 15
26 28
0 53
26 53
15 37
4 7
7 47
1 24
4 31
40 48
34 48
16 31
12 25
8 34
25 31
3 45
45 51
20 34
17 45
29 34
17 29
7 22
6 18
28 53
16 47
17 48
11 45
19 30
24 50
1 23
42 49
14 51
1 8
4 32
24 25
0 52
5 43
11 17
8 49
1 42
14 28
17 34
50 51
15 49
25 54
30 40
48 49
4 28
10 11
7 26
26 32
26 55
12 31
9 10
18 45
9 13
11 28
10 49
10 15
23 36
39 46
40 49
1 48
37 42
18 48
18 26
7 34
1 11
7 51
26 39
2 3
11 25
4 9
7 30
8 32
0 26
31 39
4 22
11 16
17 53
25 36
31 53
19 45
10 17
31 50
1 49
9 26
19 53
17 28
0 3
47 53
0 22
7 31
22 26
25 34
37 39
25 45
32 34
4 18
25 39
1 19
25 53
14 48
17 42
28 40
1 40
3 10
9 32
34 50
15 21
30 39
26 34
26 42
8 26
3 28
10 31
42 51
13 49
26 40
17 36
39 52
28 32
8 11
11 15
32 49
6 26
28 34
34 38
6 22
53 55
49 51
10 37
10 25
3 17
9 38
44 50
1 30
15 17
28 45
13 25
13 27
3 21
7 8
34 51
17 50
16 28
26 45
35 40
7 50
3 50
15 39
13 28
11 23
0 1
0 55
31 34
0 31
42 45
1 6
47 48
11 32
2 51
30 37
32 47
29 30
1 26
14 34
16 36
4 50
8 54
1 17
4 42
22 34
0 15
25 28
3 40
24 34
31 49
32 39
15 34
2 39
11 26
9 55
17 31
18 53
34 45
46 48
15 46
10 26
9 34
25 55
23 43
15 25
34 39
34 49
34 53
26 43
19 28
1 29
41 48
15 33
0 37
11 50
14 20
16 20
19 50
0 19
11 49
4 45
23 39
28 29
4 13
15 31
24 33
48 53
32 54
1 45
39 55
31 51
0 54
30 53
33 53
11 53
1 7
0 13
38 52
24 45
10 39
10 50
10 40
0 10
10 14
8 18
25 44
23 34
15 28
39 51
2 7
10 45
12 51
34 37
21 44
31 55
28 39
27 34
4 24
1 53
1 32
34 42
10 55
27 43
9 50
1 9
1 25
4 11
25 30
