23 48
3 32
10 25
25 48
18 37
32 55
0 14
9 12
4 15
13 50
9 23
7 22
30 32
8 53
18 28
9 39
34 55
7 15
51 54
11 15
8 32
25 37
2 47
0 51
43 55
11 17
0 15
0 34
39 45
13 43
25 50
31 48
39 49
33 49
5 55
0 49
4 22
4 25
7 47
17 45
26 54
2 10
0 10
42 50
4 16
11 20
18 34
39 51
4 17
16 51
25 49
42 53
10 39
2 42
1 13
4 31
0 22
11 53
2 34
1 34
15 30
51 55
18 25
1 55
22 24
17 32
11 26
49 54
33 34
26 32
26 48
10 30
13 51
25 31
39 43
42 44
8 9
7 10
15 53
9 49
8 14
9 22
13 16
37 39
19 32
16 28
31 49
15 19
30 53
1 20
28 35
6 31
15 54
15 31
9 29
3 20
11 49
10 54
17 25
1 24
1 45
17 36
34 50
4 39
26 44
8 16
3 43
9 45
29 46
42 54
4 34
12 27
46 54
15 28
7 55
31 54
37 43
1 16
40 50
13 53
4 8
15 51
1 26
14 39
1 4
17 28
18 26
8 29
33 53
51 53
13 17
4 53
25 44
29 55
16 39
22 28
45 53
32 36
25 36
15 48
26 51
4 32
0 45
10 28
31 53
3 9
16 29
45 55
4 9
28 49
6 29
20 53
29 49
39 53
6 19
16 26
6 11
8 30
0 7
39 54
28 44
27 34
45 51
11 51
9 25
27 42
9 28
11 16
26 45
10 26
0 39
25 29
11 33
1 39
0 44
10 40
6 7
32 40
0 25
22 33
17 53
14 47
34 47
8 33
12 55
7 17
24 53
25 32
9 17
15 29
19 34
49 50
7 9
25 46
0 33
28 31
18 31
26 53
7 21
1 48
10 34
29 45
26 42
16 34
37 45
19 25
3 19
10 42
39 55
0 8
22 49
1 50
7 16
25 51
23 25
30 34
13 45
21 34
14 25
28 32
11 31
44 53
11 34
7 32
20 26
0 6
2 11
7 51
0 18
44 45
4 11
14 45
9 26
45 50
1 40
14 31
1 30
1 54
25 40
3 47
4 10
1 42
50 51
32 53
1 28
29 31
49 53
2 28
8 34
7 11
0 1
32 34
33 45
34 52
8 28
9 48
6 45
18 22
14 18
4 49
10 32
15 45
23 42
32 50
15 18
27 52
48 53
16 20
25 39
45 54
16 49
0 3
7 49
20 30
2 32
0 53
40 48
10 45
25 42
4 44
32 33
29 53
19 45
10 51
10 22
11 32
34 54
30 45
10 29
31 45
33 55
0 48
29 34
18 35
12 29
3 24
28 53
28 39
4 50
4 42
34 44
14 17
1 11
16 53
7 33
9 32
45 48
39 48
2 25
42 45
49 51
26 46
3 55
32 39
22 34
5 53
4 51
24 40
10 49
19 50
23 31
10 53
1 14
31 50
9 42
0 29
17 20
13 25
14 24
11 45
1 22
24 32
17 29
28 37
12 52
2 39
15 40
11 39
6 34
7 34
44 51
16 25
25 26
24 37
11 25
50 53
37 53
34 48
0 26
31 39
10 24
4 30
8 31
48 50
31 42
32 45
0 46
28 48
3 18
2 53
20 31
7 31
22 42
3 28
10 17
42 49
20 28
25 34
21 47
25 45
0 32
34 41
25 28
11 21
25 53
4 48
3 45
28 47
19 53
36 52
28 30
34 40
0 11
12 28
26 34
11 37
7 39
9 31
1 17
19 49
2 13
26 35
20 39
6 35
26 37
53 55
19 38
31 51
20 42
28 34
4 7
1 7
34 36
26 27
8 12
13 31
14 51
4 14
15 49
8 42
23 49
7 28
3 6
1 10
0 50
25 38
34 51
14 55
7 25
3 23
30 40
7 54
30 50
30 31
0 24
11 13
12 43
29 51
31 34
0 31
7 8
1 29
4 45
8 45
10 35
6 21
2 37
1 9
24 44
17 48
10 31
1 53
1 25
39 50
9 10
10 11
40 53
28 45
11 28
40 45
45 49
24 50
15 34
11 48
0 20
15 23
3 38
34 35
34 45
0 43
20 34
10 15
9 34
27 38
2 18
0 4
34 39
34 49
34 53
13 34
16 19
0 30
24 33
22 36
26 40
11 54
29 50
17 31
16 37
19 28
49 55
15 25
4 28
22 55
39 42
13 26
17 50
0 55
19 31
29 39
15 39
19 29
11 35
32 42
0 40
18 36
50 55
17 39
40 55
1 32
15 26
32 49
0 28
16 31
48 49
26 49
7 18
23 34
19 39
26 39
19 37
16 32
34 37
4 26
1 49
2 49
26 28
3 34
25 54
2 26
0 17
34 42
8 51
17 34
7 45
8 39
39 40
44 49
6 20
