31 32
10 42
48 51
8 9
10 43
40 44
10 16
22 26
9 10
17 34
37 50
0 29
26 32
17 42
26 36
11 18
16 24
9 16
4 9
3 12
13 32
10 32
30 35
2 35
16 33
3 55
18 25
0 34
39 45
25 29
8 34
33 34
34 37
9 25
17 28
4 25
17 40
7 49
24 39
18 54
2 26
39 42
12 40
24 34
3 4
15 16
29 34
0 45
0 28
21 43
26 49
9 31
23 28
24 35
42 45
9 11
10 26
6 10
15 25
1 34
6 45
0 52
26 50
34 55
28 48
7 40
6 11
9 14
30 31
10 49
50 51
6 38
16 31
43 45
1 49
2 39
4 50
32 40
15 31
0 30
14 44
15 44
25 47
21 50
29 32
15 49
25 54
16 42
8 30
18 29
17 25
8 22
10 30
20 39
7 39
13 54
0 26
22 30
36 37
13 27
31 45
11 42
34 50
9 39
4 24
14 47
26 39
22 25
0 17
11 32
4 34
1 31
1 15
10 48
14 20
3 39
4 7
22 45
42 49
25 55
7 50
0 23
44 54
21 53
8 32
14 37
16 26
26 29
9 33
15 42
2 7
7 55
8 31
16 55
2 37
31 50
45 53
29 45
39 55
11 55
9 40
19 28
0 10
13 22
31 53
1 17
9 34
0 37
14 22
32 49
4 17
34 44
2 23
39 53
7 12
0 6
31 55
20 45
7 26
10 31
4 40
11 26
14 32
37 38
10 13
45 49
3 49
26 31
26 45
2 24
0 39
9 49
37 55
25 37
10 45
1 4
20 28
37 46
0 25
25 27
3 28
7 11
4 28
18 32
45 55
38 53
12 39
7 30
7 28
15 45
52 53
4 31
0 16
22 49
49 53
8 17
16 25
26 53
4 54
2 6
10 34
31 42
22 54
16 34
14 34
19 53
0 42
30 47
1 3
11 36
15 28
19 42
4 26
39 49
18 45
12 34
4 44
42 51
16 48
10 28
11 49
32 37
11 34
3 33
19 44
1 45
26 55
1 30
13 34
8 45
12 44
16 28
17 51
28 50
8 51
18 34
4 42
37 39
1 42
0 2
17 45
11 39
9 17
4 32
26 54
34 54
23 53
0 7
1 8
6 40
0 1
32 34
11 20
22 31
4 8
8 50
18 31
29 50
4 53
48 53
29 53
48 49
10 51
17 19
0 43
1 32
1 25
28 42
25 39
7 27
24 50
16 45
49 54
10 39
31 47
0 53
39 51
4 45
35 46
26 28
15 18
18 26
37 48
40 45
13 35
17 48
19 39
4 10
39 50
25 31
27 45
44 53
15 29
10 27
0 48
10 25
7 51
28 39
1 9
6 43
42 55
16 53
19 51
53 54
11 53
31 49
29 55
7 53
39 54
8 29
42 44
30 49
9 24
1 39
19 31
0 51
32 54
17 32
13 25
18 53
0 50
10 53
25 49
7 13
14 31
22 47
13 49
0 15
15 39
24 28
14 55
45 51
8 21
15 30
20 29
28 29
10 15
16 17
11 37
7 34
29 49
0 9
0 49
33 55
11 25
15 26
29 36
1 48
32 42
31 39
10 11
4 49
0 14
1 12
45 48
7 25
4 51
1 44
22 53
2 25
7 29
32 39
28 40
1 28
30 45
8 42
51 54
25 34
31 51
25 45
11 45
4 29
25 28
28 53
25 53
23 26
8 48
9 19
3 10
8 25
32 33
22 28
11 22
25 50
26 34
11 48
15 19
17 53
1 11
34 52
24 25
1 19
6 32
20 26
34 36
25 48
7 54
23 38
2 36
28 34
4 15
29 39
3 18
0 24
2 10
30 43
40 49
28 31
0 55
11 15
25 42
11 50
10 50
11 31
28 55
8 53
34 51
32 53
14 26
12 20
11 40
25 26
5 33
3 31
1 20
21 34
19 45
0 19
31 34
0 31
33 40
27 34
1 51
34 47
34 40
7 52
20 49
2 49
1 14
4 6
9 54
4 39
17 49
1 7
45 50
3 53
13 39
28 45
11 28
13 16
9 53
17 31
15 34
34 48
40 51
49 55
39 44
25 51
34 45
49 51
34 42
23 34
22 34
17 18
16 46
8 23
34 39
34 49
34 53
25 32
24 26
5 40
7 32
4 11
1 26
1 50
6 33
28 46
3 50
33 45
20 53
32 45
28 49
17 50
39 48
30 34
9 45
42 53
29 31
15 32
0 33
18 55
14 29
18 50
3 23
13 48
19 34
28 32
7 19
3 34
1 41
0 20
34 35
3 47
1 10
51 53
28 51
6 29
0 11
32 55
20 35
0 32
19 25
9 26
19 24
11 51
2 17
15 53
30 48
16 39
7 15
25 43
13 53
20 34
7 45
36 48
28 33
2 46
20 51
