31 32
8 42
4 18
0 29
37 47
19 44
16 32
16 26
22 34
17 34
22 37
0 8
26 32
40 49
13 25
7 11
7 30
2 47
9 42
40 42
13 22
16 20
2 44
2 25
10 44
15 30
18 32
0 34
39 45
25 29
8 34
33 34
34 37
9 25
7 28
4 25
3 10
7 49
4 22
18 53
25 54
39 42
2 40
24 34
3 7
11 16
29 34
0 45
0 28
21 43
26 49
9 31
28 47
8 49
42 45
17 50
10 26
28 29
15 25
1 34
3 45
3 28
26 50
34 55
17 28
28 40
44 55
7 10
22 31
10 48
44 49
8 38
1 24
22 24
1 49
2 39
4 50
9 32
31 54
26 30
8 39
24 31
10 11
15 50
29 32
15 49
12 32
16 39
6 10
46 51
4 17
3 32
10 30
20 39
7 39
28 54
0 26
13 45
18 39
18 54
31 45
11 42
34 50
9 39
4 49
7 22
26 39
22 25
17 39
11 32
4 34
1 31
1 15
2 26
14 28
2 13
4 7
24 45
42 49
25 55
1 50
0 23
11 44
26 46
19 32
16 17
11 55
26 29
17 23
30 42
1 54
9 55
8 31
7 16
17 37
31 50
45 53
29 45
10 54
11 15
0 24
19 20
0 10
8 13
31 53
1 17
9 34
6 42
8 52
32 49
20 31
34 44
29 50
39 53
35 45
3 27
31 33
1 14
7 26
10 31
45 54
11 26
14 45
20 53
9 26
6 45
45 49
26 31
26 45
8 20
0 39
9 49
10 55
8 25
10 45
1 4
18 28
14 29
0 25
23 33
13 53
7 42
33 37
32 51
45 55
27 40
12 45
22 50
7 20
15 45
50 53
4 31
1 16
27 38
49 53
15 31
25 33
26 53
22 54
0 20
10 34
42 44
33 35
16 34
14 34
29 55
0 4
23 51
3 9
15 17
15 28
15 16
10 51
39 49
18 45
6 34
19 53
37 42
16 49
10 28
11 49
32 55
11 34
4 15
14 44
1 45
30 33
1 30
13 34
8 45
28 44
16 28
11 13
9 16
37 53
18 34
4 42
4 19
1 42
13 39
17 45
11 39
10 39
4 32
17 26
34 54
4 23
0 7
13 28
6 26
0 1
32 34
20 25
18 31
4 8
8 10
19 43
24 54
4 53
8 53
29 53
18 49
14 24
17 51
0 3
1 32
1 25
0 37
25 39
4 38
10 49
16 30
49 54
31 55
2 53
0 53
39 51
4 45
35 46
26 28
18 46
0 18
13 23
1 35
39 47
7 17
21 48
1 10
39 50
25 31
6 53
36 49
15 29
4 29
0 48
10 25
7 51
28 39
1 11
43 49
42 55
16 50
19 25
40 53
11 53
31 49
49 55
7 53
23 39
0 17
17 42
4 30
27 50
1 39
16 31
0 51
14 32
17 32
2 14
6 18
28 50
10 53
25 49
7 31
14 49
22 51
50 55
0 15
15 39
9 29
19 29
28 51
40 52
15 55
4 55
8 28
6 49
17 22
11 50
7 34
29 37
0 9
0 49
0 54
11 48
15 26
4 33
1 48
11 24
31 39
3 11
4 11
0 14
9 30
45 48
7 25
26 51
1 37
22 53
2 34
3 48
32 39
10 50
1 28
30 45
26 42
15 51
25 34
31 51
25 45
11 45
29 51
25 28
28 53
25 53
7 40
8 51
3 40
34 36
2 32
26 48
28 42
0 22
25 50
26 34
16 48
12 35
17 53
11 18
34 43
24 25
1 12
10 32
39 43
30 48
25 48
25 36
9 38
21 30
28 34
5 15
29 39
12 29
10 13
19 28
48 53
12 31
28 31
7 41
11 17
25 42
27 54
19 49
11 31
37 40
33 53
34 51
32 53
22 45
12 47
3 8
25 26
5 6
32 48
12 20
21 34
19 45
0 19
31 34
0 31
24 40
27 39
1 51
34 47
34 40
2 43
3 26
7 8
11 14
14 26
26 55
4 39
0 40
1 7
2 50
52 54
9 24
28 45
11 28
40 46
9 53
17 48
15 34
34 48
0 36
44 50
4 9
25 51
34 45
49 51
34 42
23 34
30 34
36 54
6 23
11 20
34 39
34 49
34 53
25 32
3 25
19 40
7 32
39 44
1 26
36 51
6 25
25 40
20 37
17 33
1 53
32 45
28 49
10 24
31 42
25 30
9 45
42 53
31 36
15 32
0 16
9 19
13 47
9 50
37 48
16 25
19 34
28 32
19 37
3 34
1 55
33 48
34 35
3 18
2 10
51 53
21 45
19 48
0 11
28 55
20 29
0 32
4 16
0 55
10 29
11 51
9 48
15 53
13 52
39 55
7 15
29 43
14 53
20 34
7 45
35 50
28 33
2 6
20 51
