31 32
8 42
39 44
33 42
29 51
28 44
28 43
28 55
22 34
17 34
18 45
15 17
26 32
17 49
33 54
7 50
30 48
3 19
9 42
4 10
6 28
16 55
4 26
2 25
11 19
2 14
14 32
0 34
39 45
25 29
8 34
0 33
34 37
9 25
18 55
4 25
3 45
7 49
4 44
10 11
18 25
39 42
16 53
31 33
3 51
9 28
29 34
0 45
0 28
9 44
26 49
10 54
28 33
14 24
4 45
4 50
10 26
8 16
15 25
1 34
9 50
3 28
15 40
34 55
20 28
1 50
29 52
1 9
23 51
1 37
13 49
3 10
1 54
5 33
1 49
24 42
0 37
48 51
25 50
30 45
8 39
2 10
10 48
4 16
1 29
45 49
8 21
11 18
6 53
19 30
4 42
0 55
50 53
20 50
7 39
18 32
0 26
10 51
22 39
20 39
31 45
11 42
34 50
24 39
3 49
25 37
26 39
22 25
17 39
11 32
4 34
1 31
15 53
8 26
8 28
21 36
2 19
2 45
15 49
20 25
43 53
38 49
6 22
45 47
20 30
16 21
22 46
10 29
9 55
17 40
23 25
38 55
9 45
7 16
15 37
13 31
45 53
29 45
25 55
15 16
0 24
37 40
0 10
8 11
31 53
1 18
9 34
0 40
13 29
32 49
10 49
42 52
11 29
39 53
37 39
6 40
31 47
11 14
7 26
10 31
39 54
11 26
14 45
3 15
23 26
1 16
4 49
26 31
26 45
20 31
0 39
9 32
45 48
8 25
10 45
1 4
1 8
2 26
0 25
3 17
13 16
7 29
15 54
32 51
9 10
37 45
16 42
24 54
45 50
4 15
32 50
4 31
0 13
14 42
49 53
18 31
33 43
26 53
31 43
18 53
10 34
23 50
1 55
16 34
13 34
53 55
0 4
33 48
11 44
30 50
28 48
15 42
45 51
39 49
19 37
6 34
3 6
26 55
42 49
10 28
2 53
32 55
11 34
4 18
22 23
1 45
15 30
1 2
14 34
10 50
7 17
15 28
13 15
16 40
11 20
18 34
11 13
20 32
1 42
8 22
17 45
11 39
10 39
4 7
22 26
34 54
4 48
0 7
10 44
15 32
0 1
32 34
11 25
12 32
4 6
16 25
4 51
4 20
4 53
8 53
29 53
9 49
8 14
13 45
0 17
1 32
1 25
0 22
25 39
6 8
17 48
17 54
33 35
17 31
8 32
0 53
39 51
46 47
16 29
7 54
8 50
0 18
13 53
1 20
6 25
9 17
18 48
7 10
39 50
25 31
1 14
4 32
26 29
4 29
1 10
10 25
7 51
28 39
1 40
30 49
29 30
22 43
22 37
40 53
11 49
31 49
49 54
7 53
39 52
17 32
42 50
19 50
7 27
1 39
16 31
0 51
12 14
17 25
2 28
9 39
28 50
10 53
25 49
7 31
13 52
9 47
22 30
0 8
15 39
29 39
0 29
42 45
12 37
49 55
19 54
4 28
40 49
17 30
13 44
7 34
9 18
0 9
0 49
0 54
11 55
17 26
0 48
1 47
9 22
31 39
9 11
4 11
0 2
23 45
24 28
7 25
26 51
44 53
22 53
2 34
3 16
32 39
3 24
1 28
14 28
26 42
16 51
25 34
31 51
25 45
11 45
29 49
25 28
28 53
25 53
7 30
8 51
19 28
34 36
20 34
26 48
15 45
10 33
2 39
26 34
0 50
26 33
17 53
16 49
34 43
24 25
0 19
10 32
11 28
15 51
25 48
25 36
0 38
35 50
28 34
5 47
2 29
12 20
36 39
23 28
48 53
30 40
28 31
2 33
11 17
25 42
12 35
3 4
11 31
11 40
3 7
34 51
32 53
15 24
53 54
45 55
25 26
6 14
7 42
12 34
21 34
19 45
0 44
31 34
31 55
11 51
29 31
1 51
34 47
34 40
19 32
2 11
7 8
0 30
26 50
0 15
4 39
31 40
1 7
36 40
26 28
18 21
28 45
28 35
24 49
9 53
39 48
15 34
34 48
34 46
20 40
4 9
25 51
34 45
49 51
34 42
23 34
30 34
14 46
31 48
11 37
34 39
34 49
34 53
25 32
3 26
16 45
7 32
12 44
1 26
6 48
10 30
32 37
35 42
43 48
1 53
32 45
28 49
24 31
31 42
3 25
9 37
42 53
31 36
10 15
16 26
19 40
13 26
17 29
22 44
6 49
19 34
28 32
19 25
3 34
17 51
19 24
34 35
10 18
12 27
51 53
27 46
7 19
0 11
24 27
20 45
0 32
13 17
19 55
14 48
7 11
27 29
36 53
23 27
39 55
7 15
32 54
38 50
34 44
7 45
31 35
28 54
41 55
20 55
