31 32
7 9
24 30
21 47
29 31
6 40
7 28
42 49
11 12
17 34
42 43
3 26
26 32
50 53
31 54
27 28
13 15
13 18
31 50
7 10
17 39
30 45
4 45
13 32
35 38
7 22
15 19
0 34
33 39
28 39
8 34
1 24
13 34
25 46
39 42
4 25
26 54
32 53
53 55
31 40
9 51
1 7
32 51
29 53
3 23
1 10
29 34
0 45
35 42
9 19
16 26
19 34
4 13
4 21
45 47
7 11
10 48
50 51
11 29
1 34
0 31
39 45
10 49
34 55
14 39
7 47
12 39
42 50
3 8
4 19
18 53
26 29
12 18
8 54
48 53
1 9
10 11
50 55
16 55
2 26
7 25
27 38
11 54
0 55
30 34
45 49
14 25
4 31
8 53
25 49
2 30
0 19
22 28
26 40
7 39
31 37
0 26
9 39
9 29
18 25
0 42
30 42
34 50
22 43
16 40
32 38
5 26
22 34
20 29
15 49
4 34
12 22
6 16
29 33
31 45
10 16
19 37
10 42
36 45
19 36
39 44
8 24
13 40
29 50
9 13
7 40
20 42
22 33
29 48
11 40
4 30
0 28
9 45
28 33
1 16
34 52
45 53
29 45
44 51
20 48
8 32
15 34
6 19
37 53
31 53
10 35
9 34
17 22
1 19
17 29
14 49
1 48
34 35
2 39
11 19
28 35
22 23
9 10
15 51
31 39
25 40
24 28
33 45
43 47
30 54
11 51
0 30
19 49
40 45
10 51
0 39
14 46
34 36
51 55
33 53
11 50
2 15
11 23
0 25
12 40
17 48
2 37
31 41
16 22
8 55
12 24
1 4
28 29
28 51
23 48
11 49
4 16
0 51
25 30
49 53
1 55
4 7
30 53
14 28
28 30
10 34
23 25
21 45
34 40
16 34
17 25
0 10
22 45
4 37
3 39
16 30
51 54
37 44
39 49
0 11
0 8
25 50
2 45
29 32
10 28
0 44
22 25
11 34
4 10
0 33
1 45
45 51
24 55
33 34
10 25
16 17
26 51
9 17
37 55
9 31
17 19
17 50
1 6
25 37
2 49
45 50
11 53
15 39
9 32
26 48
16 23
26 35
0 7
8 33
19 42
0 15
32 34
11 25
1 14
13 37
20 28
2 53
20 45
31 36
42 53
23 52
3 44
6 31
18 28
3 31
20 49
1 25
8 42
25 39
26 49
32 47
26 31
9 49
48 55
11 14
0 53
24 39
14 34
10 31
7 14
17 26
8 20
11 26
20 43
15 29
2 25
10 22
31 49
9 44
25 31
15 25
4 32
26 55
1 11
1 49
18 19
4 49
39 48
31 48
5 55
8 15
14 31
3 28
17 32
32 48
6 49
6 25
7 53
0 22
0 13
18 39
11 16
48 50
1 39
19 39
1 42
3 14
25 42
13 52
12 52
13 42
15 40
29 49
7 31
42 45
34 54
25 29
22 29
46 55
32 42
7 32
23 45
9 42
11 37
17 53
4 50
4 55
21 36
4 43
7 34
7 17
9 28
0 49
4 17
1 50
26 45
14 15
25 27
1 31
26 39
10 26
6 45
16 25
0 48
0 50
10 15
44 49
3 50
40 53
2 34
7 23
32 39
42 51
1 28
0 1
4 15
18 33
25 34
7 15
25 45
11 45
8 11
22 46
28 53
25 53
49 51
28 54
4 6
35 53
20 34
2 24
14 27
32 49
20 53
26 34
25 54
1 37
17 28
11 32
18 51
32 50
9 25
10 53
11 28
20 39
4 42
4 29
3 45
48 54
28 34
0 3
26 53
3 9
0 24
47 49
14 19
43 48
28 31
33 37
15 45
11 18
24 25
15 18
11 31
11 39
7 30
34 51
32 55
17 40
16 49
45 55
25 26
6 27
20 31
34 37
34 43
47 48
21 30
31 34
10 44
39 53
9 26
39 51
8 39
3 24
49 50
0 29
8 28
26 50
17 49
0 4
4 39
28 32
1 26
7 38
26 28
10 50
28 45
0 9
2 8
0 20
11 17
6 34
34 48
34 46
16 53
26 36
12 34
34 45
18 54
34 42
28 42
3 53
24 44
4 26
1 17
34 39
34 49
34 53
25 32
16 32
10 45
10 54
16 29
6 9
10 39
7 8
16 45
13 39
0 2
1 53
17 45
28 49
30 55
18 37
15 31
51 53
13 54
40 49
15 32
39 40
0 54
2 13
7 45
8 25
24 34
18 48
1 32
10 20
3 34
28 50
4 53
18 34
0 17
25 28
25 51
19 31
7 50
15 53
10 32
8 27
0 32
15 55
26 33
53 54
4 11
1 44
7 44
1 51
16 51
2 3
31 51
36 49
34 44
7 29
10 55
1 20
15 28
32 45
