25 29
39 50
0 11
10 15
3 48
0 25
30 39
32 37
10 29
42 53
48 55
28 31
1 40
34 55
50 55
13 53
3 28
51 54
12 33
8 50
17 26
12 19
31 54
37 39
15 31
35 43
0 16
0 34
25 33
37 45
4 9
35 54
0 49
0 53
4 31
26 51
10 17
4 14
37 42
32 40
3 7
9 25
7 45
2 15
22 32
1 17
11 31
8 55
16 42
19 34
34 54
10 45
51 55
17 22
19 20
1 54
0 30
28 42
34 48
1 34
6 32
15 20
13 43
13 39
28 50
25 49
16 49
8 44
20 40
42 43
24 28
8 28
3 19
4 10
9 39
10 51
1 31
31 45
32 48
45 49
7 53
0 55
1 10
39 49
8 33
11 36
3 49
5 44
33 54
49 55
47 53
15 25
24 31
49 50
24 25
18 29
2 22
15 40
17 45
39 42
0 50
6 42
11 26
42 49
18 21
50 54
25 50
28 51
4 33
9 17
4 34
1 9
7 23
25 42
0 42
16 50
33 47
11 32
27 45
28 53
8 30
8 45
4 55
4 26
30 37
13 34
24 34
26 48
7 55
3 34
29 48
32 39
40 53
34 43
26 32
21 48
45 53
19 40
10 24
8 43
15 28
2 48
0 45
32 51
34 52
11 17
7 28
6 28
39 53
14 24
31 48
17 49
1 20
4 53
18 26
12 47
22 51
11 24
28 54
18 42
11 28
19 26
0 26
25 37
29 34
9 53
10 35
28 49
15 51
13 15
7 10
8 39
4 32
14 23
34 37
7 18
16 30
24 55
0 37
2 17
15 49
2 6
9 37
34 42
20 32
30 55
9 32
9 11
29 32
40 45
45 50
3 11
0 19
39 45
11 18
3 20
25 32
53 55
48 53
7 40
10 34
28 48
3 45
27 34
18 37
31 37
3 10
1 51
1 45
39 55
13 45
9 45
1 19
8 13
31 55
0 28
48 49
0 36
8 53
13 38
30 53
20 30
11 34
17 39
10 26
2 10
16 26
4 25
44 45
14 34
20 39
7 11
20 34
34 44
14 32
2 34
43 47
20 25
35 53
19 53
28 47
15 26
29 46
7 15
7 31
11 48
1 22
4 49
53 54
0 17
0 18
39 52
11 51
2 4
18 50
9 31
19 49
13 25
1 48
0 15
15 34
17 46
23 25
0 32
7 22
25 51
26 29
6 7
7 34
49 54
12 34
11 25
26 45
28 29
18 45
8 25
25 26
26 39
1 26
25 30
13 30
30 50
10 20
4 39
25 48
17 51
4 51
23 33
42 50
7 39
26 49
18 49
11 40
11 15
31 44
1 4
54 55
10 23
6 17
12 25
0 9
9 51
2 53
6 39
34 50
17 32
16 25
15 17
26 30
17 42
33 50
10 39
7 24
19 45
9 19
7 29
40 49
26 50
4 7
1 32
28 32
14 33
27 28
10 31
10 28
31 35
0 24
19 39
32 42
15 45
31 42
15 39
4 17
16 28
9 14
22 34
2 8
23 48
1 42
49 51
4 45
17 25
0 10
43 54
4 11
27 37
10 52
28 37
0 1
18 34
14 49
0 4
17 31
26 53
23 49
10 22
39 40
22 53
13 55
2 30
50 53
1 7
0 27
26 40
3 4
25 31
15 37
25 34
11 42
25 45
31 49
4 28
25 39
13 44
25 53
16 46
51 53
16 34
17 34
7 19
32 50
26 28
2 25
31 39
26 34
9 33
25 40
16 47
0 7
0 48
11 29
1 29
16 29
36 53
4 22
16 36
9 18
1 3
6 22
28 34
5 41
1 6
1 53
11 45
16 45
10 32
8 54
0 44
34 46
14 45
6 53
29 44
32 53
34 36
22 28
4 19
23 39
16 31
13 17
29 31
22 31
44 50
38 49
3 39
21 34
1 11
12 53
2 7
31 34
0 31
7 26
9 10
42 45
11 20
4 18
10 42
2 26
7 32
1 55
32 34
26 42
15 32
15 55
0 51
42 44
22 35
28 38
25 28
0 6
24 45
3 26
38 50
16 39
0 39
8 49
29 53
12 28
8 11
34 45
14 54
14 15
33 34
9 34
20 49
7 25
10 53
34 39
34 49
34 53
9 16
34 51
24 46
3 16
29 50
32 49
34 35
10 25
11 14
31 40
20 29
0 29
29 39
8 52
32 45
25 44
1 49
8 12
36 45
48 51
1 39
8 34
45 51
39 51
19 28
14 27
11 53
31 51
16 40
1 18
11 49
4 50
30 36
24 29
21 22
26 31
39 54
19 32
30 47
45 48
0 14
23 34
31 53
1 28
9 15
10 11
7 13
28 45
4 29
16 33
49 53
21 44
6 31
0 20
25 55
45 55
40 51
1 25
9 26
2 3
