25 29
9 42
0 11
4 7
51 55
0 25
31 39
50 53
6 49
16 53
17 45
28 31
0 6
34 55
11 29
29 49
38 53
39 48
4 55
28 51
26 55
25 37
31 45
10 33
1 42
8 15
15 48
0 34
1 40
30 37
36 53
44 54
39 49
0 53
21 42
45 46
34 35
4 25
28 35
0 22
0 48
40 54
7 45
15 53
30 34
45 50
11 15
30 31
30 51
19 34
34 54
10 45
30 45
8 25
47 49
6 7
33 34
32 42
16 26
1 34
0 3
11 19
34 52
28 29
16 39
25 49
42 45
8 39
1 27
34 43
4 37
14 25
16 19
0 42
4 39
50 54
25 43
45 48
17 29
45 49
7 53
0 24
15 28
19 49
31 36
43 48
20 29
2 25
49 51
8 45
0 23
15 25
2 13
3 31
9 26
22 33
0 29
14 47
17 42
9 55
19 53
39 54
11 39
6 30
15 31
16 28
18 39
15 51
6 28
25 30
4 34
9 40
17 22
42 53
45 55
3 4
22 28
4 49
11 26
28 53
37 50
15 32
1 15
4 42
7 32
6 34
2 34
2 32
7 50
3 17
22 25
32 39
13 53
4 48
25 54
1 9
45 53
8 32
10 23
24 26
0 2
2 39
0 45
15 19
28 44
23 36
7 28
29 51
39 53
7 48
5 46
9 53
29 50
4 53
18 34
16 31
2 42
9 45
28 50
4 50
11 28
25 26
0 26
33 50
29 34
20 34
8 31
28 49
18 52
9 39
14 39
26 41
11 55
0 14
4 16
0 51
48 52
6 38
9 44
32 50
7 26
4 26
19 39
34 42
0 18
28 48
1 31
3 40
2 40
7 39
16 17
11 35
0 50
39 45
17 49
28 55
25 32
29 45
6 8
0 30
10 34
25 42
45 51
24 34
22 35
17 51
17 30
18 55
1 45
8 27
13 45
10 12
26 51
0 12
31 54
0 28
1 49
36 54
17 33
34 37
16 45
23 24
11 34
13 35
6 45
9 10
4 15
7 35
23 53
14 34
3 39
22 47
31 55
34 47
13 15
28 30
19 55
20 26
9 13
31 53
3 24
3 12
11 36
28 33
10 31
7 31
3 37
9 16
1 8
4 33
20 51
30 32
2 49
26 29
13 50
0 20
10 40
9 20
1 32
31 46
15 34
23 34
3 22
0 32
25 50
3 45
37 49
3 34
7 34
31 42
13 31
11 25
26 45
13 14
26 28
9 18
16 25
26 39
1 26
20 45
7 20
29 31
22 46
4 28
23 27
10 29
33 49
0 38
18 49
11 20
8 18
40 45
11 13
7 17
16 42
9 31
29 44
27 34
43 45
20 32
24 51
10 51
39 40
3 25
34 50
8 10
1 51
33 39
40 46
0 33
26 48
10 39
12 51
12 43
1 50
13 34
40 55
18 54
14 31
28 32
31 32
14 17
13 28
1 10
10 28
14 29
1 16
2 26
8 14
15 45
37 40
7 54
42 49
7 44
37 44
34 40
8 16
1 54
48 54
18 24
11 51
17 25
0 10
20 31
4 24
2 53
9 25
4 11
0 1
34 48
25 55
0 4
7 30
26 53
18 45
49 50
32 40
16 18
2 10
9 32
17 53
15 39
4 47
24 48
2 9
25 31
25 40
25 34
11 42
25 45
11 49
14 49
25 39
10 48
25 53
0 13
25 51
16 34
17 34
8 24
11 32
15 17
1 4
28 39
26 34
19 22
22 37
44 55
0 7
9 54
29 39
11 50
6 50
34 44
4 17
44 53
17 26
4 31
39 42
28 34
12 21
25 44
1 53
11 45
15 26
10 32
8 29
29 53
1 17
19 45
43 50
12 47
32 53
12 40
18 44
10 15
10 49
11 44
0 43
4 10
30 47
22 38
37 39
15 49
7 10
1 11
10 53
17 19
31 34
0 31
7 49
15 36
4 45
20 55
14 19
29 55
1 7
29 32
19 42
32 34
4 32
17 48
49 55
7 51
1 13
52 55
28 42
25 28
0 8
11 48
31 49
40 51
0 49
0 39
6 42
26 54
48 51
8 19
34 45
32 55
14 42
22 34
9 34
7 37
7 25
8 34
34 39
34 49
34 53
23 26
34 51
22 53
1 19
26 49
11 31
16 23
10 25
2 22
3 54
1 33
48 50
4 51
11 17
32 45
15 16
18 32
30 53
20 25
10 50
1 39
31 50
9 11
39 51
18 25
14 53
11 53
1 21
6 33
19 24
24 49
32 37
5 35
20 53
3 7
26 31
10 30
16 32
21 26
36 39
28 37
53 55
7 29
1 28
24 39
10 16
2 11
28 45
21 27
32 49
49 53
8 53
27 28
3 28
9 48
10 26
15 20
1 25
19 32
26 42
