18 91
38 87
8 95
52 55
11 34
7 21
2 91
61 96
10 32
33 52
5 35
76 87
64 73
10 72
14 95
45 52
14 44
4 70
18 83
61 64
38 70
10 53
18 19
50 56
26 44
17 59
0 30
2 14
40 55
20 82
7 97
38 52
26 31
9 67
69 81
10 85
31 50
63 97
2 33
3 17
5 82
35 75
61 88
19 45
6 40
66 82
23 84
48 62
5 26
17 55
10 51
60 71
45 96
31 44
33 42
2 40
10 92
0 95
11 42
13 59
19 83
7 66
67 96
5 63
31 81
22 77
57 86
5 67
31 76
10 91
44 78
21 62
0 1
13 20
61 83
31 79
19 48
9 57
43 83
61 90
50 71
50 96
9 52
35 98
24 73
18 68
57 83
42 72
50 63
14 48
62 96
59 82
57 62
49 59
5 50
21 50
18 70
57 87
33 56
65 87
35 43
33 45
32 62
50 79
10 59
38 58
62 87
57 70
4 59
45 48
27 37
35 69
16 61
1 50
44 97
86 96
32 41
71 84
24 60
2 96
50 62
9 87
40 72
20 78
51 95
31 32
14 61
67 70
6 35
51 61
56 73
24 96
41 91
36 71
77 84
35 67
36 50
19 36
73 96
44 87
79 82
25 75
69 73
58 80
57 91
23 43
58 83
52 83
48 73
30 48
32 88
69 79
49 62
55 70
38 88
59 63
92 98
67 88
35 48
62 77
33 44
1 33
51 96
9 88
2 35
51 64
16 63
47 56
55 77
38 91
32 76
54 94
32 92
63 91
28 94
80 94
0 73
63 81
22 66
16 53
1 77
42 83
6 57
23 97
14 50
4 67
51 87
47 62
38 56
31 61
35 91
5 15
60 81
61 87
41 53
40 53
43 75
22 52
96 97
34 51
54 95
2 31
53 96
33 53
45 87
6 45
1 63
25 86
6 83
20 88
45 83
35 52
67 72
2 87
68 84
2 48
44 90
1 9
25 38
10 31
2 9
10 14
54 71
19 86
61 75
18 75
2 52
18 48
18 24
10 67
5 75
32 61
53 61
53 70
6 86
29 83
33 68
17 20
76 78
34 81
52 56
25 37
58 85
31 97
53 72
24 35
22 81
14 97
35 95
33 97
52 61
43 98
9 14
15 39
45 70
35 57
21 26
59 97
56 70
44 66
10 82
44 67
42 88
50 67
18 86
10 45
59 83
76 84
6 62
14 96
25 66
69 77
40 57
2 22
52 85
1 86
36 95
31 57
4 63
36 53
31 62
33 91
14 36
25 45
61 67
43 80
15 68
57 67
5 14
18 69
9 98
81 97
10 56
59 62
13 91
3 4
53 95
38 84
51 56
83 96
18 63
45 97
4 30
2 54
30 49
49 75
56 57
5 64
43 92
20 71
70 95
22 31
19 90
45 63
18 57
26 54
44 52
31 56
48 49
38 59
38 72
61 97
72 75
48 97
79 80
27 75
40 97
61 62
0 6
24 78
50 91
35 76
18 40
61 82
33 51
4 56
30 32
18 97
56 82
5 18
57 82
42 84
48 68
29 60
65 70
71 96
0 83
52 70
52 57
2 57
30 35
67 97
13 21
14 57
31 63
61 66
5 57
23 90
14 75
33 67
14 53
33 66
52 96
25 36
6 84
41 78
43 84
83 91
48 61
72 96
2 67
2 63
0 33
50 92
58 98
56 67
15 49
86 90
16 56
52 67
51 53
10 63
42 95
47 79
10 96
15 88
26 82
41 64
3 21
0 38
17 68
56 97
2 5
72 90
25 44
57 97
68 79
6 56
35 97
57 72
31 77
2 45
62 88
57 61
57 68
57 96
9 55
61 91
33 70
