53 56
31 96
26 53
2 50
2 60
24 73
36 38
1 56
52 56
48 83
6 95
10 82
10 50
24 95
57 83
33 97
44 63
18 67
45 49
43 68
19 56
50 67
38 55
62 71
19 95
33 40
34 73
47 94
5 33
5 25
83 87
67 95
45 88
43 91
61 82
9 95
61 83
4 13
10 77
10 24
14 29
40 50
69 86
56 62
51 82
19 77
38 88
38 91
79 98
10 35
4 57
72 92
57 97
6 32
60 83
10 97
19 35
64 86
31 56
73 94
32 45
40 81
14 49
0 18
38 57
48 84
44 51
48 52
23 92
57 63
16 87
48 62
48 51
33 61
10 87
1 67
1 73
42 53
35 53
78 83
18 22
56 70
58 92
37 68
72 96
14 31
52 78
20 88
34 50
80 92
62 96
9 70
18 79
45 62
36 80
84 91
48 54
49 96
31 70
2 71
50 82
55 71
63 97
25 76
45 72
62 76
84 98
1 50
33 42
42 82
63 82
18 56
30 65
25 49
50 60
41 64
33 84
1 25
2 38
41 95
33 57
2 52
50 91
53 70
35 51
72 75
0 41
18 20
10 68
63 84
62 75
5 97
31 67
55 56
9 59
85 98
88 97
44 96
72 88
70 91
20 97
54 85
18 84
20 58
48 91
13 59
52 83
42 67
48 63
1 42
4 66
14 23
48 73
75 87
2 44
54 72
61 86
88 91
9 21
55 77
15 30
45 97
31 53
49 52
76 91
62 69
11 17
5 45
30 32
61 63
35 59
40 69
40 67
19 98
2 87
14 33
63 71
62 72
10 38
31 62
71 79
31 64
44 59
31 35
45 57
6 83
44 57
72 95
56 57
43 48
59 82
5 22
2 4
6 68
2 91
18 32
61 62
57 88
61 97
9 97
38 70
56 61
30 75
45 77
42 52
4 68
35 97
14 52
0 90
33 51
21 57
20 22
61 96
57 96
36 43
2 30
14 63
1 41
45 59
26 57
37 70
0 49
30 96
62 97
32 57
35 90
14 86
42 76
36 41
6 59
6 11
57 86
64 83
81 87
2 96
35 79
50 81
44 88
10 61
43 62
16 34
13 21
15 40
19 54
51 58
71 91
3 58
2 57
36 72
48 80
35 83
6 70
60 66
16 66
10 56
31 43
5 70
32 50
10 14
3 73
2 67
51 79
33 87
18 50
31 50
39 59
68 91
5 75
61 79
31 33
18 96
38 56
26 52
61 87
47 95
5 96
3 8
5 53
7 90
31 52
7 25
14 35
22 66
63 67
38 92
10 52
33 52
45 56
15 36
31 61
31 59
35 61
56 96
21 90
18 91
67 97
19 81
48 57
5 35
53 82
47 58
44 90
43 61
31 77
17 66
2 53
14 96
22 85
44 75
26 77
52 96
26 63
32 69
32 75
35 66
51 71
26 44
53 57
55 76
53 75
20 63
6 52
35 50
14 67
27 59
28 59
23 79
2 97
18 97
35 96
50 64
22 84
67 70
45 61
16 51
53 61
10 25
83 96
67 75
14 97
10 62
70 72
15 75
13 94
82 97
24 44
78 86
33 67
5 24
0 21
17 69
2 81
25 29
33 80
14 81
2 61
78 97
67 84
24 68
61 78
17 21
9 83
40 57
52 67
57 77
36 96
32 53
7 27
6 84
0 97
56 67
43 95
56 83
9 45
9 62
0 98
9 63
5 40
86 87
61 88
0 17
38 96
45 83
23 70
48 70
35 57
65 68
6 87
63 69
15 55
9 33
44 82
14 38
5 76
4 95
2 90
25 51
18 54
18 61
10 81
87 96
4 31
52 57
57 61
83 91
57 67
18 52
33 73
66 86
