42 91
2 5
14 43
72 87
57 59
3 48
63 92
17 84
25 97
18 31
25 83
38 83
57 69
56 59
2 61
6 23
40 96
5 39
61 96
45 72
17 41
25 54
45 62
9 16
53 61
58 75
5 34
14 76
45 57
36 97
38 61
9 22
56 96
31 67
35 96
33 38
90 96
69 77
6 31
5 20
40 75
14 86
18 49
10 97
62 87
6 29
22 94
45 67
57 63
31 62
35 71
1 67
31 48
5 18
2 83
53 84
48 98
36 73
16 34
33 87
10 50
14 52
10 52
33 57
30 80
26 95
61 70
57 65
56 57
59 82
1 32
0 55
50 86
30 73
33 51
45 97
23 56
5 86
52 91
36 59
48 72
9 59
40 67
19 91
68 86
13 95
10 67
64 84
9 26
69 96
14 67
57 83
0 95
61 91
11 50
61 88
56 67
1 55
31 97
79 82
84 86
43 50
41 70
44 73
64 77
10 78
38 98
21 41
20 75
55 80
38 57
71 84
40 68
30 83
57 75
20 84
40 56
78 91
18 68
31 53
1 47
4 31
80 81
35 56
53 79
6 48
45 82
36 86
10 40
40 88
0 71
20 81
2 96
24 33
95 96
38 75
10 59
17 54
42 58
6 10
31 83
2 70
38 90
30 76
51 90
43 52
56 61
51 63
0 81
47 51
13 60
32 83
35 67
18 95
14 87
14 38
31 98
9 92
4 27
67 97
7 9
24 79
37 66
20 62
33 83
96 97
72 83
21 49
18 94
52 61
52 57
10 61
42 75
47 61
23 25
23 44
33 50
15 30
24 83
51 88
54 76
20 25
52 53
21 90
5 70
5 63
6 58
18 97
36 54
4 32
78 88
33 48
19 49
15 85
19 61
66 82
52 62
62 75
31 45
33 44
79 84
10 68
73 88
51 95
71 87
2 31
1 95
19 97
78 92
50 91
33 35
38 87
86 87
38 53
72 96
87 96
17 81
67 82
32 42
48 97
62 67
14 44
76 97
48 53
38 44
0 72
42 50
44 92
14 48
0 2
24 43
21 44
48 70
67 69
48 52
18 66
52 67
75 88
35 90
52 96
2 18
10 63
11 84
52 56
44 58
57 82
2 81
73 77
14 51
32 61
29 49
63 88
22 91
22 97
35 68
1 96
5 32
43 91
62 96
83 97
4 59
35 52
45 48
64 71
14 61
35 57
2 35
48 55
52 70
7 34
43 49
50 54
9 56
17 36
70 95
31 96
35 58
66 75
96 98
35 72
9 10
14 57
33 62
50 61
57 84
91 95
59 65
27 85
33 82
83 95
35 51
33 55
35 83
2 45
10 53
6 15
70 96
22 42
6 56
40 82
56 70
30 44
63 83
14 73
37 78
45 79
31 61
25 86
77 96
50 57
55 66
61 67
3 53
19 26
14 62
62 71
2 57
44 69
18 45
76 98
24 35
38 50
44 53
57 67
9 73
0 45
62 70
5 72
45 61
26 50
49 50
26 92
59 72
31 57
3 76
10 56
16 24
42 64
21 57
68 87
15 59
31 63
6 88
88 91
19 62
8 41
2 6
70 91
45 63
2 51
61 97
10 13
15 90
18 57
0 64
79 96
51 77
16 67
4 81
5 33
2 87
62 82
10 57
31 56
53 63
9 13
33 61
14 18
32 63
2 67
57 68
28 70
41 67
56 69
77 94
18 44
52 97
50 60
43 80
4 85
5 97
5 35
60 71
91 97
7 77
19 25
33 79
32 53
26 72
22 36
59 66
4 75
35 63
61 87
56 60
32 50
56 83
2 52
2 63
1 43
52 63
66 97
18 62
57 61
21 53
18 70
82 97
25 68
81 91
