61 63
6 56
53 84
0 80
49 61
4 5
30 76
62 67
61 96
40 95
80 81
29 42
57 64
0 40
2 61
35 71
68 72
23 71
5 64
66 77
79 95
82 95
44 82
33 43
62 80
57 68
19 24
23 85
45 57
50 79
31 45
5 56
61 62
10 67
35 97
57 83
70 84
71 80
37 56
24 76
49 72
10 79
22 24
5 95
36 81
14 62
72 87
37 76
19 42
2 36
0 36
57 97
2 44
83 96
18 43
4 69
50 97
24 78
20 57
18 34
4 52
18 90
35 50
18 32
33 35
14 72
55 87
66 83
42 82
2 7
54 78
78 82
30 63
10 86
22 92
60 91
38 53
2 84
63 96
21 30
57 62
14 18
9 66
0 43
33 53
5 67
25 90
50 56
17 31
75 86
10 31
9 61
31 62
20 32
17 53
0 83
26 51
67 84
50 96
48 59
6 15
10 57
64 94
33 63
4 79
32 33
32 91
6 25
42 94
29 59
9 36
38 59
2 97
14 56
21 71
18 70
26 48
52 70
17 73
33 83
31 96
4 59
61 86
52 96
6 91
57 91
14 96
8 48
45 92
47 87
18 63
45 91
63 83
52 66
7 75
48 50
61 72
10 68
33 97
41 55
35 59
14 60
14 63
48 71
30 95
2 52
35 47
64 66
44 97
10 52
67 83
81 88
2 43
53 88
65 81
10 61
58 83
9 57
27 85
88 90
40 57
10 48
9 38
57 59
10 44
96 97
57 87
49 97
5 96
59 96
32 67
22 38
38 87
19 97
0 71
4 87
51 55
2 70
31 57
41 50
79 87
81 95
26 75
61 97
35 95
31 88
21 55
19 57
5 69
9 10
61 82
6 59
32 90
19 88
11 68
56 63
59 95
2 96
25 97
17 21
30 55
3 25
15 54
51 67
2 19
48 91
44 63
11 62
22 49
3 17
48 83
26 33
45 50
43 86
16 70
56 57
1 87
31 56
52 86
75 97
52 77
67 70
45 67
6 75
18 20
23 88
31 33
31 95
7 9
2 66
10 83
51 73
13 52
40 53
65 84
14 15
53 63
2 62
62 73
45 72
54 86
75 82
35 70
18 53
32 38
77 82
53 83
43 70
55 98
35 67
1 40
40 70
83 90
44 72
24 25
5 91
13 47
72 73
41 84
44 83
58 70
83 97
16 75
61 98
6 62
52 57
21 27
41 98
60 73
14 35
5 10
48 70
38 64
67 73
44 54
33 96
9 58
1 34
52 53
1 75
14 54
38 67
51 91
60 69
63 97
13 41
35 45
31 44
63 69
38 97
35 62
45 83
30 32
22 58
26 52
22 44
14 82
33 44
10 50
0 77
35 61
50 62
36 70
20 68
77 84
38 57
6 26
86 91
82 91
50 67
2 75
61 67
44 53
49 92
48 52
79 92
0 85
88 97
16 59
14 61
57 67
56 62
16 87
18 45
2 57
14 51
42 56
62 96
76 78
34 92
33 45
31 87
36 76
25 61
56 97
56 73
10 18
5 84
62 95
25 57
76 97
56 91
6 88
31 43
45 96
50 59
33 88
50 53
91 97
18 56
1 3
28 90
21 69
2 35
40 75
14 69
4 48
36 77
45 61
33 48
57 96
81 87
42 61
9 15
52 68
18 31
40 63
68 98
50 57
52 61
31 51
31 72
18 52
13 20
2 63
38 48
51 78
25 70
39 61
5 53
5 49
18 35
35 96
58 84
45 77
32 86
23 82
24 33
20 38
96 98
67 91
9 50
10 96
56 67
19 94
66 67
33 52
56 71
5 35
1 2
1 79
51 61
56 96
57 61
6 43
31 42
51 68
14 81
15 72
