10 75
49 67
1 72
63 84
82 88
24 86
72 82
50 57
48 50
10 62
53 64
23 57
17 83
2 56
24 68
21 73
56 83
18 75
52 56
70 96
38 98
22 54
11 76
19 79
5 18
24 58
84 86
22 71
53 96
33 73
49 59
18 97
32 42
52 84
61 96
5 61
10 30
48 97
20 42
52 67
66 77
14 31
56 76
31 98
61 84
0 4
62 94
51 80
16 80
31 57
33 88
57 97
31 87
9 53
34 80
35 53
44 61
16 24
32 52
44 95
94 96
14 67
10 40
21 25
53 58
31 62
10 91
57 83
36 77
2 29
6 92
26 57
9 56
2 59
31 91
31 96
5 22
10 48
9 58
54 82
70 98
52 59
45 51
5 87
25 53
68 97
44 96
40 97
51 91
15 52
57 88
35 43
2 21
73 81
52 53
48 67
72 90
56 62
9 75
19 82
6 88
55 63
2 14
83 87
18 52
57 67
5 50
33 50
33 44
6 62
71 96
52 71
2 33
0 78
70 73
55 90
13 40
6 52
38 65
13 34
18 61
30 34
0 98
53 81
33 96
31 97
55 75
5 88
62 75
21 84
40 62
49 69
50 52
1 87
61 87
79 95
20 53
32 75
14 56
57 87
24 67
51 95
38 61
0 87
51 90
52 62
45 57
45 48
47 67
10 45
31 44
58 67
88 91
35 61
35 63
25 92
27 69
18 98
50 56
43 67
8 32
22 40
2 67
2 69
48 63
96 97
56 97
48 78
81 92
59 86
18 66
60 84
26 38
23 36
43 44
13 70
20 49
38 78
11 75
14 35
51 61
66 96
0 2
54 73
35 52
48 73
42 85
33 38
10 63
32 78
41 66
15 64
36 83
45 90
17 41
45 56
56 57
53 77
7 21
6 57
19 36
18 91
70 83
26 31
70 87
49 95
38 54
6 97
7 44
47 81
19 76
22 50
30 84
5 45
61 97
1 83
2 66
47 95
56 91
19 37
4 23
14 57
56 96
15 69
33 52
61 62
38 51
72 78
18 70
14 61
14 45
5 91
39 43
13 94
36 70
35 42
54 91
6 10
58 65
6 82
25 48
5 59
30 97
3 69
32 43
36 48
49 86
68 95
16 97
5 25
32 88
33 61
2 82
26 96
2 44
5 35
63 96
10 97
33 77
60 79
52 72
4 15
64 82
50 96
1 40
23 30
16 30
2 4
22 87
60 61
61 70
52 57
18 20
9 77
18 41
36 76
0 66
10 35
7 82
9 57
31 48
17 95
53 56
15 55
45 63
21 63
28 67
33 57
81 96
50 84
37 40
67 97
59 88
68 91
64 76
55 73
18 45
50 68
2 84
10 61
33 71
50 91
9 67
50 75
35 51
6 9
6 43
4 27
63 83
55 85
91 95
31 63
31 79
52 61
10 83
44 67
80 87
14 72
42 56
57 62
25 33
5 19
9 62
35 96
1 86
29 43
5 86
17 90
17 76
42 44
68 81
35 97
53 61
3 24
44 83
41 75
31 45
32 59
14 63
57 95
14 96
9 38
42 64
18 82
43 51
62 83
48 71
59 97
32 63
63 77
10 87
35 79
19 25
31 33
35 86
14 62
31 56
1 69
2 96
18 56
57 96
61 67
1 59
38 70
2 10
2 97
67 72
57 59
68 70
91 92
71 83
45 61
50 62
35 38
20 85
45 75
26 88
50 60
26 67
70 97
57 63
67 83
0 10
61 95
3 4
72 77
4 57
14 59
14 51
72 83
66 79
35 57
33 92
25 81
62 90
41 48
72 79
18 35
31 71
0 14
50 86
44 68
83 91
57 61
40 70
53 97
20 82
2 38
33 45
