53 55
24 53
51 58
57 62
17 40
20 95
31 38
48 50
22 59
34 80
58 94
13 82
48 84
18 33
1 50
37 75
44 73
75 81
18 57
23 30
32 48
6 66
75 83
9 26
21 80
72 83
14 31
22 37
35 87
22 96
26 55
62 95
33 91
70 91
61 96
59 66
4 52
2 14
6 31
52 91
29 51
50 95
33 95
42 54
31 75
67 95
38 70
56 73
40 88
31 57
1 87
57 97
58 67
35 73
18 44
45 52
31 97
6 38
70 97
0 81
51 52
14 67
83 97
66 88
32 85
70 87
1 17
10 57
61 91
50 92
0 44
34 69
44 83
56 97
57 91
42 50
7 70
26 94
2 43
36 45
5 33
18 98
14 84
36 71
18 83
38 97
44 70
32 71
52 68
67 88
14 52
61 68
11 70
51 57
78 79
35 50
44 88
21 42
86 97
15 36
9 25
76 84
16 27
33 61
33 36
2 31
50 67
25 75
21 56
18 95
30 48
15 60
14 43
10 45
63 96
50 51
35 70
15 72
19 96
10 77
45 84
24 68
45 51
54 98
67 82
86 96
35 61
49 84
0 78
18 61
55 95
52 64
60 71
33 97
13 23
9 87
8 87
42 43
9 40
2 91
43 48
36 57
2 83
5 67
40 54
35 67
45 57
35 83
38 63
33 57
90 95
44 96
59 82
10 27
52 83
21 82
51 63
6 53
53 61
9 61
14 57
2 18
5 97
67 97
2 52
31 61
14 35
2 82
49 63
13 71
50 59
48 63
84 96
50 62
30 33
18 67
2 62
24 98
19 56
59 77
57 83
36 92
6 41
59 85
56 77
67 91
44 61
26 43
72 79
35 57
44 95
21 65
24 45
5 53
31 62
25 48
56 57
10 56
63 91
45 62
83 84
5 80
6 14
10 86
32 92
64 79
20 38
67 73
1 19
4 50
62 76
2 96
48 52
52 75
61 97
53 57
18 96
9 90
35 72
48 61
72 86
13 92
47 57
45 63
72 85
10 97
5 62
50 76
25 97
21 61
2 41
9 33
2 6
25 45
16 57
4 87
2 56
68 77
32 61
52 97
40 67
0 87
33 73
41 42
31 50
20 31
4 86
79 83
14 91
20 87
0 38
22 55
14 38
20 83
9 59
75 97
35 97
5 61
48 53
39 91
35 47
22 71
70 88
45 97
53 80
25 53
6 70
48 72
62 86
10 96
41 88
52 57
81 96
2 90
56 72
70 77
14 69
5 77
81 94
65 75
10 95
19 51
38 88
10 44
83 87
1 25
2 79
54 58
56 91
10 69
42 78
24 49
57 77
61 69
16 59
38 49
61 84
73 78
31 96
31 36
75 96
52 70
22 47
35 96
35 82
48 55
14 76
11 82
26 63
45 53
62 68
26 70
10 34
2 84
1 56
0 4
17 29
5 45
66 90
4 32
41 78
62 83
53 97
6 32
59 67
63 69
19 53
40 90
19 71
79 91
5 23
2 57
50 75
19 86
2 38
3 68
56 68
61 87
66 87
67 96
5 35
40 76
14 48
52 56
88 96
7 73
57 59
1 30
56 96
64 71
9 16
58 81
33 62
9 63
5 83
18 56
44 67
0 67
31 67
6 33
57 96
92 98
43 50
44 52
25 64
45 66
82 91
10 18
15 18
32 60
17 79
18 31
51 69
56 61
17 56
49 64
42 66
49 90
55 82
68 81
57 63
62 96
20 72
30 60
18 86
33 88
10 24
4 40
32 62
3 43
38 61
30 35
59 63
31 52
15 76
5 63
33 53
7 23
10 31
3 54
35 62
28 63
51 98
57 61
10 61
14 33
0 97
43 82
72 81
