0 43
0 48
8 24
34 51
0 17
0 35
3 32
5 37
9 45
1 30
1 43
1 48
35 49
1 50
1 41
1 52
1 54
13 28
14 35
29 51
1 12
22 23
1 2
1 9
21 41
1 18
1 27
18 35
11 56
1 32
2 32
49 54
9 34
11 35
2 43
28 29
6 39
29 33
29 48
46 50
21 55
8 48
11 33
9 41
0 10
3 43
2 27
6 34
44 45
49 55
20 39
3 54
11 29
8 18
26 48
20 30
52 56
4 32
11 39
24 39
31 36
3 30
3 9
4 43
11 45
4 16
35 41
11 52
14 50
52 55
6 13
9 51
8 44
3 50
27 46
1 11
3 36
10 20
32 46
24 28
6 43
9 55
23 52
10 48
50 55
27 34
4 8
7 33
1 55
21 50
8 27
10 55
29 49
7 43
7 54
13 32
8 43
18 51
1 49
1 46
16 35
32 36
20 24
6 14
29 56
4 55
33 49
21 36
41 48
13 36
21 32
9 43
9 48
2 35
9 50
9 52
9 54
12 55
4 50
9 24
27 50
9 12
9 17
36 49
9 18
9 35
19 25
24 33
14 32
9 32
21 54
4 39
6 41
24 56
21 48
30 50
10 43
20 33
6 49
4 9
10 24
10 12
10 36
10 35
17 51
8 20
9 30
9 16
11 13
11 48
3 24
3 55
35 46
32 51
4 30
2 34
36 55
21 35
11 27
9 20
13 16
6 55
21 49
28 54
12 39
29 52
12 41
12 43
35 39
12 50
12 51
12 52
12 54
12 20
12 24
12 18
12 35
12 27
12 32
5 48
12 30
30 35
13 43
28 49
36 51
1 14
0 34
21 28
31 53
49 50
14 43
9 39
20 44
3 12
20 45
16 43
27 49
36 50
20 56
30 39
17 43
20 50
17 50
8 13
17 24
17 35
17 32
18 39
33 38
18 41
18 43
18 48
1 4
41 44
18 50
3 16
18 52
18 54
18 20
28 55
18 24
18 27
18 32
18 30
11 32
25 38
4 29
2 21
10 27
20 43
21 27
20 52
20 54
13 48
4 18
20 27
1 21
3 18
3 56
21 24
30 49
4 36
4 48
21 43
41 46
11 23
39 50
27 32
17 55
22 32
33 55
23 50
29 45
10 46
33 44
6 12
23 43
33 36
46 48
1 13
23 35
32 33
0 8
45 50
24 43
24 48
11 50
24 50
24 51
24 52
24 54
24 27
33 56
24 32
4 35
30 41
32 55
28 48
27 39
1 8
27 41
27 43
27 48
11 46
27 55
0 9
27 52
27 54
27 35
34 50
35 36
28 35
27 30
27 36
28 43
8 9
11 34
12 46
2 24
29 43
1 51
29 54
2 36
3 52
6 33
10 56
6 9
3 10
17 56
24 30
19 38
30 43
10 41
30 52
30 54
36 54
34 45
10 32
1 16
28 50
32 43
32 48
16 39
32 50
9 36
32 52
32 54
32 35
34 36
30 55
13 35
33 43
11 43
2 48
27 33
51 54
35 56
4 27
34 43
18 36
14 39
11 41
43 55
35 43
35 48
29 32
24 36
35 50
35 51
6 18
35 54
2 18
51 52
11 12
36 48
27 56
3 34
25 37
46 53
46 55
10 50
39 43
2 9
32 56
1 28
39 52
39 54
40 47
14 26
20 51
3 35
41 43
41 51
41 52
41 54
43 44
43 45
43 46
43 48
43 49
43 56
43 50
43 51
43 52
43 54
0 11
11 21
44 54
8 35
39 53
5 22
9 28
48 55
48 50
7 32
48 52
48 54
13 29
4 54
8 21
33 52
50 52
50 54
6 27
52 54
9 33
