0 43
0 48
24 29
20 51
0 17
0 35
3 32
5 37
9 45
32 46
1 43
1 48
35 49
1 50
1 41
1 52
1 54
13 28
14 35
29 51
1 12
22 23
1 13
1 9
21 41
1 18
1 27
18 35
6 55
1 32
2 34
8 54
9 34
11 35
2 43
28 48
11 46
29 33
29 48
41 50
21 55
8 48
11 33
9 41
10 32
3 43
2 27
6 24
44 45
49 55
20 39
3 49
3 11
8 18
26 48
20 30
28 52
4 32
30 55
24 39
30 36
3 54
3 9
4 43
14 55
4 16
35 41
36 52
14 50
52 55
2 6
9 56
8 44
3 50
27 28
1 11
3 36
28 34
45 46
10 33
6 43
9 55
23 52
10 48
50 55
1 34
4 8
4 7
35 55
21 50
8 27
10 55
29 49
7 43
7 54
2 45
8 43
18 51
9 49
1 6
16 35
32 36
20 24
2 10
29 56
4 55
16 33
21 36
4 5
13 36
21 32
9 43
9 48
2 35
9 50
9 52
9 54
12 55
4 50
9 24
27 50
9 12
9 17
36 49
9 18
9 35
19 25
4 24
14 32
9 32
9 33
1 39
20 48
10 46
21 48
30 50
10 43
20 36
6 49
33 39
10 24
10 12
10 36
10 35
17 51
14 30
9 21
1 29
13 55
11 48
3 24
39 56
35 46
0 51
10 41
13 32
36 55
27 33
11 27
9 20
13 16
6 11
33 44
21 35
12 39
29 52
12 41
12 43
35 39
12 50
12 51
12 52
12 54
12 20
12 24
12 18
12 35
12 27
12 32
38 48
12 30
30 35
13 43
28 49
36 51
1 14
0 34
28 33
9 16
49 50
14 43
9 39
20 44
3 12
39 45
16 43
27 49
36 50
20 46
30 39
17 43
10 50
17 50
2 49
17 24
17 35
17 32
18 39
20 33
18 41
18 43
18 48
1 4
41 44
18 50
3 48
18 52
18 54
18 20
11 28
18 24
18 27
18 32
18 30
11 32
25 38
4 29
4 34
10 27
20 43
3 27
20 52
20 54
13 48
21 49
20 27
1 21
3 18
3 56
21 24
8 30
4 36
21 46
21 43
41 56
11 23
39 50
27 32
17 55
8 32
33 55
23 32
29 45
17 46
33 54
6 12
23 43
33 36
46 48
13 27
23 35
30 41
0 8
1 45
24 43
24 48
33 50
24 50
24 51
24 52
24 54
24 27
54 56
24 32
4 35
8 41
32 55
28 32
27 39
1 8
27 41
27 43
27 48
36 54
27 55
0 9
27 52
27 54
27 35
34 48
1 36
28 35
27 30
27 36
28 43
22 31
11 34
12 46
2 24
29 43
1 10
29 54
2 11
3 52
6 33
24 56
9 10
46 51
49 56
24 30
5 19
30 43
6 30
30 52
30 54
11 29
32 34
6 50
50 53
28 50
32 43
32 48
16 39
32 50
9 36
32 52
32 54
32 35
34 36
11 31
13 35
33 43
11 43
2 50
18 21
51 54
35 56
4 27
34 43
18 36
20 21
33 41
43 55
35 43
35 48
16 32
11 24
35 50
35 51
6 18
35 54
2 18
51 52
11 12
36 48
27 56
3 34
25 37
46 53
55 56
20 50
39 43
9 13
32 51
1 56
39 52
39 54
40 47
14 26
30 51
3 35
41 43
41 51
41 52
41 54
43 44
43 45
43 46
43 48
43 49
43 56
43 50
43 51
43 52
43 54
0 11
11 21
44 54
8 35
39 53
22 38
9 28
48 55
48 50
7 32
48 52
48 54
13 29
4 54
8 21
4 52
50 52
50 54
6 27
52 54
9 11
