0 43
0 48
52 55
2 35
0 17
0 35
3 50
0 49
4 48
28 52
1 43
1 48
8 46
1 50
34 51
1 52
1 54
11 13
14 35
10 18
1 12
5 48
2 27
1 9
3 54
1 18
1 27
4 20
17 56
1 32
17 36
4 49
13 24
11 35
2 43
2 28
19 53
7 21
8 30
32 56
21 35
21 55
54 55
6 35
19 22
3 43
9 14
6 39
34 45
8 48
30 32
10 41
32 39
46 51
26 36
14 32
1 8
6 16
21 30
24 28
10 54
13 21
11 46
4 43
10 55
30 46
2 50
1 16
2 29
1 36
1 2
7 32
8 18
3 46
11 36
4 24
3 24
28 30
29 35
4 32
6 43
11 28
13 50
32 51
35 55
3 28
0 32
36 46
11 23
3 16
24 33
34 56
9 20
7 43
7 54
20 21
8 43
18 51
34 48
6 34
13 32
32 55
11 50
4 34
1 55
11 33
11 30
27 33
18 21
29 36
32 33
9 43
9 48
13 27
9 50
9 52
9 54
6 48
20 35
9 24
27 32
9 12
9 17
22 33
9 18
9 35
46 48
8 24
14 34
9 32
4 12
1 6
36 41
1 56
8 21
12 56
10 43
24 39
8 29
29 54
10 24
10 12
30 50
10 35
4 36
14 39
9 41
12 36
35 45
11 48
16 29
20 39
27 28
10 36
0 55
27 49
2 9
1 21
11 27
2 34
1 30
49 56
30 44
33 35
12 39
11 52
12 41
12 43
3 39
12 50
12 51
12 52
12 54
12 20
12 24
12 18
12 35
12 27
12 32
41 48
12 30
35 39
13 43
10 17
9 11
39 50
28 50
24 46
8 27
36 50
14 43
20 24
2 11
10 30
20 30
16 43
6 49
12 28
32 45
6 27
17 43
8 32
17 50
18 23
17 24
17 35
17 32
18 39
24 41
18 41
18 43
18 48
22 26
39 41
18 50
45 50
18 52
18 54
18 20
27 51
18 24
18 27
18 32
18 30
11 32
50 51
1 3
48 49
10 48
20 43
36 43
20 52
20 54
13 52
6 33
20 27
21 27
4 35
4 29
35 41
1 49
4 55
9 51
21 43
3 9
35 46
3 49
29 50
30 41
3 10
4 52
33 44
20 53
33 52
33 50
13 48
23 43
33 36
3 36
1 13
23 35
9 56
20 46
18 56
24 43
24 48
34 55
24 50
24 51
24 52
24 54
24 27
27 56
24 32
25 31
29 46
9 55
39 55
27 39
29 52
27 41
27 43
27 48
2 8
27 55
3 18
27 52
27 54
27 35
50 55
9 34
28 54
27 30
27 36
28 43
11 14
21 32
50 56
13 36
29 43
9 49
28 35
4 11
33 55
46 55
36 51
6 32
1 51
21 48
1 39
13 55
30 43
21 29
30 52
30 54
16 50
1 45
6 9
3 32
33 54
32 43
32 48
21 50
32 50
9 36
32 52
32 54
32 35
10 49
25 38
34 35
33 43
11 24
9 10
10 20
0 51
20 29
49 54
34 43
21 36
5 31
23 53
11 43
35 43
35 48
21 54
4 50
35 50
35 51
9 25
35 54
11 29
12 55
33 45
36 48
0 2
33 56
35 49
5 38
3 20
9 27
39 43
4 27
41 44
11 49
39 52
39 54
40 47
9 23
41 50
3 55
41 43
4 8
41 52
41 54
43 44
43 45
43 46
43 48
43 49
43 56
43 50
43 51
43 52
43 54
14 41
18 36
44 54
8 44
37 48
38 56
6 51
48 55
48 50
16 41
48 52
48 54
28 55
16 44
39 51
35 52
50 52
50 54
37 45
52 54
9 33
