0 43
0 48
18 35
2 34
0 17
0 35
33 50
0 49
21 48
20 53
1 43
1 48
14 46
1 50
13 51
1 52
1 54
11 12
35 45
10 52
1 12
22 48
2 45
1 9
3 46
1 18
1 27
4 20
17 56
1 32
3 11
4 49
2 24
11 35
2 43
6 41
37 53
3 39
41 49
6 11
21 35
21 55
36 54
35 56
19 22
3 43
9 14
4 6
14 21
39 51
28 30
10 41
20 41
51 54
36 43
14 32
17 55
8 28
1 33
24 46
7 33
32 34
46 50
4 43
30 55
11 46
34 36
1 16
27 29
11 43
1 2
7 9
18 21
8 18
36 55
9 30
3 24
10 30
29 35
4 32
6 43
10 11
9 13
32 51
36 39
28 33
0 32
48 49
11 26
16 34
24 33
0 34
9 20
7 43
7 54
46 52
8 43
6 51
34 48
34 46
2 50
32 55
11 50
13 35
23 55
11 33
10 36
27 33
1 3
29 55
32 33
9 43
9 48
13 27
9 50
9 52
9 54
6 48
20 35
9 24
11 32
9 12
9 17
3 5
9 18
9 35
1 46
6 8
27 34
9 32
4 29
28 48
35 55
1 56
8 27
8 56
10 43
24 39
6 9
29 54
10 24
10 12
30 50
10 35
4 55
8 54
3 30
12 36
16 35
11 48
6 21
9 39
24 28
4 11
0 55
33 49
2 21
21 24
11 27
24 49
1 41
13 49
30 44
4 16
12 39
36 52
12 41
12 43
3 20
12 50
12 51
12 52
12 54
12 20
12 24
12 18
12 35
12 27
12 32
20 44
12 30
35 39
13 43
6 10
9 27
29 41
55 56
27 28
8 13
36 50
14 43
20 24
2 11
10 17
30 35
16 43
12 46
28 29
16 37
2 6
17 43
30 45
17 50
18 23
17 24
17 35
17 32
18 39
24 41
18 41
18 43
18 48
22 31
32 39
18 50
41 45
18 52
18 54
18 20
27 51
18 24
18 27
18 32
18 30
32 36
50 51
4 52
49 52
10 48
20 43
1 11
20 52
20 54
13 36
28 50
20 27
21 29
8 33
33 54
20 30
1 49
33 55
9 51
21 43
3 9
35 46
21 27
29 50
32 41
3 35
12 21
4 27
20 50
13 33
4 50
13 48
23 43
4 18
3 36
1 13
23 35
39 48
20 51
18 56
24 43
24 48
34 50
24 50
24 51
24 52
24 54
24 27
27 56
24 32
25 26
8 49
9 55
11 39
27 39
8 48
27 41
27 43
27 48
2 52
27 55
3 50
27 52
27 54
27 35
50 55
9 34
8 32
27 30
27 36
28 43
14 55
21 32
10 50
10 18
29 43
1 29
28 35
4 36
3 55
46 54
51 55
28 32
1 51
3 48
1 30
2 36
30 43
21 52
30 52
30 54
14 50
1 45
6 12
3 32
4 54
32 43
32 48
10 21
32 50
8 11
32 52
32 54
32 35
10 29
25 38
34 35
33 43
2 56
32 56
9 56
0 51
29 32
20 39
34 43
28 55
5 31
23 38
11 28
35 43
35 48
21 54
27 32
35 50
35 51
9 25
35 54
11 24
13 55
29 33
36 48
27 46
3 44
35 49
5 38
33 41
23 50
39 43
53 56
30 41
44 49
39 52
39 54
40 47
4 9
6 39
9 36
41 43
4 35
41 52
41 54
43 44
43 45
43 46
43 48
43 49
43 56
43 50
43 51
43 52
43 54
14 41
18 36
44 54
8 36
19 48
39 56
45 49
48 55
48 50
16 50
48 52
48 54
1 36
16 44
21 36
11 52
50 52
50 54
9 45
52 54
9 33
