0 43
0 48
18 35
1 3
0 17
0 35
9 16
1 29
3 18
6 32
1 43
1 48
30 39
1 50
50 51
1 52
1 54
28 55
35 45
39 49
1 12
22 53
32 55
1 9
33 50
1 18
1 27
10 30
6 50
1 32
3 55
12 33
2 35
11 20
2 43
24 41
26 38
3 48
4 49
11 21
6 30
3 54
36 46
33 48
4 22
3 43
9 45
27 56
48 56
2 36
36 39
51 54
21 29
17 51
11 28
9 14
11 12
29 55
21 27
52 56
24 28
4 29
54 56
4 43
30 32
11 46
23 36
1 14
2 50
9 28
13 27
14 39
4 18
29 35
11 18
27 29
2 33
10 36
3 49
20 51
6 43
30 33
3 9
3 24
23 32
28 48
10 46
41 56
2 11
30 55
21 28
2 13
9 51
7 43
7 54
0 2
8 43
30 50
13 35
1 36
9 13
4 11
11 50
32 34
24 39
1 56
8 32
8 24
14 30
13 51
9 55
9 43
9 48
1 2
9 50
9 52
9 54
35 56
39 44
9 24
32 36
9 12
9 17
2 48
9 18
9 35
3 46
11 52
13 24
9 32
24 33
24 36
33 56
28 50
46 49
9 29
10 43
1 41
0 50
8 29
10 24
10 12
46 52
10 35
9 10
34 49
4 41
11 43
1 21
11 48
4 45
32 51
36 49
0 11
10 11
12 46
21 30
49 54
11 27
8 35
38 48
8 52
20 50
33 46
12 39
6 29
12 41
12 43
18 34
12 50
12 51
12 52
12 54
12 20
12 24
12 18
12 35
12 27
12 32
19 53
12 30
20 39
13 43
6 9
29 48
20 35
33 55
1 8
34 48
4 36
14 43
20 24
11 34
10 39
20 30
16 43
12 28
1 6
13 16
27 28
17 43
14 46
17 50
18 33
17 24
17 35
17 32
18 39
39 41
18 41
18 43
18 48
3 34
9 39
18 50
9 41
18 52
18 54
18 20
10 27
18 24
18 27
18 32
18 30
10 48
4 32
36 55
8 20
21 52
20 43
12 36
20 52
20 54
33 36
1 13
20 27
44 49
11 26
25 37
41 44
48 49
11 33
10 52
21 43
2 29
5 6
20 32
29 51
7 50
21 24
9 21
4 9
4 27
11 49
3 41
10 55
23 43
3 27
3 36
6 34
23 35
0 10
35 36
8 28
24 43
24 48
29 50
24 50
24 51
24 52
24 54
24 27
27 46
24 32
9 27
55 56
9 36
5 23
27 39
6 49
27 41
27 43
27 48
25 31
27 55
3 35
27 52
27 54
27 35
36 50
9 33
13 56
27 30
27 36
28 43
16 44
21 32
20 21
36 54
29 43
27 32
35 46
21 36
4 8
6 17
51 52
8 18
6 20
1 51
8 54
2 27
30 43
21 35
30 52
30 54
35 55
31 45
17 55
10 28
35 41
32 43
32 48
4 54
32 50
34 55
32 52
32 54
32 35
20 45
35 39
13 32
33 43
21 44
6 24
43 55
41 48
16 50
14 32
34 43
1 30
13 55
19 25
39 56
35 43
35 48
33 54
22 50
35 50
35 51
3 7
35 54
41 50
28 35
3 32
36 48
4 35
4 51
16 49
5 38
0 49
18 23
39 43
50 55
30 51
4 16
39 52
39 54
40 47
21 50
41 53
11 32
41 43
34 50
41 52
41 54
43 44
43 45
43 46
43 48
43 49
43 56
43 50
43 51
43 52
43 54
14 34
11 45
44 54
32 33
37 48
8 33
1 45
48 55
48 50
34 56
48 52
48 54
1 55
16 35
21 55
52 55
50 52
50 54
8 27
52 54
32 46
