0 43
0 48
51 52
8 48
0 17
0 35
23 53
21 48
11 21
25 50
1 43
1 48
30 39
1 50
10 30
1 52
1 54
6 36
35 45
35 55
1 12
32 51
11 32
1 9
29 33
1 18
1 27
14 55
6 35
1 32
36 56
34 49
39 46
1 55
2 43
35 41
5 19
4 32
4 7
46 52
18 28
3 54
27 28
9 33
33 50
3 43
16 21
24 56
13 28
11 24
20 50
49 51
35 49
10 17
3 11
1 14
12 55
23 55
21 27
11 54
27 46
33 56
32 56
4 43
10 55
11 30
29 36
1 45
16 33
4 24
27 34
4 6
18 33
1 8
18 55
29 35
9 13
10 11
29 52
32 55
6 43
3 51
9 27
34 35
6 9
35 46
41 56
24 39
13 36
20 24
3 24
2 34
9 51
7 43
7 54
0 2
8 43
41 50
2 35
11 28
13 32
4 36
50 55
3 9
24 30
28 35
30 32
6 51
45 50
9 34
9 55
9 43
9 48
1 2
9 50
9 52
9 54
49 56
20 32
9 24
14 39
9 12
9 17
13 50
9 18
9 35
2 11
18 36
2 8
9 32
24 33
11 52
21 44
28 48
24 29
3 8
10 43
33 49
0 32
29 45
10 24
10 12
10 39
10 35
28 32
13 51
41 46
43 55
1 3
11 48
12 21
32 36
49 55
0 11
0 10
2 27
35 39
8 36
11 27
36 39
20 22
49 54
16 44
1 6
12 39
12 28
12 41
12 43
1 41
12 50
12 51
12 52
12 54
12 20
12 24
12 18
12 35
12 27
12 32
20 35
12 30
20 41
13 43
50 56
27 29
21 41
11 33
27 49
2 48
34 36
14 43
33 34
13 56
20 28
20 44
16 43
2 28
4 41
34 48
12 46
17 43
14 31
17 50
21 55
17 24
17 35
17 32
18 39
20 39
18 41
18 43
18 48
3 48
9 20
18 50
30 44
18 52
18 54
18 20
27 51
18 24
18 27
18 32
18 30
9 10
4 50
8 50
6 17
4 11
20 43
36 43
20 52
20 54
33 36
1 13
20 27
29 44
1 11
5 37
30 41
8 32
4 8
18 35
21 43
28 51
53 56
3 39
11 51
7 50
4 54
3 35
4 9
33 35
3 28
20 51
10 48
23 43
11 34
3 36
6 24
23 35
10 54
6 11
23 50
24 43
24 48
9 16
24 50
24 51
24 52
24 54
24 27
6 27
24 32
27 50
21 49
9 36
22 38
27 39
48 49
27 41
27 43
27 48
26 48
27 55
4 35
27 52
27 54
27 35
3 50
9 21
13 52
27 30
27 36
28 43
26 55
21 32
18 21
36 50
29 43
2 32
1 46
21 36
1 33
6 32
23 52
1 29
1 39
1 51
3 49
2 24
30 43
3 27
30 52
30 54
46 55
9 30
36 55
4 13
32 49
32 43
32 48
6 33
32 50
46 49
32 52
32 54
32 35
34 45
8 54
14 56
33 43
21 54
29 46
11 12
41 45
16 50
39 45
34 43
29 30
13 55
19 53
30 48
35 43
35 48
4 27
9 14
35 50
35 51
21 38
35 54
3 41
48 56
33 52
36 48
4 18
16 32
10 50
5 22
8 18
10 52
39 43
35 36
30 50
10 20
39 52
39 54
40 47
25 31
38 48
9 11
41 43
46 54
41 52
41 54
43 44
43 45
43 46
43 48
43 49
43 56
43 50
43 51
43 52
43 54
14 34
8 41
44 54
32 33
25 37
0 29
21 39
48 55
48 50
8 56
48 52
48 54
30 36
16 35
4 55
17 55
50 52
50 54
8 29
52 54
9 46
