0 43
0 48
51 52
8 48
0 17
0 35
23 53
4 48
11 21
22 32
1 43
1 48
50 56
1 50
20 35
1 52
1 54
6 36
2 35
11 35
1 12
10 32
11 32
1 9
29 33
1 18
1 27
20 55
6 35
1 32
36 56
29 49
14 46
1 55
2 43
41 51
5 19
4 32
4 29
18 46
28 48
3 54
27 28
9 33
33 50
3 43
36 39
24 56
28 34
11 24
20 50
29 51
8 35
1 10
3 11
1 14
12 55
23 55
27 33
11 54
27 46
28 33
9 56
4 43
10 55
30 55
29 36
1 45
16 33
4 24
27 34
6 29
18 21
1 8
11 18
29 48
9 13
10 11
49 52
32 55
6 43
3 18
9 27
13 35
9 55
35 46
39 41
24 39
13 36
9 41
21 24
2 34
9 51
7 43
7 54
0 34
8 43
8 11
34 45
36 55
13 32
4 36
45 50
0 9
24 30
28 30
27 32
6 51
21 50
0 8
9 11
9 43
9 48
1 2
9 50
9 52
9 54
49 56
9 20
9 24
14 39
9 12
9 17
13 50
9 18
9 35
48 51
18 36
13 49
9 32
24 33
11 52
33 44
28 32
8 24
3 8
10 43
33 49
3 32
16 49
10 24
10 12
10 41
10 35
32 41
11 13
30 46
43 55
1 4
11 48
21 39
32 36
28 49
0 11
0 10
2 27
35 39
8 36
11 27
39 51
20 22
49 54
2 16
1 6
12 39
28 39
12 41
12 43
1 41
12 50
12 51
12 52
12 54
12 20
12 24
12 18
12 35
12 27
12 32
35 41
12 30
20 30
13 43
55 56
27 29
12 33
11 33
27 49
2 48
2 36
14 43
8 21
34 56
20 46
20 44
16 43
2 56
3 41
13 48
12 46
17 43
14 31
17 50
3 55
17 24
17 35
17 32
18 39
30 39
18 41
18 43
18 48
3 48
20 24
18 50
41 44
18 52
18 54
18 20
27 51
18 24
18 27
18 32
18 30
7 9
4 50
8 50
6 17
4 11
20 43
36 43
20 52
20 54
33 36
1 34
20 27
29 44
11 14
5 48
30 41
23 32
4 34
18 35
21 43
1 28
46 53
3 39
51 55
10 50
4 54
33 35
4 9
21 35
3 38
1 36
10 34
23 43
2 55
3 36
6 24
23 35
10 54
6 11
11 50
24 43
24 48
9 16
24 50
24 51
24 52
24 54
24 27
6 27
24 32
3 30
21 29
9 36
25 38
27 39
29 35
27 41
27 43
27 48
5 26
27 55
4 35
27 52
27 54
27 35
3 50
21 32
8 13
27 30
27 36
28 43
26 55
3 51
9 46
36 50
29 43
2 32
51 56
21 36
1 33
32 56
23 52
3 7
1 39
10 17
1 49
2 24
30 43
21 27
30 52
30 54
46 55
9 30
4 28
13 21
49 50
32 43
32 48
21 56
32 50
6 49
32 52
32 54
32 35
14 44
8 54
6 12
33 43
21 54
28 50
11 12
41 45
16 50
14 33
34 43
29 30
13 55
19 48
30 48
35 43
35 48
4 27
32 45
35 50
35 51
21 28
35 54
41 50
6 18
3 20
36 48
4 18
16 32
50 51
22 53
8 52
10 52
39 43
35 36
39 50
10 20
39 52
39 54
40 47
25 31
37 38
9 34
41 43
46 54
41 52
41 54
43 44
43 45
43 46
43 48
43 49
43 56
43 50
43 51
43 52
43 54
35 45
30 49
44 54
32 33
25 37
9 29
21 52
48 55
48 50
35 56
48 52
48 54
20 45
16 35
4 55
17 55
50 52
50 54
34 52
52 54
46 48
