0 43
0 48
18 46
36 49
0 17
0 35
31 38
4 13
29 33
2 48
1 43
1 48
0 9
1 50
30 44
1 52
1 54
18 55
2 35
35 36
1 12
10 18
11 55
1 9
3 32
1 18
1 27
12 46
3 52
1 32
4 55
22 37
28 29
24 36
2 43
1 41
16 37
4 32
4 36
1 6
28 30
6 24
1 56
13 50
33 50
3 43
10 28
10 56
32 34
3 11
17 55
46 55
14 32
1 10
4 18
27 56
1 11
1 55
6 33
11 32
29 46
33 55
29 36
4 43
44 45
11 39
6 21
17 46
1 16
21 24
34 52
35 46
33 48
1 8
10 11
2 21
16 41
32 55
33 46
50 55
6 43
6 22
9 27
8 50
7 32
20 51
8 41
8 16
45 50
30 41
3 24
2 13
9 45
7 43
7 54
29 48
8 43
9 39
0 49
11 35
13 56
3 36
29 50
9 53
24 30
3 9
16 32
2 6
8 9
27 29
13 55
9 43
9 48
1 34
9 50
9 52
9 54
27 49
20 36
9 24
13 35
9 12
9 17
39 56
9 18
9 35
48 51
55 56
23 36
9 32
24 33
22 25
32 46
29 34
14 34
1 33
10 43
20 50
4 9
25 31
10 24
10 12
16 20
10 35
9 36
34 36
21 27
11 52
35 39
11 48
1 20
9 55
12 55
8 48
1 49
13 46
14 39
36 56
11 27
34 48
21 50
4 12
34 45
8 52
12 39
6 39
12 41
12 43
9 30
12 50
12 51
12 52
12 54
12 20
12 24
12 18
12 35
12 27
12 32
3 55
12 30
30 48
13 43
28 50
29 44
4 28
20 44
21 29
3 20
36 54
14 43
13 49
18 49
46 54
32 41
16 43
6 14
21 52
13 36
6 27
17 43
6 50
17 50
35 56
17 24
17 35
17 32
18 39
10 30
18 41
18 43
18 48
18 21
20 24
18 50
11 33
18 52
18 54
18 20
0 51
18 24
18 27
18 32
18 30
9 51
24 34
41 51
39 53
0 36
20 43
8 11
20 52
20 54
20 35
2 9
20 27
8 49
32 51
27 28
20 41
43 55
45 55
18 23
21 43
50 56
5 48
24 46
11 51
33 49
20 30
33 35
24 49
4 35
33 54
11 12
9 34
23 43
13 32
21 54
3 54
23 35
10 54
10 36
11 50
24 43
24 48
2 11
24 50
24 51
24 52
24 54
24 27
46 48
24 32
3 7
4 29
6 8
3 35
27 39
35 49
27 41
27 43
27 48
19 48
27 55
33 44
27 52
27 54
27 35
10 50
30 39
3 27
27 30
27 36
28 43
21 55
2 10
4 50
36 50
29 43
28 32
11 28
18 35
3 8
48 56
1 4
4 14
24 39
27 34
36 52
9 56
30 43
3 29
30 52
30 54
28 52
21 32
39 50
1 13
30 50
32 43
32 48
33 36
32 50
12 28
32 52
32 54
32 35
21 41
49 54
9 23
33 43
17 51
5 23
32 45
32 39
4 51
35 45
34 43
29 39
9 11
26 38
36 41
35 43
35 48
3 50
8 35
35 50
35 51
27 51
35 54
6 49
0 2
3 41
36 48
30 33
32 33
9 10
4 53
4 27
10 52
39 43
19 55
49 51
35 41
39 52
39 54
40 47
30 51
25 26
27 32
41 43
28 41
41 52
41 54
43 44
43 45
43 46
43 48
43 49
43 56
43 50
43 51
43 52
43 54
16 21
11 56
44 54
21 48
5 38
11 21
20 21
48 55
48 50
28 35
48 52
48 54
1 14
14 35
11 43
2 55
50 52
50 54
2 27
52 54
8 54
