0 43
0 48
14 34
0 51
0 17
0 35
19 53
3 49
8 36
13 48
1 43
1 48
0 9
1 50
6 24
1 52
1 54
29 36
24 28
35 36
1 12
4 18
24 55
1 9
21 36
1 18
1 27
28 51
10 21
1 32
17 55
5 37
1 29
4 11
2 43
30 36
16 26
4 41
4 7
1 46
30 56
46 48
18 28
13 51
33 50
3 43
10 28
8 56
32 34
3 11
8 45
48 56
10 32
1 10
3 12
27 56
36 54
1 11
6 55
32 36
21 24
33 55
11 35
4 43
1 45
46 55
1 6
17 46
36 41
6 18
2 28
35 46
8 21
3 14
48 51
2 21
1 14
32 55
33 46
50 55
6 43
22 26
27 32
1 8
7 32
10 30
50 51
16 35
16 50
30 41
27 34
2 56
9 14
7 43
7 54
49 54
8 43
9 11
8 32
13 45
39 49
3 36
49 51
28 54
20 30
32 33
9 45
2 11
29 56
27 29
36 55
9 43
9 48
1 34
9 50
9 52
9 54
29 49
32 39
9 24
29 35
9 12
9 17
6 41
9 18
9 35
10 36
18 55
37 55
9 32
4 20
38 48
22 53
34 35
13 34
21 52
10 43
9 20
4 9
5 25
10 24
10 12
30 39
10 35
9 36
11 28
21 27
36 52
1 41
11 48
39 48
9 55
33 39
29 30
48 49
28 34
12 56
11 34
11 27
34 48
21 50
30 35
36 56
11 52
12 39
20 44
12 41
12 43
20 50
12 50
12 51
12 52
12 54
12 20
12 24
12 18
12 35
12 27
12 32
3 55
12 30
20 24
13 43
14 50
44 49
4 8
4 44
4 38
6 33
1 55
14 43
3 48
2 52
9 56
1 20
16 43
14 56
4 54
0 34
6 27
17 43
9 39
17 50
6 35
17 24
17 35
17 32
18 39
10 41
18 41
18 43
18 48
33 41
29 32
18 50
9 41
18 52
18 54
18 20
10 50
18 24
18 27
18 32
18 30
9 49
13 24
24 39
25 30
0 36
20 43
13 35
20 52
20 54
20 35
2 50
20 27
46 49
32 51
27 46
41 46
36 43
35 39
18 23
21 43
16 30
4 28
39 45
10 55
9 33
11 41
33 35
8 18
3 35
33 36
11 12
34 50
23 43
32 46
8 33
3 54
23 35
10 54
13 55
6 50
24 43
24 48
16 55
24 50
24 51
24 52
24 54
24 27
46 50
24 32
3 39
24 29
2 49
3 16
27 39
0 29
27 41
27 43
27 48
19 48
27 55
12 46
27 52
27 54
27 35
10 27
24 30
27 33
27 30
27 36
28 43
21 55
13 32
4 50
36 50
29 43
6 29
9 28
18 51
3 52
11 51
1 4
21 32
3 32
9 13
35 52
5 6
30 43
4 24
30 52
30 54
31 38
9 21
45 50
1 13
25 50
32 43
32 48
24 33
32 50
32 56
32 52
32 54
32 35
11 21
29 48
9 23
33 43
17 51
22 31
9 27
11 33
4 35
35 49
34 43
8 27
11 32
11 56
20 41
35 43
35 48
3 50
8 13
35 50
35 51
12 55
35 54
3 6
2 36
16 20
36 48
20 51
2 33
20 28
21 54
3 27
51 52
39 43
11 23
49 52
41 44
39 52
39 54
40 47
18 21
23 53
30 32
41 43
4 49
41 52
41 54
43 44
43 45
43 46
43 48
43 49
43 56
43 50
43 51
43 52
43 54
21 29
10 39
44 54
33 48
39 50
8 11
1 21
48 55
48 50
28 35
48 52
48 54
44 45
14 35
11 43
2 55
50 52
50 54
2 27
52 54
8 54
