0 43
0 48
31 55
48 51
0 17
0 35
19 22
4 49
3 48
13 48
1 43
1 48
4 56
1 50
24 28
1 52
1 54
11 28
22 28
18 55
1 12
8 48
43 55
1 9
11 35
1 18
1 27
0 34
2 49
1 32
29 33
5 53
49 56
3 28
2 43
4 20
36 50
24 30
4 39
20 39
6 41
21 36
10 36
6 33
33 50
3 43
21 32
44 45
10 32
4 11
29 52
48 56
9 14
1 51
37 38
35 56
11 54
30 56
13 36
9 36
36 46
33 34
11 56
4 43
33 48
1 33
14 56
28 48
30 36
9 56
28 54
50 51
39 48
11 21
0 10
3 6
16 35
32 36
18 33
50 55
6 43
5 25
32 34
1 29
32 33
10 54
9 27
14 35
7 32
21 39
8 16
16 34
1 6
7 43
7 54
29 35
8 43
30 50
8 50
13 27
6 52
14 32
0 8
18 46
1 30
1 41
35 46
1 55
4 8
8 32
24 36
9 43
9 48
2 24
9 50
9 52
9 54
29 49
10 41
9 24
29 55
9 12
9 17
34 55
9 18
9 35
20 51
35 36
14 33
9 32
4 32
38 48
24 33
2 32
34 48
33 55
10 43
9 39
3 9
25 31
10 24
10 12
30 39
10 35
9 16
11 46
2 36
10 11
4 29
11 48
23 25
9 55
20 55
27 49
35 49
41 46
12 28
3 34
11 27
21 44
4 27
29 39
36 52
52 55
12 39
30 44
12 41
12 43
11 49
12 50
12 51
12 52
12 54
12 20
12 24
12 18
12 35
12 27
12 32
51 55
12 30
18 51
13 43
45 50
8 44
39 41
4 36
3 14
3 54
6 24
14 43
3 35
13 52
6 51
30 41
16 43
16 36
4 7
12 56
30 45
17 43
32 39
17 50
6 35
17 24
17 35
17 32
18 39
20 35
18 41
18 43
18 48
8 21
32 46
18 50
41 50
18 52
18 54
18 20
30 35
18 24
18 27
18 32
18 30
29 50
17 55
20 24
4 18
34 36
20 43
13 35
20 52
20 54
39 50
10 50
20 27
29 41
11 32
27 46
4 12
11 55
20 21
18 35
21 43
16 41
21 52
11 39
3 11
9 21
37 45
33 35
28 50
21 38
3 55
11 12
1 34
23 43
46 50
1 16
21 24
23 35
13 51
8 24
2 6
24 43
24 48
2 13
24 50
24 51
24 52
24 54
24 27
6 9
24 32
24 41
13 29
13 55
2 14
27 39
3 18
27 41
27 43
27 48
26 48
27 55
21 27
27 52
27 54
27 35
27 51
2 28
4 9
27 30
27 36
28 43
21 55
9 13
4 50
11 50
29 43
46 49
0 9
29 36
8 52
1 28
1 4
22 50
27 32
9 34
23 52
29 54
30 43
3 24
30 52
30 54
5 20
21 35
32 45
1 13
9 46
32 43
32 48
30 32
32 50
10 56
32 52
32 54
32 35
1 11
48 49
23 32
33 43
10 49
26 53
9 10
11 33
3 10
1 49
34 43
8 27
2 9
8 54
35 41
35 43
35 48
3 32
20 33
35 50
35 51
12 36
35 54
20 56
2 46
2 35
36 48
20 44
41 51
17 28
33 54
3 27
10 18
39 43
23 55
6 49
39 45
39 52
39 54
40 47
6 27
19 53
9 11
41 43
21 49
41 52
41 54
43 44
43 45
43 46
43 48
43 49
43 56
43 50
43 51
43 52
43 54
8 46
33 36
44 54
20 50
30 51
17 51
28 55
48 55
48 50
21 54
48 52
48 54
1 45
3 50
11 43
0 36
50 52
50 54
27 34
52 54
27 56
