0 43
0 48
22 31
10 48
0 17
0 35
24 36
1 33
3 48
13 48
1 43
1 48
4 29
1 50
28 51
1 52
1 54
11 56
1 28
51 55
1 12
4 10
36 43
1 9
11 35
1 18
1 27
0 34
8 49
1 32
27 29
4 9
46 49
21 28
2 43
6 41
1 36
24 30
4 50
20 30
21 39
21 36
20 50
33 48
33 50
3 43
21 32
44 45
10 32
11 17
29 52
46 48
6 9
10 41
31 38
53 56
36 52
49 56
13 45
9 10
32 46
9 33
2 56
4 43
27 50
21 49
37 45
28 48
3 41
23 52
13 28
16 50
10 39
11 21
10 27
6 54
16 35
14 32
18 33
13 50
6 43
5 38
32 55
1 29
32 33
39 50
9 27
14 35
7 32
11 43
8 16
1 34
1 6
7 43
7 54
21 29
8 43
9 30
8 9
13 27
6 36
32 41
0 49
18 46
1 39
1 41
20 46
50 55
8 10
8 28
1 51
9 43
9 48
2 36
9 50
9 52
9 54
2 29
9 20
9 24
8 55
9 12
9 17
11 34
9 18
9 35
28 39
35 55
33 52
9 32
32 45
25 48
4 24
13 32
2 48
33 55
10 43
16 39
3 9
21 25
10 24
10 12
20 39
10 35
9 46
11 46
2 11
11 23
29 48
11 48
23 25
9 55
5 30
27 49
35 49
8 50
24 49
2 24
11 27
11 30
3 7
39 55
36 46
36 51
12 39
30 48
12 41
12 43
11 18
12 50
12 51
12 52
12 54
12 20
12 24
12 18
12 35
12 27
12 32
54 55
12 30
10 52
13 43
19 22
11 49
33 41
41 55
4 35
3 54
6 18
14 43
33 45
3 46
9 36
30 41
16 43
8 44
4 27
12 56
41 45
17 43
32 51
17 50
28 32
17 24
17 35
17 32
18 39
20 35
18 41
18 43
18 48
29 35
37 53
18 50
14 50
18 52
18 54
18 20
30 35
18 24
18 27
18 32
18 30
29 33
19 36
20 29
4 52
34 36
20 43
13 35
20 52
20 54
14 39
10 54
20 27
4 36
32 36
27 46
4 12
11 55
20 21
18 35
21 43
4 34
6 21
3 44
3 36
9 21
14 56
33 35
36 50
22 38
3 55
12 55
1 14
23 43
6 50
1 16
21 24
23 35
51 56
29 30
2 10
24 43
24 48
2 34
24 50
24 51
24 52
24 54
24 27
12 28
24 32
24 41
6 34
13 55
3 34
27 39
4 18
27 41
27 43
27 48
26 48
27 55
21 45
27 52
27 54
27 35
0 51
28 35
4 6
27 30
27 36
28 43
21 55
9 13
4 39
11 50
29 43
8 46
9 14
16 55
49 52
24 46
21 27
50 51
29 32
8 34
17 56
29 54
30 43
33 36
30 52
30 54
39 44
21 35
0 32
1 13
35 56
32 43
32 48
30 32
32 50
55 56
32 52
32 54
32 35
1 11
8 48
9 23
33 43
0 36
26 53
28 50
3 11
8 11
1 49
34 43
3 50
2 27
49 54
35 41
35 43
35 48
3 32
30 51
35 50
35 51
12 36
35 54
24 56
34 52
2 35
36 48
41 44
11 51
6 35
33 54
3 24
18 51
39 43
4 55
20 56
30 39
39 52
39 54
40 47
6 27
5 50
9 11
41 43
8 33
41 52
41 54
43 44
43 45
43 46
43 48
43 49
43 56
43 50
43 51
43 52
43 54
2 9
27 33
44 54
20 32
10 20
17 51
18 55
48 55
48 50
4 54
48 52
48 54
13 16
1 3
3 49
20 24
50 52
50 54
34 50
52 54
27 28
