0 43
0 48
21 29
6 24
0 17
0 35
33 54
31 38
18 29
9 13
1 43
1 48
35 49
1 50
24 41
1 52
1 54
2 33
14 35
32 33
1 12
23 53
1 34
1 9
3 54
1 18
1 27
6 8
18 35
1 32
13 36
49 54
34 50
35 36
2 43
12 28
6 54
16 49
8 48
9 20
14 21
6 29
11 33
29 34
10 32
3 43
2 27
10 41
2 14
48 49
20 41
30 56
3 11
21 24
26 48
30 41
6 52
16 32
30 48
5 46
7 9
3 48
0 50
4 43
10 36
4 49
35 41
36 52
14 50
52 55
1 2
23 32
29 39
8 50
30 50
1 11
3 36
13 24
52 56
8 10
6 43
55 56
13 18
10 27
50 55
34 48
4 8
33 46
11 12
33 50
8 27
36 46
13 49
7 43
7 54
2 34
8 43
18 51
3 32
1 46
13 46
32 36
9 11
48 51
2 6
4 55
24 33
21 28
3 50
0 13
21 32
9 43
9 48
13 35
9 50
9 52
9 54
10 28
14 20
9 24
27 32
9 12
9 17
49 55
9 18
9 35
11 19
4 24
9 45
9 32
2 3
4 39
32 41
1 56
4 48
9 39
10 43
20 24
20 55
35 39
10 24
10 12
11 45
10 35
3 51
1 45
9 21
0 8
17 55
11 48
8 54
20 39
32 56
0 51
11 23
2 50
36 54
3 27
11 27
8 41
1 41
6 35
33 39
21 35
12 39
11 52
12 41
12 43
39 45
12 50
12 51
12 52
12 54
12 20
12 24
12 18
12 35
12 27
12 32
25 48
12 30
20 35
13 43
1 29
35 55
1 16
32 34
21 44
16 50
24 49
14 43
32 39
11 30
24 30
30 51
16 43
27 49
36 50
5 53
27 56
17 43
27 50
17 50
18 49
17 24
17 35
17 32
18 39
4 41
18 41
18 43
18 48
21 55
41 44
18 50
3 9
18 52
18 54
18 20
30 45
18 24
18 27
18 32
18 30
11 32
9 51
4 27
2 46
10 34
20 43
10 17
20 52
20 54
13 48
21 56
20 27
1 33
4 35
3 6
8 29
44 49
4 11
17 28
21 43
6 39
2 55
39 50
20 50
0 36
21 27
33 55
29 55
16 26
24 56
4 29
48 56
23 43
4 36
28 48
13 27
23 35
39 41
28 35
6 20
24 43
24 48
28 50
24 50
24 51
24 52
24 54
24 27
27 28
24 32
3 35
8 9
32 55
6 32
27 39
1 8
27 41
27 43
27 48
28 36
27 55
12 21
27 52
27 54
27 35
16 56
36 55
10 46
27 30
27 36
28 43
43 55
36 39
35 46
34 55
29 43
1 51
28 29
9 36
4 52
36 56
21 36
9 10
51 55
3 16
1 20
9 28
30 43
41 51
30 52
30 54
2 9
34 45
9 56
32 51
9 33
32 43
32 48
20 21
32 50
11 29
32 52
32 54
32 35
10 55
25 31
34 35
33 43
11 43
4 9
18 23
51 54
33 38
3 18
34 43
11 21
22 30
1 3
11 34
35 43
35 48
4 50
24 55
35 50
35 51
27 46
35 54
18 33
51 52
12 36
36 48
35 45
30 33
5 37
37 53
33 49
14 32
39 43
6 9
49 50
1 36
39 52
39 54
40 47
14 44
28 30
3 7
41 43
25 32
41 52
41 54
43 44
43 45
43 46
43 48
43 49
43 56
43 50
43 51
43 52
43 54
19 22
11 13
44 54
29 35
20 44
22 38
12 46
48 55
48 50
10 30
48 52
48 54
8 46
4 54
29 33
21 52
50 52
50 54
11 46
52 54
11 50
