0 43
0 48
11 36
2 35
0 17
0 35
4 54
25 26
3 18
12 28
1 43
1 48
46 49
1 50
32 34
1 52
1 54
2 55
14 35
1 10
1 12
22 48
27 34
1 9
3 54
1 18
1 27
33 35
18 35
1 32
11 17
4 49
18 34
35 36
2 43
6 17
6 54
21 49
8 55
24 28
1 21
33 55
23 36
24 34
7 50
3 43
0 2
9 56
2 45
48 49
30 32
33 41
8 16
4 24
26 48
14 32
29 52
1 16
39 41
24 46
9 10
3 16
9 46
4 43
0 10
4 44
41 50
52 55
9 13
54 55
1 34
23 32
24 29
8 54
18 36
7 33
3 36
35 41
29 35
33 51
6 43
0 36
13 50
27 51
9 55
34 51
8 32
6 51
11 12
21 56
28 49
55 56
9 30
7 43
7 54
28 36
8 43
10 18
13 48
27 46
13 28
32 36
9 11
2 33
1 36
4 29
30 55
3 52
3 27
8 21
32 33
9 43
9 48
13 27
9 50
9 52
9 54
10 46
20 35
9 24
27 32
9 12
9 17
3 41
9 18
9 35
31 55
33 49
32 45
9 32
4 12
39 51
20 45
1 56
21 48
5 30
10 43
24 41
41 49
20 36
10 24
10 12
16 30
10 35
3 25
1 14
9 21
0 49
22 50
11 48
29 50
20 39
28 50
11 51
12 55
2 49
10 36
1 33
11 27
2 34
20 48
35 56
32 39
21 35
12 39
11 52
12 41
12 43
3 30
12 50
12 51
12 52
12 54
12 20
12 24
12 18
12 35
12 27
12 32
1 41
12 30
35 39
13 43
10 29
11 35
16 35
2 9
6 32
9 45
11 29
14 43
24 39
8 13
30 51
20 30
16 43
6 49
28 30
32 46
6 27
17 43
27 50
17 50
23 52
17 24
17 35
17 32
18 39
21 30
18 41
18 43
18 48
11 14
41 44
18 50
9 51
18 52
18 54
18 20
9 20
18 24
18 27
18 32
18 30
11 32
50 51
3 24
13 46
10 48
20 43
29 36
20 52
20 54
2 48
8 48
20 27
4 27
4 35
4 8
6 48
1 49
4 11
8 27
21 43
20 24
6 55
21 50
0 9
6 30
21 27
33 36
3 6
31 53
28 33
4 56
2 28
23 43
4 36
3 50
1 13
23 35
10 39
28 35
39 46
24 43
24 48
20 46
24 50
24 51
24 52
24 54
24 27
27 56
24 32
11 56
8 18
32 55
13 55
27 39
1 8
27 41
27 43
27 48
2 36
27 55
18 21
27 52
27 54
27 35
18 46
9 34
53 56
27 30
27 36
28 43
43 55
21 32
6 35
11 34
29 43
44 49
29 56
3 13
4 55
12 56
21 36
10 50
36 51
33 48
1 39
46 55
30 43
41 51
30 52
30 54
14 50
19 45
6 50
3 32
4 9
32 43
32 48
33 52
32 50
9 36
32 52
32 54
32 35
10 17
5 25
34 35
33 43
36 43
4 32
21 41
51 54
8 29
29 54
34 43
11 33
37 38
23 38
11 24
35 43
35 48
4 50
50 55
35 50
35 51
5 19
35 54
20 55
10 52
33 54
36 48
39 45
9 33
8 35
22 37
3 11
16 50
39 43
46 48
9 41
1 11
39 52
39 54
40 47
44 45
20 50
3 55
41 43
21 24
41 52
41 54
43 44
43 45
43 46
43 48
43 49
43 56
43 50
43 51
43 52
43 54
16 34
11 13
44 54
27 29
39 44
38 53
1 28
48 55
48 50
30 39
48 52
48 54
20 49
14 21
29 32
52 56
50 52
50 54
14 28
52 54
11 50
