92 98
37 38
24 104
10 78
10 84
0 6
5 109
0 78
29 31
24 91
22 26
2 10
26 95
84 95
27 99
72 102
92 99
2 58
32 74
7 14
2 6
41 97
92 100
38 104
2 66
97 107
2 63
2 97
2 95
36 86
2 107
46 97
2 28
2 26
0 67
20 24
2 37
58 78
63 104
22 101
7 19
2 29
95 104
24 58
10 20
52 59
0 41
3 102
68 101
38 67
24 28
15 92
41 58
90 103
37 67
6 58
6 10
6 20
6 41
6 24
26 47
6 66
6 67
6 63
6 97
3 25
6 95
48 51
6 104
6 107
84 104
57 85
6 28
6 26
6 46
24 31
55 93
51 94
6 37
32 93
24 37
91 92
15 72
26 106
101 108
84 107
1 109
46 84
20 37
6 18
65 94
62 74
2 38
65 90
45 90
26 104
72 92
10 67
9 86
31 66
10 37
32 68
10 26
26 94
10 97
66 104
2 67
10 28
10 46
38 97
20 107
12 80
67 84
90 101
15 43
47 99
56 69
30 90
24 53
2 84
22 38
72 93
48 83
29 67
6 9
6 78
7 23
0 63
6 22
9 26
0 26
78 107
26 32
66 67
4 91
5 74
0 28
20 28
20 26
24 95
26 29
39 45
20 46
5 64
24 38
44 108
66 84
25 101
30 68
86 91
15 33
4 56
58 95
26 74
24 97
24 63
0 24
5 32
0 16
22 90
24 26
28 104
10 58
63 84
20 63
10 63
29 58
38 58
68 71
39 69
26 58
7 25
26 78
26 66
26 67
2 104
26 51
26 63
39 79
31 67
15 56
26 97
55 109
26 84
67 104
40 85
69 80
6 84
26 107
58 104
66 107
26 28
30 44
9 28
26 31
26 37
26 38
28 58
15 102
28 66
28 67
28 63
28 97
28 95
20 31
46 67
28 107
9 97
28 46
31 58
6 31
28 37
28 38
28 29
9 63
12 109
29 63
29 97
0 97
31 95
10 107
9 58
31 41
32 80
90 94
20 58
0 95
22 66
7 94
78 97
31 38
9 102
31 63
31 97
95 107
28 31
16 69
26 41
6 38
37 104
6 36
4 65
22 86
16 94
30 91
26 91
39 75
37 58
37 107
37 66
16 90
37 63
37 97
37 95
20 67
80 102
91 94
26 90
38 63
66 95
18 57
20 97
29 84
26 46
2 31
71 101
100 101
2 20
43 102
86 101
25 83
0 37
9 41
41 91
3 11
1 64
46 95
25 86
63 78
1 26
46 107
26 30
41 63
4 108
28 84
69 79
68 108
30 74
10 41
74 94
32 39
90 91
65 91
41 95
49 93
46 63
43 101
19 48
31 37
45 79
39 80
43 109
9 91
4 15
44 99
26 68
46 66
37 46
46 58
8 89
9 32
32 55
3 43
32 86
74 93
86 108
58 66
58 67
58 63
58 97
77 98
73 108
29 107
58 107
0 2
20 95
63 66
63 67
63 97
63 95
39 91
22 57
63 107
30 101
57 90
8 101
9 10
41 78
66 97
10 66
66 78
29 66
45 69
67 97
67 95
97 104
67 107
57 91
6 29
39 55
84 97
2 24
28 78
2 78
26 39
4 80
25 44
4 17
22 103
29 95
4 33
72 80
25 85
29 46
78 95
44 101
31 107
9 78
54 64
69 86
38 66
1 102
25 92
28 41
3 96
22 71
29 37
16 45
13 106
25 43
43 92
95 97
10 38
37 84
50 88
39 100
45 86
