32 102
37 78
20 29
10 95
0 84
0 6
64 74
90 93
65 94
20 107
7 102
2 10
26 95
84 95
15 93
22 26
39 86
2 58
26 64
86 90
2 6
2 38
22 30
9 78
2 66
97 107
2 63
2 97
2 95
39 57
2 107
46 97
2 28
2 26
64 69
55 89
2 37
0 95
63 104
27 72
36 48
63 78
38 95
24 66
10 20
37 84
0 41
43 103
19 72
31 38
24 28
45 59
41 58
22 101
37 67
6 58
6 10
6 20
6 41
6 24
9 24
6 66
6 67
6 63
6 97
67 78
6 95
69 91
6 104
6 107
15 109
26 45
6 28
6 26
6 46
67 104
45 52
26 101
6 37
0 20
24 37
43 90
18 74
94 109
29 104
84 107
15 16
24 58
20 37
44 71
44 55
43 85
38 104
51 80
83 102
26 104
5 25
10 67
25 65
31 78
10 37
51 103
10 26
45 54
10 97
66 104
2 67
10 28
10 31
38 97
24 38
15 80
24 31
57 102
14 69
30 72
65 86
13 43
24 84
31 84
79 109
39 41
26 44
29 84
6 9
6 78
62 101
0 66
68 71
9 26
0 26
43 69
85 88
66 67
100 101
69 90
0 28
20 28
20 26
10 24
26 29
46 78
20 46
91 109
38 67
6 86
16 57
0 7
33 108
91 94
3 101
5 101
58 95
15 74
24 97
24 63
1 25
91 101
5 96
41 67
24 26
28 104
10 58
63 84
20 63
10 63
29 78
38 58
101 108
66 107
26 58
6 44
26 78
26 66
26 67
2 104
7 74
26 63
50 108
31 67
25 98
26 97
9 30
26 84
29 67
8 25
2 29
6 84
26 107
58 104
38 66
26 28
91 100
9 28
26 31
26 37
26 38
28 58
25 102
28 66
28 67
28 63
28 97
28 95
20 67
67 84
28 107
9 97
28 46
31 58
6 31
28 37
28 38
28 29
9 63
5 7
29 63
29 97
0 97
31 95
10 107
58 78
46 104
53 98
38 107
74 93
30 92
26 92
26 94
78 97
66 84
4 90
31 63
31 97
95 107
28 31
9 33
26 41
6 38
0 63
32 45
3 12
16 68
68 72
90 101
26 91
4 49
37 58
37 107
37 66
65 80
37 63
37 97
37 95
68 79
32 39
1 4
47 99
38 63
66 95
36 73
20 97
56 57
26 46
2 31
26 57
8 26
46 66
69 109
12 25
92 99
19 108
9 41
32 68
51 99
90 91
46 95
86 91
28 78
41 97
46 107
44 86
41 63
4 68
28 84
29 66
32 80
10 46
28 41
6 39
55 92
29 93
22 32
41 95
86 101
46 63
22 39
26 86
31 37
20 84
1 11
3 83
22 90
32 100
26 39
48 80
2 46
37 46
46 58
77 80
30 86
45 94
32 108
18 99
43 108
71 85
58 66
58 67
58 63
58 97
9 40
39 56
3 25
58 107
22 86
20 95
63 66
63 67
63 97
63 95
26 90
4 106
63 107
15 91
16 106
95 104
10 78
30 91
66 97
10 66
2 41
9 91
41 66
67 97
67 95
97 104
67 107
22 92
6 29
3 102
84 97
2 24
24 107
2 78
90 92
56 58
39 58
22 91
25 32
7 32
2 39
1 43
23 75
29 31
24 95
91 92
31 107
37 38
69 93
0 9
20 58
90 94
4 80
17 102
0 37
15 79
37 104
30 47
92 94
55 72
4 74
95 97
10 29
16 101
22 94
4 48
74 101
