0 3
16 31
11 31
2 22
9 12
19 22
22 33
21 31
20 22
17 35
7 10
1 16
1 17
0 21
21 33
0 30
10 22
15 33
1 31
3 10
1 9
12 17
16 19
22 30
21 34
3 16
3 17
6 17
31 34
9 19
9 28
3 22
1 21
17 28
3 9
12 34
3 34
23 28
2 5
5 29
9 10
11 21
6 9
10 11
30 34
1 30
11 19
17 32
21 22
11 33
9 21
5 16
30 33
1 11
9 16
9 17
3 33
9 30
25 29
13 17
9 22
0 9
11 12
14 16
0 1
17 30
9 11
11 23
7 22
10 16
13 16
17 18
4 19
0 7
15 16
11 16
11 17
30 32
3 11
2 16
0 16
11 22
2 17
22 34
11 34
4 22
3 6
16 28
1 3
14 17
16 25
3 30
12 30
0 11
9 33
16 21
9 31
9 15
13 33
9 13
0 34
10 29
16 32
16 17
6 34
3 19
10 15
16 30
7 11
7 30
6 16
16 22
17 33
12 22
4 16
16 33
16 34
28 33
12 28
23 26
10 17
9 34
1 22
14 18
17 22
0 17
17 26
11 15
16 23
17 34
1 35
17 21
13 22
10 34
16 29
1 18
16 26
7 20
1 33
17 31
11 28
16 18
12 31
0 22
22 23
12 16
17 19
11 30
10 12
