9 31
5 11
0 1
17 26
15 16
9 19
22 33
3 23
7 34
22 28
15 31
1 16
13 17
23 34
16 23
16 19
5 16
1 4
12 33
2 17
9 23
12 17
16 28
10 33
9 33
3 16
3 17
1 10
30 34
0 16
17 28
3 22
0 30
3 30
5 12
3 11
13 16
7 11
22 23
0 3
17 25
19 22
19 30
21 34
4 7
3 33
4 16
9 21
14 22
1 11
21 31
14 28
17 21
11 15
9 16
9 17
7 17
11 34
13 20
30 33
9 22
30 35
22 26
13 18
6 22
17 30
9 11
1 17
0 10
10 16
3 28
16 21
0 34
33 34
11 33
11 16
11 17
11 19
10 31
10 12
18 22
11 22
17 29
22 34
22 31
7 12
11 12
10 11
17 18
3 12
16 31
15 19
6 21
12 16
9 34
2 9
21 22
9 14
0 22
1 13
17 33
1 30
9 30
16 17
17 31
10 30
16 20
16 30
10 22
10 17
11 21
16 22
16 18
9 32
7 16
16 33
16 34
22 30
3 34
6 16
6 32
19 21
1 22
3 9
17 22
9 28
0 17
9 10
15 21
17 34
17 32
0 11
0 9
12 29
11 31
1 34
2 16
0 12
16 25
16 35
28 33
11 30
26 29
2 11
1 9
16 29
1 3
6 17
1 33
