17 28
11 30
11 19
30 33
17 23
7 22
19 22
0 11
10 17
4 9
11 13
1 16
0 34
10 34
3 21
12 21
16 26
15 16
12 22
16 29
7 13
1 10
28 33
17 18
9 33
3 16
3 17
9 31
23 28
16 23
14 16
3 34
9 30
12 17
5 16
3 11
16 31
20 22
0 17
1 12
3 33
6 25
10 22
22 31
1 14
10 11
10 33
2 12
16 20
2 25
33 34
21 22
3 23
17 33
9 16
9 17
11 21
9 34
9 13
5 17
9 22
3 30
10 30
22 33
16 18
17 30
9 11
1 17
1 22
16 28
5 30
16 21
16 19
22 29
0 29
11 16
11 17
11 12
21 34
17 21
6 11
11 22
11 34
0 22
22 34
3 10
15 33
9 10
1 19
4 16
17 31
9 12
0 3
12 16
9 19
14 31
6 18
2 16
11 33
12 30
9 23
17 32
4 17
16 17
22 28
17 19
3 28
16 30
6 16
19 34
21 30
16 22
13 22
30 34
9 26
16 33
16 34
16 32
1 33
7 16
1 11
7 17
3 22
3 9
17 22
0 9
1 30
6 9
13 17
17 34
10 16
0 21
9 28
11 35
12 15
1 34
7 11
15 17
0 16
22 30
0 1
7 10
29 31
31 35
11 18
15 31
0 26
1 21
2 32
