1 21
11 30
6 34
9 33
11 32
15 20
4 9
0 11
11 12
29 31
9 19
1 16
5 17
1 7
0 34
15 19
7 16
15 16
5 12
16 29
22 33
11 15
11 33
16 26
12 28
3 16
3 17
1 19
3 18
22 23
14 16
3 30
0 21
12 17
16 23
3 11
16 31
28 31
0 17
30 34
33 34
9 13
10 22
22 32
17 28
10 11
9 21
7 30
11 13
16 18
10 35
21 22
30 33
17 33
9 16
9 17
11 21
0 1
6 16
0 13
9 22
6 9
3 10
7 33
16 19
17 30
9 11
1 17
1 22
16 28
1 30
16 21
10 34
19 33
0 30
11 16
11 17
9 12
18 31
17 21
2 33
11 22
11 34
0 22
22 34
12 33
11 31
9 10
11 14
4 16
17 34
3 12
26 28
12 16
14 17
7 32
19 22
2 16
11 29
12 31
12 22
4 17
17 31
16 17
22 28
17 19
23 30
16 30
6 25
15 17
10 33
16 22
21 30
21 34
1 9
16 33
16 34
13 16
10 21
16 25
1 11
18 22
3 22
3 9
17 22
0 9
9 34
20 31
17 23
3 34
10 16
0 3
3 13
16 35
10 17
1 34
7 22
17 26
0 16
22 30
1 3
2 17
9 30
9 23
9 28
17 29
6 22
2 5
1 10
