12 21
11 30
23 25
9 33
14 16
17 26
16 29
0 11
11 12
6 9
17 29
1 16
5 34
16 20
12 34
2 3
7 16
25 31
16 32
16 26
22 33
7 22
11 33
16 18
28 35
3 16
3 17
1 34
13 21
22 23
9 32
3 30
11 28
12 17
16 23
3 11
16 31
11 31
0 17
1 7
17 18
1 33
15 22
5 11
17 28
10 11
9 21
9 18
3 19
22 31
7 30
21 22
30 33
17 33
9 16
9 17
11 21
33 34
6 16
6 33
9 22
9 28
3 10
17 31
16 19
17 30
9 11
1 17
1 22
16 28
1 30
16 21
10 34
19 33
0 33
11 16
11 17
9 12
7 31
11 13
0 23
11 22
11 34
0 22
22 34
13 14
17 32
9 10
5 9
4 16
17 34
1 3
11 15
12 16
3 12
2 11
0 28
2 16
9 19
0 19
12 22
13 17
6 22
16 17
7 17
17 19
30 34
16 30
23 26
15 17
10 29
16 22
21 30
21 33
1 9
16 33
16 34
13 16
10 22
0 3
1 11
22 29
3 22
3 9
17 22
0 9
9 34
14 31
19 30
3 34
10 16
0 10
4 10
16 35
10 17
1 21
15 34
20 22
0 16
22 30
1 12
12 30
9 30
6 17
4 28
17 21
15 18
2 31
1 10
