12 30
11 30
30 32
9 33
1 10
15 17
0 23
0 11
5 10
28 34
26 33
1 16
15 21
14 16
10 12
11 12
2 22
4 21
2 16
6 33
22 33
4 25
11 33
11 18
10 22
3 16
3 17
3 34
3 33
19 31
17 29
1 31
16 25
12 17
16 23
3 11
16 31
7 11
0 17
21 22
17 32
13 30
1 12
10 30
11 14
10 11
12 33
0 30
2 19
22 31
10 29
0 3
18 22
17 33
9 16
9 17
11 21
33 34
6 16
15 22
9 22
10 33
10 34
17 31
16 19
17 30
9 11
1 17
1 22
16 28
1 30
16 21
9 13
9 10
0 21
11 16
11 17
3 21
16 18
16 26
5 15
11 22
11 34
21 34
22 34
7 31
7 16
3 31
1 5
6 22
17 34
0 9
30 33
12 16
20 26
7 17
0 34
12 22
9 14
4 16
16 32
0 22
20 23
16 17
17 18
17 19
30 34
16 30
9 28
16 29
9 23
16 22
3 28
19 22
1 9
16 33
16 34
13 16
22 28
9 34
1 11
13 17
3 22
3 9
17 22
3 13
7 12
11 31
9 12
9 21
10 16
15 16
9 19
11 19
17 35
17 28
1 7
0 28
0 16
22 30
1 34
6 11
9 30
6 17
23 35
17 21
9 29
2 17
1 3
