5 20
11 30
9 19
9 33
0 33
5 16
11 12
7 10
1 34
10 12
16 19
1 16
1 9
14 15
1 3
3 12
2 17
1 13
2 16
1 31
18 35
13 31
21 31
12 17
10 22
3 16
3 17
3 34
4 29
16 25
14 16
9 18
7 31
12 34
16 23
3 11
16 31
22 31
0 17
21 22
9 29
4 16
17 26
10 30
26 33
10 11
3 21
11 33
0 34
3 22
10 17
22 28
19 30
17 33
9 16
9 17
0 30
33 34
6 16
11 23
9 22
12 33
0 22
0 10
6 11
17 30
9 11
1 17
1 22
16 28
15 30
16 21
11 15
9 10
1 19
11 16
11 17
17 32
7 16
16 18
22 25
11 22
11 34
9 21
22 34
3 33
16 35
6 22
3 31
22 33
17 34
0 9
5 17
12 16
3 32
7 17
16 20
12 22
7 30
10 21
2 32
10 29
7 9
16 17
17 18
6 14
21 34
16 30
17 31
16 29
13 28
16 22
9 28
1 21
17 23
16 33
16 34
13 16
0 23
9 34
15 17
19 34
11 21
3 9
17 22
2 9
15 22
1 28
9 12
9 30
10 16
0 19
12 30
4 11
11 13
17 28
22 26
0 11
0 16
22 30
1 33
11 28
30 34
6 17
3 30
17 21
23 33
19 22
1 11
