7 11
11 30
14 17
9 33
0 30
16 23
11 12
6 16
12 33
10 33
16 19
1 16
1 9
11 15
0 12
3 12
2 17
15 22
15 26
1 2
6 18
6 23
3 23
12 17
10 22
3 16
3 17
11 14
5 9
4 22
16 21
20 32
19 34
12 30
4 16
3 11
16 31
3 31
0 17
21 22
9 15
5 17
4 17
3 28
11 28
10 11
3 30
11 33
0 34
19 22
10 17
22 28
10 21
17 33
9 16
9 17
3 10
31 34
11 25
1 10
9 22
13 19
0 11
16 25
22 23
17 30
9 11
1 17
1 22
16 28
1 30
1 32
22 33
9 10
11 19
11 16
11 17
7 33
7 16
16 18
13 17
11 22
11 34
9 21
22 34
18 29
30 33
14 16
3 33
0 22
17 34
0 9
17 19
12 16
15 16
7 31
16 20
12 22
17 26
12 21
11 31
16 35
3 34
16 17
17 35
2 16
21 34
16 30
17 31
9 19
3 22
16 22
9 29
2 21
17 28
16 33
16 34
13 16
10 30
9 34
17 23
10 34
21 32
3 9
17 22
16 26
22 29
0 21
9 12
9 30
10 16
1 33
0 31
30 31
6 33
1 29
9 28
13 22
0 16
22 30
1 34
0 1
30 34
6 7
9 13
17 21
5 28
7 18
1 11
