13 22
3 11
17 28
9 33
10 33
0 30
11 12
6 16
33 34
0 9
16 19
1 16
1 9
11 18
3 12
6 23
31 34
9 21
16 29
11 23
3 10
1 2
7 9
12 17
10 22
3 16
3 17
6 11
28 30
6 9
15 16
16 18
0 12
15 22
4 16
18 28
16 31
7 17
0 17
0 22
7 22
9 30
7 28
16 23
3 21
10 11
2 22
11 33
12 19
19 22
10 17
5 11
0 1
17 33
9 16
9 17
3 33
0 7
7 16
10 13
9 22
15 17
21 34
5 16
21 30
17 30
9 11
1 17
1 22
16 20
1 30
17 25
22 33
9 10
17 23
11 16
11 17
14 20
16 21
16 25
14 30
11 22
11 34
21 22
22 34
5 30
19 33
6 17
10 21
10 31
17 34
19 34
2 17
12 16
13 16
17 21
13 17
9 12
17 32
11 29
22 31
3 26
1 34
16 17
13 15
2 16
4 29
16 30
9 28
0 34
3 22
16 22
16 26
21 33
22 32
16 33
16 34
1 33
10 12
9 34
0 11
11 30
9 31
3 9
17 22
11 26
17 31
3 30
0 31
30 34
10 16
9 29
11 19
12 22
12 33
1 28
15 28
14 35
0 16
22 30
1 3
18 23
3 34
1 21
9 19
17 35
4 31
16 32
1 11
