0 3
0 11
1 31
9 33
10 34
20 34
11 18
6 16
0 10
0 9
16 19
1 16
1 9
12 21
19 30
0 12
7 11
21 34
3 29
0 34
10 17
7 17
5 12
14 26
7 16
3 16
3 17
14 25
10 11
18 22
15 16
1 21
0 22
10 19
7 32
13 22
13 16
22 29
0 17
17 31
3 7
9 30
16 32
3 34
30 33
17 23
15 28
11 33
1 33
15 23
12 17
12 28
17 19
17 33
9 16
9 17
4 32
4 16
0 33
9 21
9 22
11 15
21 33
5 17
12 30
17 30
9 11
1 17
1 22
22 23
3 11
16 18
22 33
9 10
6 13
11 16
11 17
2 13
16 21
16 25
16 23
11 22
11 34
22 31
22 34
17 35
2 22
1 3
13 17
10 30
17 34
3 31
17 21
12 16
16 35
19 33
11 28
9 12
19 21
1 30
11 31
30 34
6 9
16 17
11 29
2 16
9 29
16 30
9 28
9 18
17 26
16 22
22 26
11 21
17 28
16 33
16 34
1 34
10 12
9 34
10 33
11 30
9 31
3 9
17 22
0 1
30 31
5 9
6 34
16 20
10 16
15 17
1 6
21 22
7 22
28 30
16 28
4 22
0 16
22 30
3 10
2 17
3 33
11 12
19 23
14 16
3 22
16 31
1 11
