7 9
0 11
33 34
9 33
4 34
9 15
11 26
17 35
11 13
22 28
6 16
1 16
1 9
1 12
7 32
12 33
19 30
3 21
14 29
0 34
10 17
7 22
5 16
15 28
5 9
3 16
3 17
22 35
10 11
11 28
16 32
1 21
0 30
16 19
23 26
13 16
9 18
11 19
0 17
17 31
10 34
9 30
16 26
15 20
0 1
12 17
19 22
11 33
7 17
22 23
17 18
0 21
4 17
17 33
9 16
9 17
1 3
4 16
22 33
9 21
9 22
11 12
0 9
6 17
9 19
17 30
9 11
1 17
1 22
12 22
3 11
12 34
0 33
9 10
12 30
11 16
11 17
29 34
16 21
13 17
16 23
11 22
11 34
23 33
22 34
11 18
5 28
1 31
14 25
3 31
17 34
19 34
17 21
12 16
16 25
21 28
30 33
9 12
12 15
1 6
11 31
7 21
22 29
16 17
1 30
2 16
13 30
16 30
6 13
16 18
17 19
16 22
0 16
11 21
17 28
16 33
16 34
1 10
10 22
9 34
2 10
11 30
9 31
3 9
17 22
0 10
22 31
10 20
3 34
7 16
10 16
17 32
2 17
21 22
15 16
3 30
16 28
14 22
0 3
22 30
3 10
23 30
3 33
2 6
16 29
31 33
3 22
16 31
1 11
