6 33
0 16
33 34
7 9
1 22
13 17
2 11
17 29
1 7
16 28
16 29
1 16
1 9
17 26
0 31
12 22
5 17
13 29
22 29
9 25
10 17
11 21
0 15
11 19
9 35
3 16
3 17
11 34
11 18
1 10
19 22
10 19
15 33
12 33
12 28
13 14
0 34
2 17
0 17
22 28
9 21
9 30
22 33
3 32
3 26
7 10
11 13
1 21
14 16
17 19
7 21
10 22
2 22
17 33
9 16
9 17
14 19
9 15
1 3
1 34
9 22
0 28
0 9
21 30
1 33
17 30
9 11
1 17
11 23
10 34
0 11
3 34
28 32
9 10
16 25
11 16
11 17
16 19
16 21
12 30
10 30
11 22
1 11
1 30
22 34
17 31
17 20
16 26
6 18
16 31
17 34
17 23
17 21
12 16
30 31
16 20
3 30
7 16
23 31
7 17
3 33
10 11
3 11
16 17
2 5
6 15
3 21
16 30
13 16
11 12
11 31
16 22
16 32
0 30
17 28
16 33
16 34
1 12
16 23
9 34
0 12
11 30
5 16
3 18
17 22
0 22
30 34
22 23
10 21
4 22
10 16
9 19
4 9
21 22
16 18
12 17
28 33
12 34
15 34
22 30
4 16
3 9
6 16
11 33
9 33
9 31
3 22
22 31
6 35
