2 11
16 31
4 33
0 10
16 18
28 30
22 33
6 11
28 31
9 31
7 17
1 16
9 13
22 28
10 30
17 26
14 20
22 35
10 11
17 29
1 9
12 17
19 29
22 30
2 16
3 16
3 17
12 23
3 34
7 16
17 31
3 22
4 16
17 28
0 9
10 21
1 17
11 31
25 33
10 26
9 10
9 21
7 22
0 14
30 34
6 34
14 16
21 22
12 34
13 32
9 23
16 19
17 21
13 33
9 16
9 17
1 34
9 30
9 28
1 21
9 22
1 23
1 3
5 16
3 9
17 30
9 11
11 15
10 17
10 16
16 23
1 29
1 12
17 18
15 16
11 16
11 17
3 19
3 32
11 26
0 16
11 22
22 31
22 34
11 34
11 13
21 30
16 28
5 7
17 19
16 20
17 35
19 22
0 34
9 33
16 21
30 31
0 6
0 22
7 33
11 19
16 32
3 12
16 17
2 17
3 28
1 30
16 30
12 33
10 22
7 18
16 22
17 33
12 22
6 15
16 33
16 34
2 22
4 9
1 11
16 25
9 34
1 22
3 33
17 22
0 21
0 17
9 19
16 29
17 34
0 11
11 12
15 22
0 30
33 34
3 30
6 16
11 21
31 33
17 23
13 17
9 12
5 15
18 21
3 11
12 16
10 34
11 30
1 10
