1 32
2 15
23 30
9 28
1 22
16 32
5 11
17 18
10 13
16 28
6 29
1 16
7 9
1 2
2 22
3 12
5 16
1 28
7 12
4 13
10 17
11 21
10 21
11 19
9 23
3 16
3 17
11 34
22 23
10 19
17 19
16 25
31 33
11 35
22 28
13 15
10 23
4 17
0 17
9 18
9 21
9 30
22 33
1 30
0 21
17 35
13 17
1 12
16 29
6 17
7 16
10 22
4 30
17 33
9 16
9 17
3 19
6 9
3 30
30 34
9 22
11 15
0 9
1 33
0 1
17 30
9 11
1 17
0 30
12 34
0 11
18 22
5 22
9 10
11 30
11 16
11 17
16 19
16 21
0 34
20 26
11 22
1 11
1 9
22 34
11 29
28 34
21 32
12 16
16 31
17 34
3 34
17 21
0 16
21 34
15 16
1 21
7 26
3 31
7 17
3 33
10 11
3 11
16 17
16 23
2 16
21 22
16 30
13 16
12 14
17 31
16 22
16 26
3 10
17 28
16 33
16 34
15 19
16 20
9 34
9 19
22 30
0 3
22 31
17 22
0 22
33 34
12 33
10 34
7 14
10 16
12 22
28 33
14 17
16 18
12 17
30 33
0 31
17 29
3 22
22 25
3 9
6 16
11 33
9 33
9 31
12 30
11 31
6 11
