16 25
4 17
23 28
13 15
1 22
16 32
15 22
0 17
10 22
16 28
7 11
1 16
0 5
7 16
1 12
10 12
16 26
11 28
12 34
17 31
10 17
18 29
3 34
9 21
9 12
3 16
3 17
11 34
9 23
0 9
7 22
14 16
9 30
10 30
19 22
9 31
13 19
19 23
17 20
22 29
3 23
9 33
22 33
1 30
0 7
5 17
1 21
1 34
6 16
30 33
21 22
1 20
16 29
17 33
9 16
9 17
9 10
6 19
6 22
30 34
9 22
18 30
7 13
14 17
0 1
17 30
9 11
1 17
21 30
3 22
11 12
33 34
3 33
3 30
11 30
11 16
11 17
16 19
16 21
21 34
11 19
11 22
1 11
1 9
22 34
3 28
2 31
1 33
12 16
16 31
17 34
3 31
17 21
31 32
4 9
15 16
0 13
18 28
2 11
2 17
11 25
10 11
3 9
16 17
0 16
16 35
0 34
16 30
13 16
10 31
17 29
16 22
6 26
10 35
17 28
16 33
16 34
11 21
22 31
9 34
10 33
22 30
12 14
21 33
17 22
0 22
7 9
5 16
9 28
0 33
10 16
12 22
3 21
15 17
16 18
12 17
3 15
2 22
0 11
17 26
16 23
3 11
1 4
11 33
9 19
10 34
12 30
6 11
17 32
