6 16
4 18
7 9
10 28
1 22
13 16
5 30
0 17
10 22
21 22
9 31
1 16
13 26
16 29
0 12
10 14
7 17
22 28
30 34
1 32
10 17
16 35
0 3
3 21
17 32
3 16
3 17
11 34
2 22
0 9
0 2
14 16
9 30
6 34
15 17
9 15
3 34
5 19
11 23
16 32
21 34
9 33
22 33
1 30
6 17
12 19
22 31
33 34
16 28
30 33
11 28
7 11
16 23
17 33
9 16
9 17
9 10
7 22
13 22
6 33
9 22
22 25
17 31
9 12
1 21
17 30
9 11
1 17
21 23
3 22
11 12
17 20
12 18
0 28
11 30
11 16
11 17
16 19
16 21
3 31
2 11
11 22
1 11
1 9
22 34
3 10
2 16
0 33
12 16
6 15
17 34
3 30
9 21
9 19
16 18
15 16
1 10
12 33
1 34
17 19
9 13
10 11
3 9
16 17
0 16
7 30
31 34
16 30
16 25
20 23
11 14
16 22
18 29
9 28
4 17
16 33
16 34
11 21
12 29
9 34
30 31
22 30
15 26
13 33
17 22
0 22
10 23
7 16
5 34
19 22
10 16
12 22
1 3
11 31
4 16
12 17
17 28
17 35
0 11
17 29
16 26
3 11
0 1
11 33
21 30
10 31
1 19
3 33
17 21
