16 20
11 21
7 18
3 19
1 22
14 16
5 16
0 17
10 22
21 22
2 9
1 11
5 26
16 29
4 32
9 14
15 17
7 11
0 30
7 32
10 19
16 35
0 31
10 12
17 18
3 16
3 17
11 34
15 28
0 9
3 28
6 16
9 30
16 25
13 17
9 15
0 3
2 17
1 23
16 32
17 34
9 33
22 33
1 12
6 17
13 22
22 31
33 34
16 28
1 33
21 33
7 9
2 16
17 33
9 16
9 17
9 10
7 22
11 19
10 33
9 22
17 25
17 31
9 12
9 21
17 30
9 11
1 17
16 23
3 22
11 12
17 29
0 13
10 28
11 30
11 16
11 17
17 19
16 21
11 31
4 16
11 22
2 11
1 9
22 34
3 30
1 16
0 33
12 16
14 22
30 34
31 34
21 30
17 26
13 18
15 16
10 30
19 21
1 34
19 31
3 34
10 11
3 9
16 17
0 16
22 23
16 31
10 16
21 34
1 28
4 29
16 22
18 20
11 15
9 19
16 33
10 34
21 31
6 34
9 34
16 30
22 30
6 9
30 33
17 22
0 22
17 28
7 16
1 10
17 23
3 12
12 22
1 3
12 23
16 26
12 17
13 30
22 28
0 11
11 29
12 30
3 11
0 1
11 33
5 35
6 22
16 34
3 33
17 21
