30 31
3 11
17 23
1 3
1 22
16 35
5 16
0 17
10 22
1 7
2 21
1 11
17 29
4 17
14 16
22 26
7 17
2 25
0 34
3 7
0 28
9 18
9 10
21 22
14 17
3 16
3 17
11 34
6 17
0 9
0 14
16 25
9 30
15 19
19 22
9 19
3 10
22 29
6 30
16 32
17 34
7 33
22 33
1 34
11 29
11 18
22 31
33 34
16 28
1 30
1 33
9 13
2 16
17 33
9 16
9 17
9 15
3 23
13 17
10 17
9 22
12 30
17 31
0 10
1 13
17 30
9 11
1 17
6 16
3 22
11 12
17 20
16 18
13 16
30 34
11 16
11 17
10 33
16 21
11 31
16 23
11 22
10 30
1 9
22 34
3 30
1 16
29 31
12 16
12 21
21 33
6 20
16 19
30 33
19 28
15 16
1 19
12 31
4 21
19 31
23 26
1 10
3 9
16 17
0 16
22 23
16 31
10 16
11 21
9 21
11 28
16 22
18 34
10 11
9 28
16 33
10 34
0 13
3 34
9 34
16 30
22 30
6 22
11 30
17 22
0 22
17 28
7 16
5 11
4 33
0 12
12 22
21 34
9 12
16 26
12 17
7 9
22 28
0 11
15 17
3 12
11 35
15 32
11 33
5 32
2 9
16 34
3 33
17 21
