3 10
16 31
9 13
0 5
16 18
7 12
22 33
16 35
15 34
9 31
7 17
1 16
22 31
11 14
11 30
17 26
16 20
3 21
10 11
10 23
1 9
12 17
5 30
22 30
2 16
3 16
3 17
13 17
3 34
7 16
17 31
3 22
16 26
17 28
0 9
14 22
1 34
11 12
10 34
2 29
9 10
9 21
3 31
14 23
11 18
1 33
2 32
21 22
6 12
9 32
19 35
16 19
17 21
4 17
9 16
9 17
3 26
9 30
9 28
1 28
9 22
17 19
1 12
5 7
3 9
17 30
9 11
1 17
10 17
10 16
16 23
13 19
1 3
18 33
15 16
11 16
11 17
1 21
6 11
4 9
0 16
11 22
10 31
22 34
11 34
11 15
21 34
16 28
11 31
30 34
16 32
9 12
19 22
0 34
9 33
16 21
12 21
0 1
0 22
10 15
11 28
16 25
3 30
16 17
2 17
4 6
1 30
16 30
0 21
10 22
17 18
16 22
17 33
22 28
7 22
16 33
16 34
20 22
12 15
1 11
13 16
9 34
1 22
11 13
17 22
0 33
0 17
9 19
16 29
17 34
0 11
12 28
6 16
0 30
33 34
31 33
22 29
11 21
30 33
22 23
6 17
10 33
7 30
17 29
23 25
12 16
19 30
3 11
3 33
