1 14
2 4
22 28
30 33
15 16
12 34
22 33
7 17
3 30
12 22
13 22
1 16
17 19
23 28
2 22
5 16
16 26
9 29
10 11
21 22
0 19
12 17
17 18
22 25
7 16
3 16
3 17
7 32
30 34
0 16
11 14
3 22
3 31
3 34
7 11
6 11
13 16
0 12
6 9
3 20
21 34
15 26
9 20
12 33
15 17
3 33
16 23
3 10
16 18
1 11
10 30
16 19
17 21
15 29
9 16
9 17
7 31
9 28
13 17
19 33
9 22
15 30
6 16
16 25
1 3
17 30
9 11
1 17
10 17
10 16
1 10
16 21
9 21
10 34
22 23
11 16
11 17
11 19
9 12
10 21
0 9
11 22
5 22
22 34
11 34
19 34
32 34
9 10
11 31
5 13
16 31
0 1
11 21
12 16
9 33
11 12
17 29
4 16
0 22
26 30
11 33
1 13
9 30
16 17
14 22
11 30
17 31
16 30
10 22
16 35
0 28
16 22
17 33
2 35
2 16
16 33
16 34
22 30
11 32
6 17
16 28
9 34
1 22
3 9
17 22
7 18
0 17
12 21
17 23
17 34
0 11
11 23
0 3
1 21
10 31
0 33
12 18
28 33
1 30
4 17
9 19
17 28
6 30
9 31
1 9
16 29
1 34
3 21
31 33
