0 27
0 6
0 47
0 41
0 40
0 12
0 44
0 32
0 34
0 39
0 3
0 14
0 4
0 19
1 32
11 35
2 21
3 6
2 32
27 36
2 17
37 44
3 49
37 39
3 4
4 27
4 47
4 44
4 34
4 37
4 39
4 14
4 19
5 21
10 48
5 32
6 49
12 44
34 47
2 44
6 17
34 40
6 14
44 45
31 34
6 32
3 7
7 21
22 39
7 32
7 44
7 17
5 25
8 48
8 32
9 50
10 49
10 32
11 44
11 32
1 16
6 47
14 40
12 45
27 47
12 32
14 47
13 32
20 38
6 12
14 44
14 32
12 39
14 19
15 16
16 32
17 29
17 31
17 32
34 51
18 32
2 6
19 47
13 23
20 32
21 46
21 22
21 29
21 33
21 32
21 34
33 36
22 32
22 36
23 32
8 25
25 32
26 32
22 26
29 34
27 39
27 44
27 32
27 34
34 37
39 44
28 51
28 32
12 29
29 51
29 45
29 32
27 29
30 40
31 32
6 41
32 46
32 47
32 48
32 49
32 51
32 50
32 41
32 40
32 45
32 44
32 34
32 35
32 36
32 38
32 42
12 27
34 46
49 51
19 27
7 46
7 27
40 41
6 40
6 31
37 46
36 51
