0 27
0 6
0 47
0 41
0 40
0 12
0 44
0 32
0 34
0 39
0 3
0 14
0 4
0 19
1 32
16 35
2 21
27 36
2 32
27 37
17 49
2 34
3 46
7 46
3 4
4 27
4 47
4 44
4 34
4 37
4 39
4 14
4 19
5 21
8 48
5 32
3 34
14 27
34 47
37 44
6 17
6 39
29 44
6 31
34 41
6 32
22 39
7 21
37 39
7 32
34 39
7 17
8 25
10 48
8 32
9 50
10 49
10 32
11 44
11 32
1 11
6 47
12 40
12 45
14 34
12 32
12 29
13 32
13 23
6 12
12 44
14 32
14 39
14 19
15 16
16 32
17 29
17 31
17 32
34 51
18 32
6 19
19 47
20 38
20 32
21 46
21 22
21 29
21 33
21 32
21 34
26 36
22 32
22 49
23 32
5 25
25 32
26 32
22 33
6 29
40 44
27 44
27 32
27 34
2 44
7 27
28 51
28 32
14 47
29 51
29 45
29 32
12 27
30 40
31 32
31 44
32 46
32 47
32 48
32 49
32 51
32 50
32 41
32 40
32 45
32 44
32 34
32 35
32 36
32 38
32 42
27 47
6 46
2 51
6 49
3 7
7 44
40 41
27 40
6 45
36 37
36 51
