0 27
0 6
0 47
0 41
0 40
0 12
0 44
0 32
0 34
0 39
0 3
0 14
0 4
0 19
1 32
1 11
2 21
19 27
2 32
6 46
36 51
3 34
3 36
37 39
3 4
4 27
4 47
4 44
4 34
4 37
4 39
4 14
4 19
5 21
25 48
5 32
44 49
14 34
27 29
6 37
17 34
39 44
14 44
31 34
6 45
6 32
3 39
7 21
7 22
7 32
27 39
7 17
8 48
8 25
8 32
9 50
10 49
10 32
11 44
11 32
16 35
27 47
14 40
12 45
6 12
12 32
12 29
13 32
20 38
12 27
6 47
14 32
12 39
14 19
15 16
16 32
17 29
17 31
17 32
6 51
18 32
34 36
19 47
13 23
20 32
21 46
21 22
21 29
21 33
21 32
21 34
22 26
22 32
37 49
23 32
5 10
25 32
26 32
33 36
12 44
7 34
27 44
27 32
27 34
2 27
27 40
28 51
28 32
14 47
29 51
29 45
29 32
6 29
30 40
31 32
31 44
32 46
32 47
32 48
32 49
32 51
32 50
32 41
32 40
32 45
32 44
32 34
32 35
32 36
32 38
32 42
34 47
2 6
2 17
37 44
7 46
40 44
40 41
6 7
6 41
22 46
49 51
