0 27
0 6
0 47
0 41
0 40
0 12
0 44
0 32
0 34
0 39
0 3
0 14
0 4
0 19
1 32
1 11
2 21
3 6
2 32
27 36
17 49
44 49
36 49
3 7
3 4
4 27
4 47
4 44
4 34
4 37
4 39
4 14
4 19
5 21
8 48
5 32
2 27
6 14
6 29
2 34
6 51
7 44
6 12
34 45
31 44
6 32
7 22
7 21
37 39
7 32
27 40
7 17
8 25
25 48
8 32
9 50
10 49
10 32
11 44
11 32
16 35
12 27
14 39
12 45
27 29
12 32
14 29
13 32
20 23
44 47
12 44
14 32
12 40
14 19
15 16
16 32
17 29
17 31
17 32
17 34
18 32
37 44
19 47
13 38
20 32
21 46
21 22
21 29
21 33
21 32
21 34
33 36
22 32
37 46
23 32
5 10
25 32
26 32
22 26
34 47
6 39
27 44
27 32
27 34
6 46
7 27
28 51
28 32
12 47
29 51
29 45
29 32
27 47
30 40
31 32
6 41
32 46
32 47
32 48
32 49
32 51
32 50
32 41
32 40
32 45
32 44
32 34
32 35
32 36
32 38
32 42
14 34
19 34
2 51
6 37
39 46
40 44
40 41
34 39
6 31
3 22
36 51
