0 27
0 6
0 47
0 41
0 40
0 12
0 44
0 32
0 34
0 39
0 3
0 14
0 4
0 19
1 32
11 35
2 21
27 36
2 32
6 37
17 36
6 19
37 49
37 39
3 4
4 27
4 47
4 44
4 34
4 37
4 39
4 14
4 19
5 21
8 10
5 32
27 49
6 14
29 44
2 44
17 34
40 44
6 12
31 44
6 45
6 32
7 46
7 21
3 39
7 32
27 39
7 17
25 48
8 25
8 32
9 50
10 49
10 32
11 44
11 32
1 16
12 27
14 39
12 45
27 29
12 32
12 47
13 32
20 23
44 47
12 34
14 32
12 40
14 19
15 16
16 32
17 29
17 31
17 32
6 51
18 32
3 34
19 47
13 38
20 32
21 46
21 22
21 29
21 33
21 32
21 34
26 36
22 32
22 46
23 32
5 48
25 32
26 32
22 33
6 47
34 39
27 44
27 32
27 34
2 6
7 44
28 51
28 32
14 29
29 51
29 45
29 32
27 47
30 40
31 32
6 31
32 46
32 47
32 48
32 49
32 51
32 50
32 41
32 40
32 45
32 44
32 34
32 35
32 36
32 38
32 42
14 34
34 46
49 51
37 44
7 22
27 40
40 41
6 7
34 41
3 36
2 51
