0 27
0 6
0 47
0 41
0 40
0 12
0 44
0 32
0 34
0 39
0 3
0 14
0 4
0 19
1 32
1 16
2 21
2 6
2 32
27 36
2 51
37 44
36 46
39 46
3 4
4 27
4 47
4 44
4 34
4 37
4 39
4 14
4 19
5 21
5 8
5 32
6 46
6 14
12 34
34 37
6 51
6 39
44 47
6 41
31 34
6 32
22 39
7 21
3 7
7 32
7 27
7 17
25 48
10 25
8 32
9 50
10 49
10 32
11 44
11 32
11 35
34 47
12 39
12 45
12 44
12 32
12 29
13 32
13 38
27 29
6 29
14 32
14 40
14 19
15 16
16 32
17 29
17 31
17 32
17 34
18 32
2 44
19 47
20 23
20 32
21 46
21 22
21 29
21 33
21 32
21 34
26 36
22 32
3 49
23 32
8 48
25 32
26 32
22 33
14 27
34 40
27 44
27 32
27 34
3 34
40 44
28 51
28 32
14 47
29 51
29 45
29 32
6 12
30 40
31 32
6 45
32 46
32 47
32 48
32 49
32 51
32 50
32 41
32 40
32 45
32 44
32 34
32 35
32 36
32 38
32 42
27 47
6 19
17 36
27 49
7 37
7 44
40 41
27 39
31 44
22 37
49 51
