0 27
0 6
0 47
0 41
0 40
0 12
0 44
0 32
0 34
0 39
0 3
0 14
0 4
0 19
1 32
11 35
2 21
2 44
2 32
44 49
2 51
6 46
22 46
22 39
3 4
4 27
4 47
4 44
4 34
4 37
4 39
4 14
4 19
5 21
5 8
5 32
6 36
14 44
12 44
3 6
34 51
27 40
27 47
44 45
6 31
6 32
7 37
7 21
3 39
7 32
7 27
7 17
25 48
8 25
8 32
9 50
10 49
10 32
11 44
11 32
1 16
6 47
14 39
12 45
12 27
12 32
14 29
13 32
13 38
6 12
6 14
14 32
12 40
14 19
15 16
16 32
17 29
17 31
17 32
6 17
18 32
19 27
19 47
20 23
20 32
21 46
21 22
21 29
21 33
21 32
21 34
33 36
22 32
3 37
23 32
10 48
25 32
26 32
22 26
29 34
6 7
27 44
27 32
27 34
2 34
40 44
28 51
28 32
12 47
29 51
29 45
29 32
27 29
30 40
31 32
6 41
32 46
32 47
32 48
32 49
32 51
32 50
32 41
32 40
32 45
32 44
32 34
32 35
32 36
32 38
32 42
34 47
27 37
36 51
34 37
7 46
39 44
40 41
34 39
31 34
36 49
17 49
